time(100ns),time_stamp(ms),object1.x,object1.y,object1.z,object2.x,object2.y,object2.z,object3.x,object3.y,object3.z,
638520715610699154,232931,-34.63966,-7.120099,20,-34.54599,32.96899,20,19.64246,-20.08141,20,
638520715610781321,232939,-34.55949,-7.103621,19.95371,-34.46604,32.89268,19.95371,19.597,-20.03494,19.95371,
638520715610871328,232948,-34.51846,-7.095189,19.93003,-34.42513,32.85364,19.93003,19.57374,-20.01116,19.93003,
638520715610961330,232958,-34.4744,-7.086132,19.90459,-34.38119,32.81171,19.90459,19.54875,-19.98561,19.90459,
638520715611081332,232969,-34.42272,-7.075509,19.87475,-34.32964,32.76252,19.87475,19.51945,-19.95565,19.87475,
638520715611191331,232980,-34.3646,-7.063564,19.84119,-34.27169,32.70721,19.84119,19.48649,-19.92196,19.84119,
638520715611301320,232991,-34.30537,-7.051389,19.807,-34.21262,32.65083,19.807,19.45291,-19.88762,19.807,
638520715611411318,233002,-34.25015,-7.040038,19.77511,-34.15755,32.59827,19.77511,19.42159,-19.85561,19.77511,
638520715611522195,233013,-34.19105,-7.02789,19.74099,-34.09861,32.54203,19.74099,19.38808,-19.82135,19.74099,
638520715611629109,233024,-34.13365,-7.016091,19.70785,-34.04136,32.48739,19.70785,19.35553,-19.78807,19.70785,
638520715611749106,233036,-34.07647,-7.004338,19.67483,-33.98434,32.43297,19.67483,19.32311,-19.75492,19.67483,
638520715611859111,233047,-34.01736,-6.992188,19.64071,-33.92539,32.37671,19.64071,19.28959,-19.72066,19.64071,
638520715611969101,233057,-33.96021,-6.980441,19.60771,-33.86839,32.32232,19.60771,19.25718,-19.68752,19.60771,
638520715612079104,233069,-33.9038,-6.968846,19.57514,-33.81213,32.26862,19.57514,19.22519,-19.65482,19.57514,
638520715612189108,233080,-33.84556,-6.956876,19.54151,-33.75406,32.2132,19.54151,19.19217,-19.62106,19.54151,
638520715612299102,233091,-33.78785,-6.945014,19.50819,-33.6965,32.15827,19.50819,19.15945,-19.5876,19.50819,
638520715612409101,233102,-33.72954,-6.933027,19.47452,-33.63834,32.10277,19.47452,19.12638,-19.5538,19.47452,
638520715612529106,233114,-33.67157,-6.921111,19.44105,-33.58053,32.04759,19.44105,19.09351,-19.52019,19.44105,
638520715612634945,233124,-33.61224,-6.908917,19.4068,-33.52137,31.99113,19.4068,19.05987,-19.4858,19.4068,
638520715612744858,233135,-33.55627,-6.897412,19.37448,-33.46555,31.93786,19.37448,19.02813,-19.45335,19.37448,
638520715612859992,233147,-33.49833,-6.885502,19.34103,-33.40776,31.88271,19.34103,18.99527,-19.41976,19.34103,
638520715612969994,233158,-33.44118,-6.873756,19.30803,-33.35078,31.82832,19.30803,18.96287,-19.38663,19.30803,
638520715613079988,233169,-33.38358,-6.861915,19.27477,-33.29332,31.77349,19.27477,18.9302,-19.35324,19.27477,
638520715613189982,233180,-33.32608,-6.850096,19.24157,-33.23598,31.71876,19.24157,18.89759,-19.3199,19.24157,
638520715613299987,233191,-33.26786,-6.83813,19.20796,-33.17792,31.66335,19.20796,18.86458,-19.28615,19.20796,
638520715613409991,233202,-33.21111,-6.826464,19.17519,-33.12132,31.60933,19.17519,18.8324,-19.25325,19.17519,
638520715613517476,233213,-33.15223,-6.814361,19.1412,-33.0626,31.55329,19.1412,18.79901,-19.21912,19.1412,
638520715613627130,233224,-33.09521,-6.802642,19.10828,-33.00574,31.49903,19.10828,18.76668,-19.18606,19.10828,
638520715613747128,233235,-33.03761,-6.790803,19.07502,-32.9483,31.44421,19.07502,18.73402,-19.15267,19.07502,
638520715613855240,233246,-32.97929,-6.778814,19.04135,-32.89013,31.3887,19.04135,18.70095,-19.11886,19.04135,
638520715613965250,233258,-32.92184,-6.767006,19.00818,-32.83284,31.33402,19.00818,18.66837,-19.08556,19.00818,
638520715614075239,233269,-32.86345,-6.755004,18.97447,-32.7746,31.27844,18.97447,18.63526,-19.05171,18.97447,
638520715614185251,233280,-32.80584,-6.743163,18.94121,-32.71716,31.22361,18.94121,18.60259,-19.01831,18.94121,
638520715614305263,233292,-32.74803,-6.73128,18.90783,-32.6595,31.16859,18.90783,18.56981,-18.9848,18.90783,
638520715614415244,233303,-32.68873,-6.719091,18.87359,-32.60036,31.11215,18.87359,18.53618,-18.95042,18.87359,
638520715614531753,233314,-32.63029,-6.707078,18.83985,-32.54208,31.05652,18.83985,18.50304,-18.91654,18.83985,
638520715614638378,233325,-32.57244,-6.695188,18.80645,-32.48438,31.00147,18.80645,18.47024,-18.883,18.80645,
638520715614754630,233336,-32.51227,-6.68282,18.77171,-32.42438,30.9442,18.77171,18.43612,-18.84812,18.77171,
638520715614864448,233348,-32.45502,-6.671052,18.73865,-32.36728,30.88971,18.73865,18.40366,-18.81493,18.73865,
638520715614974450,233359,-32.39565,-6.658848,18.70437,-32.30807,30.8332,18.70437,18.36999,-18.78051,18.70437,
638520715615094447,233371,-32.33849,-6.6471,18.67137,-32.25107,30.7788,18.67137,18.33758,-18.74738,18.67137,
638520715615204442,233381,-32.27731,-6.634524,18.63605,-32.19005,30.72057,18.63605,18.30289,-18.71191,18.63605,
638520715615314440,233392,-32.22056,-6.62286,18.60328,-32.13346,30.66656,18.60328,18.27071,-18.67901,18.60328,
638520715615431821,233404,-32.1633,-6.611091,18.57022,-32.07635,30.61206,18.57022,18.23824,-18.64582,18.57022,
638520715615547272,233416,-32.10292,-6.59868,18.53536,-32.01614,30.5546,18.53536,18.204,-18.61082,18.53536,
638520715615657264,233427,-32.04313,-6.58639,18.50084,-31.95651,30.49769,18.50084,18.1701,-18.57615,18.50084,
638520715615763084,233438,-31.98561,-6.574566,18.46763,-31.89914,30.44294,18.46763,18.13748,-18.5428,18.46763,
638520715615873006,233449,-31.92875,-6.56288,18.4348,-31.84244,30.38883,18.4348,18.10524,-18.50985,18.4348,
638520715615992997,233460,-31.87043,-6.550892,18.40113,-31.78428,30.33332,18.40113,18.07217,-18.47603,18.40113,
638520715616102998,233471,-31.81264,-6.539012,18.36776,-31.72664,30.27831,18.36776,18.03939,-18.44253,18.36776,
638520715616212999,233482,-31.755,-6.527165,18.33448,-31.66916,30.22346,18.33448,18.00671,-18.40912,18.33448,
638520715616323001,233493,-31.69772,-6.515391,18.30141,-31.61203,30.16894,18.30141,17.97423,-18.37591,18.30141,
638520715616433026,233504,-31.64019,-6.503567,18.26819,-31.55466,30.11419,18.26819,17.94161,-18.34256,18.26819,
638520715616552817,233516,-31.5812,-6.491442,18.23413,-31.49583,30.05804,18.23413,17.90816,-18.30836,18.23413,
638520715616662815,233527,-31.52192,-6.479257,18.19991,-31.43671,30.00163,18.19991,17.87455,-18.274,18.19991,
638520715616772826,233538,-31.46493,-6.467543,18.167,-31.37988,29.94738,18.167,17.84223,-18.24096,18.167,
638520715616882807,233549,-31.40701,-6.455637,18.13356,-31.32211,29.89225,18.13356,17.80939,-18.20738,18.13356,
638520715616992808,233560,-31.35041,-6.444004,18.10088,-31.26567,29.83839,18.10088,17.77729,-18.17457,18.10088,
638520715617102810,233571,-31.29314,-6.432232,18.06782,-31.20856,29.78388,18.06782,17.74482,-18.14137,18.06782,
638520715617212806,233582,-31.23617,-6.420521,18.03492,-31.15173,29.72965,18.03492,17.71251,-18.10834,18.03492,
638520715617322808,233593,-31.17825,-6.408617,18.00148,-31.09398,29.67453,18.00148,17.67967,-18.07477,18.00148,
638520715617428927,233604,-31.12181,-6.397015,17.96889,-31.03768,29.62081,17.96889,17.64766,-18.04204,17.96889,
638520715617538742,233615,-31.06251,-6.384827,17.93466,-30.97855,29.56438,17.93466,17.61404,-18.00767,17.93466,
638520715617658743,233627,-31.00463,-6.372931,17.90124,-30.92083,29.50929,17.90124,17.58122,-17.97412,17.90124,
638520715617764432,233638,-30.94569,-6.360814,17.86721,-30.86204,29.45319,17.86721,17.54779,-17.93994,17.86721,
638520715617874333,233649,-30.88991,-6.349349,17.835,-30.80641,29.4001,17.835,17.51616,-17.90761,17.835,
638520715617994319,233660,-30.83123,-6.337288,17.80113,-30.74789,29.34426,17.80113,17.48289,-17.87359,17.80113,
638520715618104321,233671,-30.77283,-6.325284,17.76741,-30.68965,29.28867,17.76741,17.44977,-17.83974,17.76741,
638520715618208186,233682,-30.71573,-6.313547,17.73444,-30.6327,29.23432,17.73444,17.41739,-17.80663,17.73444,
638520715618314438,233693,-30.65914,-6.301914,17.70176,-30.57626,29.18046,17.70176,17.3853,-17.77382,17.70176,
638520715618430973,233704,-30.60193,-6.290154,17.66873,-30.51921,29.12601,17.66873,17.35286,-17.74066,17.66873,
638520715618550840,233716,-30.54343,-6.278131,17.63495,-30.46087,29.07033,17.63495,17.31969,-17.70675,17.63495,
638520715618650842,233726,-30.48425,-6.265966,17.60078,-30.40185,29.01401,17.60078,17.28613,-17.67244,17.60078,
638520715618766349,233738,-30.42951,-6.254714,17.56918,-30.34725,28.9619,17.56918,17.25509,-17.6407,17.56918,
638520715618876256,233748,-30.3701,-6.242504,17.53488,-30.28801,28.90536,17.53488,17.22141,-17.60626,17.53488,
638520715618986258,233759,-30.31344,-6.230857,17.50216,-30.2315,28.85143,17.50216,17.18927,-17.57342,17.50216,
638520715619096267,233771,-30.25601,-6.219052,17.469,-30.17422,28.79677,17.469,17.15671,-17.54012,17.469,
638520715619206269,233782,-30.19701,-6.206925,17.43494,-30.11538,28.74062,17.43494,17.12325,-17.50592,17.43494,
638520715619316257,233793,-30.1391,-6.195021,17.4015,-30.05762,28.6855,17.4015,17.09041,-17.47234,17.4015,
638520715619436737,233804,-30.08201,-6.183286,17.36854,-30.00069,28.63116,17.36854,17.05804,-17.43925,17.36854,
638520715619546551,233815,-30.02302,-6.171162,17.33448,-29.94186,28.57502,17.33448,17.02459,-17.40505,17.33448,
638520715619646551,233826,-29.96623,-6.159487,17.30169,-29.88522,28.52096,17.30169,16.99238,-17.37213,17.30169,
638520715619766659,233837,-29.91,-6.14793,17.26923,-29.82915,28.46745,17.26923,16.9605,-17.33953,17.26923,
638520715619876650,233849,-29.85143,-6.135892,17.23541,-29.77074,28.41171,17.23541,16.92729,-17.30558,17.23541,
638520715619986653,233859,-29.7908,-6.123428,17.2004,-29.71026,28.35399,17.2004,16.89291,-17.27043,17.2004,
638520715620096661,233871,-29.73648,-6.112263,17.16904,-29.65609,28.30229,17.16904,16.8621,-17.23894,17.16904,
638520715620206655,233882,-29.67788,-6.100218,17.13521,-29.59765,28.24652,17.13521,16.82888,-17.20497,17.13521,
638520715620316651,233893,-29.62057,-6.088438,17.10212,-29.5405,28.19197,17.10212,16.79638,-17.17174,17.10212,
638520715620433404,233904,-29.56184,-6.076366,17.0682,-29.48192,28.13608,17.0682,16.76307,-17.1377,17.0682,
638520715620543313,233915,-29.50496,-6.064675,17.03537,-29.4252,28.08194,17.03537,16.73082,-17.10472,17.03537,
638520715620653317,233926,-29.44668,-6.052696,17.00172,-29.36708,28.02648,17.00172,16.69777,-17.07094,17.00172,
638520715620763321,233938,-29.38906,-6.040852,16.96845,-29.30961,27.97163,16.96845,16.6651,-17.03753,16.96845,
638520715620873318,233948,-29.33125,-6.028969,16.93507,-29.25196,27.91661,16.93507,16.63232,-17.00402,16.93507,
638520715620983311,233959,-29.27467,-6.017339,16.9024,-29.19553,27.86276,16.9024,16.60023,-16.97121,16.9024,
638520715621103314,233971,-29.21728,-6.005543,16.86926,-29.1383,27.80814,16.86926,16.56769,-16.93794,16.86926,
638520715621203311,233982,-29.15664,-5.993078,16.83425,-29.07782,27.75042,16.83425,16.5333,-16.90279,16.83425,
638520715621323311,233993,-29.10079,-5.981599,16.80201,-29.02212,27.69727,16.80201,16.50163,-16.87041,16.80201,
638520715621435034,234004,-29.04318,-5.969757,16.76874,-28.96466,27.64243,16.76874,16.46897,-16.83701,16.76874,
638520715621544975,234015,-28.98457,-5.957709,16.7349,-28.90621,27.58665,16.7349,16.43573,-16.80303,16.7349,
638520715621654966,234026,-28.92711,-5.945899,16.70173,-28.84891,27.53196,16.70173,16.40315,-16.76972,16.70173,
638520715621759235,234037,-28.87039,-5.934239,16.66898,-28.79234,27.47797,16.66898,16.37098,-16.73684,16.66898,
638520715621879238,234049,-28.81235,-5.92231,16.63547,-28.73446,27.42274,16.63547,16.33807,-16.7032,16.63547,
638520715621989231,234060,-28.75379,-5.910273,16.60166,-28.67606,27.367,16.60166,16.30486,-16.66924,16.60166,
638520715622099237,234071,-28.69629,-5.898456,16.56846,-28.61872,27.31228,16.56846,16.27226,-16.63591,16.56846,
638520715622209238,234082,-28.63949,-5.886779,16.53566,-28.56206,27.25821,16.53566,16.24005,-16.60298,16.53566,
638520715622319236,234093,-28.58184,-5.874929,16.50238,-28.50457,27.20334,16.50238,16.20736,-16.56956,16.50238,
638520715622428345,234104,-28.52321,-5.862877,16.46852,-28.4461,27.14754,16.46852,16.17411,-16.53557,16.46852,
638520715622548227,234115,-28.46453,-5.850816,16.43464,-28.38758,27.09169,16.43464,16.14084,-16.50155,16.43464,
638520715622648245,234126,-28.40667,-5.838923,16.40124,-28.32987,27.03662,16.40124,16.10803,-16.46801,16.40124,
638520715622758542,234137,-28.35175,-5.827634,16.36953,-28.2751,26.98434,16.36953,16.07689,-16.43617,16.36953,
638520715622878533,234149,-28.29255,-5.815468,16.33535,-28.21607,26.92801,16.33535,16.04332,-16.40186,16.33535,
638520715622988535,234160,-28.2344,-5.803515,16.30177,-28.15808,26.87266,16.30177,16.01035,-16.36814,16.30177,
638520715623098538,234171,-28.1774,-5.791797,16.26886,-28.10122,26.8184,16.26886,15.97802,-16.3351,16.26886,
638520715623208523,234182,-28.11953,-5.779902,16.23545,-28.04351,26.76332,16.23545,15.9452,-16.30155,16.23545,
638520715623318534,234193,-28.05991,-5.767648,16.20103,-27.98406,26.70658,16.20103,15.9114,-16.26699,16.20103,
638520715623427828,234204,-28.00423,-5.756203,16.16888,-27.92852,26.65359,16.16888,15.87982,-16.23471,16.16888,
638520715623537660,234215,-27.947,-5.744439,16.13583,-27.87145,26.59912,16.13583,15.84737,-16.20153,16.13583,
638520715623647672,234226,-27.88888,-5.732492,16.10227,-27.81348,26.5438,16.10227,15.81441,-16.16784,16.10227,
638520715623767665,234237,-27.83186,-5.720773,16.06936,-27.75662,26.48953,16.06936,15.78208,-16.13478,16.06936,
638520715623877669,234249,-27.77282,-5.708638,16.03527,-27.69774,26.43334,16.03527,15.74861,-16.10056,16.03527,
638520715623987774,234259,-27.71497,-5.696747,16.00187,-27.64005,26.37828,16.00187,15.7158,-16.06702,16.00187,
638520715624097767,234271,-27.65814,-5.685065,15.96905,-27.58337,26.32419,15.96905,15.68357,-16.03407,15.96905,
638520715624207759,234282,-27.59956,-5.673024,15.93523,-27.52495,26.26843,15.93523,15.65036,-16.00011,15.93523,
638520715624327768,234293,-27.54116,-5.66102,15.90151,-27.46671,26.21285,15.90151,15.61724,-15.96626,15.90151,
638520715624429449,234304,-27.48193,-5.648845,15.86731,-27.40763,26.15648,15.86731,15.58365,-15.93192,15.86731,
638520715624548928,234316,-27.42598,-5.637345,15.83501,-27.35184,26.10323,15.83501,15.55193,-15.89949,15.83501,
638520715624648932,234326,-27.36627,-5.625072,15.80054,-27.29229,26.0464,15.80054,15.51807,-15.86487,15.80054,
638520715624768927,234338,-27.31251,-5.614022,15.7695,-27.23868,25.99523,15.7695,15.48759,-15.83371,15.7695,
638520715624868940,234348,-27.25214,-5.601613,15.73464,-27.17847,25.93777,15.73464,15.45335,-15.79871,15.73464,
638520715624978926,234359,-27.19597,-5.590068,15.70221,-27.12245,25.88431,15.70221,15.4215,-15.76615,15.70221,
638520715625098929,234371,-27.13925,-5.578409,15.66946,-27.06589,25.83033,15.66946,15.38934,-15.73326,15.66946,
638520715625208922,234382,-27.08106,-5.566447,15.63586,-27.00785,25.77494,15.63586,15.35634,-15.69953,15.63586,
638520715625318925,234393,-27.02248,-5.554407,15.60204,-26.94943,25.71919,15.60204,15.32312,-15.66557,15.60204,
638520715625428414,234404,-26.96628,-5.542855,15.56959,-26.89338,25.6657,15.56959,15.29125,-15.63299,15.56959,
638520715625538242,234415,-26.90729,-5.530729,15.53553,-26.83455,25.60955,15.53553,15.2578,-15.59879,15.53553,
638520715625648232,234426,-26.84942,-5.518835,15.50212,-26.77684,25.55448,15.50212,15.22499,-15.56524,15.50212,
638520715625758241,234437,-26.79378,-5.507398,15.47,-26.72135,25.50152,15.47,15.19344,-15.53299,15.47,
638520715625878242,234448,-26.73433,-5.495178,15.43567,-26.66206,25.44494,15.43567,15.15973,-15.49852,15.43567,
638520715625978243,234459,-26.67603,-5.483195,15.40201,-26.60392,25.38945,15.40201,15.12667,-15.46473,15.40201,
638520715626098249,234470,-26.61983,-5.471642,15.36956,-26.54787,25.33596,15.36956,15.0948,-15.43214,15.36956,
638520715626208261,234482,-26.56214,-5.459784,15.33625,-26.49033,25.28104,15.33625,15.06208,-15.3987,15.33625,
638520715626318243,234493,-26.50128,-5.447274,15.30111,-26.42963,25.22312,15.30111,15.02757,-15.36341,15.30111,
638520715626427580,234504,-26.44674,-5.436064,15.26962,-26.37524,25.17121,15.26962,14.99665,-15.3318,15.26962,
638520715626537522,234515,-26.38803,-5.423998,15.23573,-26.3167,25.11534,15.23573,14.96336,-15.29776,15.23573,
638520715626647510,234526,-26.32945,-5.411955,15.2019,-26.25827,25.05958,15.2019,14.93014,-15.2638,15.2019,
638520715626757519,234537,-26.27438,-5.400637,15.17011,-26.20335,25.00717,15.17011,14.89891,-15.23188,15.17011,
638520715626877506,234548,-26.21535,-5.388504,15.13603,-26.14449,24.95099,15.13603,14.86544,-15.19766,15.13603,
638520715626987515,234559,-26.15655,-5.376416,15.10207,-26.08584,24.89502,15.10207,14.83209,-15.16357,15.10207,
638520715627097512,234571,-26.09951,-5.364692,15.06914,-26.02895,24.84073,15.06914,14.79975,-15.1305,15.06914,
638520715627207510,234582,-26.0395,-5.352357,15.0345,-25.96911,24.78362,15.0345,14.76572,-15.09571,15.0345,
638520715627317506,234593,-25.9841,-5.340969,15.00251,-25.91385,24.73089,15.00251,14.73431,-15.06359,15.00251,
638520715627429689,234604,-25.92685,-5.329203,14.96946,-25.85676,24.6764,14.96946,14.70184,-15.03041,14.96946,
638520715627539487,234615,-25.86815,-5.317138,14.93557,-25.79822,24.62054,14.93557,14.66856,-14.99638,14.93557,
638520715627649477,234626,-25.81098,-5.305387,14.90256,-25.74121,24.56612,14.90256,14.63614,-14.96324,14.90256,
638520715627759496,234637,-25.75511,-5.293902,14.8703,-25.68549,24.51295,14.8703,14.60446,-14.93085,14.8703,
638520715627869494,234648,-25.69655,-5.281865,14.83649,-25.62708,24.45721,14.83649,14.57125,-14.8969,14.83649,
638520715627979481,234659,-25.63751,-5.26973,14.8024,-25.56821,24.40102,14.8024,9.035826,29.54222,20,
638520715628099489,234671,-25.58058,-5.258028,14.76953,-25.51143,24.34684,14.76953,9.020975,29.49367,19.96713,
638520715628209478,234682,-25.52262,-5.246115,14.73607,-25.45363,24.29167,14.73607,9.005857,29.44424,19.93367,
638520715628319477,234693,-25.46448,-5.234164,14.7025,-25.39565,24.23634,14.7025,8.99069,29.39466,19.9001,
638520715628430161,234704,-25.40489,-5.221914,14.66809,-25.33621,24.17961,14.66809,8.975144,29.34383,19.86569,
638520715628539964,234715,-25.3483,-5.210282,14.63542,-25.27977,24.12575,14.63542,8.960382,29.29557,19.83301,
638520715628649957,234726,-25.29068,-5.198439,14.60215,-25.22231,24.07091,14.60215,8.945353,29.24643,19.79975,
638520715628759968,234737,-25.2353,-5.187057,14.57018,-25.16709,24.01821,14.57018,8.930908,29.1992,19.76778,
638520715628869964,234748,-25.17674,-5.175018,14.53636,-25.10868,23.96247,14.53636,8.91563,29.14925,19.73396,
638520715628980065,234759,-25.1183,-5.163007,14.50262,-25.0504,23.90685,14.50262,8.900387,29.09941,19.70022,
638520715629090066,234770,-25.06043,-5.151112,14.46921,-24.99269,23.85177,14.46921,8.885291,29.05006,19.66681,
638520715629200054,234782,-25.00336,-5.139381,14.43626,-24.93577,23.79745,14.43626,8.870404,29.00139,19.63386,
638520715629310056,234792,-24.94553,-5.127495,14.40287,-24.8781,23.74241,14.40287,8.85532,28.95207,19.60047,
638520715629430065,234804,-24.88869,-5.115812,14.37005,-24.82141,23.68832,14.37005,8.840493,28.90359,19.56765,
638520715629540059,234815,-24.83069,-5.103889,14.33656,-24.76356,23.63311,14.33656,8.825362,28.85412,19.53416,
638520715629650055,234826,-24.77167,-5.091759,14.30249,-24.70471,23.57694,14.30249,8.809968,28.80379,19.50009,
638520715629760064,234837,-24.71412,-5.079928,14.26926,-24.64731,23.52216,14.26926,8.794953,28.75471,19.46685,
638520715629880076,234849,-24.65768,-5.068329,14.23667,-24.59103,23.46845,14.23667,8.780233,28.70658,19.43427,
638520715629980072,234859,-24.59609,-5.055667,14.20111,-24.5296,23.40982,14.20111,8.764166,28.65405,19.39871,
638520715630090075,234870,-24.5421,-5.04457,14.16994,-24.47575,23.35844,14.16994,8.750083,28.608,19.36754,
638520715630210059,234882,-24.48476,-5.032785,14.13684,-24.41858,23.30387,14.13684,8.735127,28.5591,19.33443,
638520715630320070,234893,-24.4256,-5.020624,14.10268,-24.35957,23.24756,14.10268,8.719694,28.50865,19.30027,
638520715630430058,234904,-24.36876,-5.008942,14.06986,-24.30289,23.19347,14.06986,8.704868,28.46017,19.26746,
638520715630540058,234915,-24.31107,-4.997083,14.03655,-24.24535,23.13856,14.03655,8.689819,28.41097,19.23415,
638520715630650056,234926,-24.25425,-4.985404,14.00375,-24.18869,23.08448,14.00375,8.674998,28.36252,19.20134,
638520715630760064,234937,-24.19573,-4.973376,13.96996,-24.13033,23.02878,13.96996,8.659733,28.31261,19.16755,
638520715630870054,234948,-24.13761,-4.961428,13.9364,-24.07236,22.97346,13.9364,8.64457,28.26304,19.134,
638520715630980051,234959,-24.07842,-4.949263,13.90223,-24.01333,22.91713,13.90223,8.629131,28.21256,19.09982,
638520715631090055,234970,-24.02353,-4.937979,13.87053,-23.95859,22.86488,13.87053,8.614812,28.16574,19.06813,
638520715631210061,234982,-23.96471,-4.925889,13.83657,-23.89993,22.8089,13.83657,8.599469,28.11558,19.03417,
638520715631310057,234992,-23.90595,-4.913812,13.80265,-23.84133,22.75298,13.80265,8.584144,28.06547,19.00025,
638520715631430069,235004,-23.8501,-4.90233,13.7704,-23.78562,22.69981,13.7704,8.569572,28.01783,18.96799,
638520715631539993,235015,-23.79103,-4.890189,13.73629,-23.72672,22.64359,13.73629,8.554164,27.96746,18.93389,
638520715631649989,235026,-23.73386,-4.878438,13.70328,-23.6697,22.58918,13.70328,8.53925,27.9187,18.90088,
638520715631760010,235037,-23.67609,-4.866564,13.66993,-23.61209,22.5342,13.66993,8.524182,27.86943,18.86753,
638520715631870003,235048,-23.61828,-4.854681,13.63655,-23.55444,22.47918,13.63655,8.509102,27.82013,18.83415,
638520715631979996,235059,-23.5611,-4.842927,13.60354,-23.49741,22.42475,13.60354,8.494186,27.77136,18.80114,
638520715632099999,235071,-23.5037,-4.831129,13.5704,-23.44017,22.37012,13.5704,8.479214,27.72241,18.768,
638520715632199995,235081,-23.44364,-4.818783,13.53572,-23.38027,22.31296,13.53572,8.463546,27.67119,18.73332,
638520715632309989,235092,-23.38844,-4.807437,13.50385,-23.32522,22.26042,13.50385,8.449147,27.62411,18.70145,
638520715632427683,235104,-23.33083,-4.795595,13.47058,-23.26776,22.20559,13.47058,8.434119,27.57498,18.66818,
638520715632537588,235115,-23.27273,-4.783653,13.43704,-23.20982,22.15029,13.43704,8.418964,27.52543,18.63464,
638520715632647591,235126,-23.21438,-4.771659,13.40335,-23.15163,22.09475,13.40335,8.403744,27.47567,18.60095,
638520715632757715,235137,-23.15767,-4.760003,13.37061,-23.09507,22.04078,13.37061,8.38895,27.4273,18.56821,
638520715632867658,235148,-23.09936,-4.748017,13.33694,-23.03692,21.98528,13.33694,8.37374,27.37757,18.53454,
638520715632977654,235159,-23.04036,-4.73589,13.30288,-22.97808,21.92912,13.30288,8.35835,27.32726,18.50047,
638520715633087650,235170,-22.98403,-4.724312,13.27035,-22.92191,21.87551,13.27035,8.343657,27.27922,18.46795,
638520715633197653,235181,-22.92589,-4.712362,13.23679,-22.86393,21.82018,13.23679,8.328491,27.22964,18.43439,
638520715633317661,235192,-22.86947,-4.700765,13.20421,-22.80766,21.76648,13.20421,8.313773,27.18151,18.40181,
638520715633427662,235203,-22.81094,-4.688735,13.17042,-22.74929,21.71078,13.17042,8.298507,27.1316,18.36802,
638520715633537666,235215,-22.75391,-4.677012,13.13749,-22.69241,21.6565,13.13749,8.28363,27.08297,18.33509,
638520715633647655,235226,-22.69386,-4.66467,13.10282,-22.63253,21.59935,13.10282,8.267967,27.03176,18.30042,
638520715633767766,235237,-22.63765,-4.653114,13.07036,-22.57646,21.54584,13.07036,8.253303,26.98381,18.26796,
638520715633867757,235248,-22.57701,-4.640652,13.03535,-22.51599,21.48813,13.03535,8.237487,26.9321,18.23295,
638520715633977871,235259,-22.52204,-4.629352,13.00361,-22.46116,21.43581,13.00361,8.223146,26.88522,18.20121,
638520715634087864,235270,-22.46483,-4.617593,12.97058,-22.40411,21.38136,12.97058,8.208224,26.83643,18.16818,
638520715634197864,235281,-22.40707,-4.60572,12.93723,-22.3465,21.32639,12.93723,8.193156,26.78716,18.13483,
638520715634307880,235292,-22.34883,-4.593749,12.90361,-22.28842,21.27096,12.90361,8.177964,26.7375,18.10121,
638520715634427869,235303,-22.29187,-4.582041,12.87072,-22.23162,21.21674,12.87072,8.163106,26.68892,18.06832,
638520715634537867,235315,-22.23383,-4.570112,12.83721,-22.17374,21.1615,12.83721,8.147967,26.63942,18.03481,
638520715634647864,235326,-22.17612,-4.55825,12.80389,-22.11619,21.10658,12.80389,8.132914,26.5902,18.00149,
638520715634761084,235337,-22.11754,-4.546209,12.77007,-22.05776,21.05082,12.77007,8.117633,26.54025,17.96767,
638520715634871018,235348,-22.05882,-4.534139,12.73617,-21.9992,20.99494,12.73617,8.102316,26.49017,17.93377,
638520715634981008,235359,-22.00276,-4.522614,12.70379,-21.94329,20.94157,12.70379,8.08769,26.44235,17.90139,
638520715635090999,235370,-21.94459,-4.510658,12.67021,-21.88528,20.88621,12.67021,8.072517,26.39274,17.86781,
638520715635201000,235381,-21.88752,-4.498928,12.63726,-21.82836,20.83189,12.63726,8.057631,26.34407,17.83486,
638520715635310998,235392,-21.82997,-4.4871,12.60403,-21.77097,20.77712,12.60403,8.04262,26.29499,17.80163,
638520715635421004,235404,-21.77315,-4.47542,12.57122,-21.7143,20.72304,12.57122,8.027798,26.24653,17.76883,
638520715635530996,235414,-21.71375,-4.463212,12.53693,-21.65507,20.66651,12.53693,8.012305,26.19588,17.73453,
638520715635640997,235426,-21.65696,-4.451538,12.50414,-21.59842,20.61245,12.50414,7.997489,26.14744,17.70174,
638520715635756196,235437,-21.59914,-4.439653,12.47076,-21.54076,20.55742,12.47076,7.982408,26.09813,17.66836,
638520715635866196,235448,-21.54132,-4.427769,12.43738,-21.4831,20.5024,12.43738,7.967326,26.04882,17.63498,
638520715635976192,235459,-21.48381,-4.415948,12.40417,-21.42575,20.44766,12.40417,7.952324,25.99977,17.60177,
638520715636086196,235470,-21.42603,-4.404071,12.37081,-21.36812,20.39266,12.37081,7.937252,25.95049,17.56841,
638520715636196195,235481,-21.36908,-4.392364,12.33792,-21.31132,20.33846,12.33792,7.922395,25.90192,17.53552,
638520715636306194,235492,-21.31156,-4.380542,12.30472,-21.25396,20.28372,12.30472,7.907392,25.85287,17.50232,
638520715636426196,235503,-21.25326,-4.368558,12.27106,-21.19582,20.22823,12.27106,7.892185,25.80315,17.46866,
638520715636538919,235515,-21.19551,-4.356688,12.23771,-21.13822,20.17326,12.23771,7.87712,25.75389,17.43531,
638520715636648929,235526,-21.13473,-4.344194,12.20262,-21.0776,20.11541,12.20262,7.861265,25.70205,17.40022,
638520715636755508,235537,-21.07824,-4.332583,12.17001,-21.02127,20.06165,12.17001,7.84653,25.65388,17.3676,
638520715636865449,235548,-21.02225,-4.321074,12.13768,-20.96543,20.00836,12.13768,7.831924,25.60613,17.33527,
638520715636975440,235559,-20.96332,-4.30896,12.10365,-20.90666,19.95227,12.10365,7.816552,25.55587,17.30125,
638520715637085432,235570,-20.90726,-4.297439,12.07129,-20.85075,19.89892,12.07129,7.80193,25.50806,17.26888,
638520715637195455,235581,-20.84884,-4.285429,12.03755,-20.79248,19.84331,12.03755,7.786689,25.45823,17.23515,
638520715637315436,235592,-20.79129,-4.273601,12.00433,-20.73509,19.78854,12.00433,7.771678,25.40916,17.20193,
638520715637425447,235603,-20.73298,-4.261615,11.97066,-20.67694,19.73304,11.97066,7.756468,25.35943,17.16826,
638520715637538515,235615,-20.67604,-4.24991,11.93778,-20.62015,19.67884,11.93778,7.741614,25.31087,17.13538,
638520715637638508,235625,-20.61727,-4.23783,11.90385,-20.56154,19.62291,11.90385,7.726284,25.26074,17.10145,
638520715637758520,235637,-20.56107,-4.226278,11.8714,-20.50549,19.56942,11.8714,7.711623,25.21281,17.069,
638520715637868517,235648,-20.50284,-4.214311,11.83779,-20.44743,19.514,11.83779,7.696436,25.16316,17.03538,
638520715637978513,235659,-20.44543,-4.202509,11.80464,-20.39017,19.45936,11.80464,7.68146,25.11419,17.00224,
638520715638088514,235670,-20.38796,-4.190696,11.77145,-20.33285,19.40466,11.77145,7.666468,25.06518,16.96905,
638520715638198521,235681,-20.3304,-4.178865,11.73822,-20.27545,19.34988,11.73822,7.651454,25.01609,16.93582,
638520715638308521,235692,-20.27169,-4.166797,11.70432,-20.2169,19.294,11.70432,7.636139,24.96602,16.90192,
638520715638418518,235703,-20.21375,-4.154887,11.67087,-20.15911,19.23885,11.67087,7.621024,24.9166,16.86847,
638520715638538514,235714,-20.15643,-4.143106,11.63778,-20.10195,19.1843,11.63778,7.606073,24.86772,16.83537,
638520715638638510,235725,-20.09833,-4.131163,11.60423,-20.044,19.129,11.60423,7.590918,24.81817,16.80183,
638520715638756081,235737,-20.04208,-4.1196,11.57175,-19.9879,19.07546,11.57175,7.576244,24.7702,16.76935,
638520715638866002,235748,-19.98256,-4.107367,11.53739,-19.92854,19.01881,11.53739,7.560719,24.71943,16.73498,
638520715638976116,235759,-19.92486,-4.095508,11.50408,-19.87101,18.9639,11.50408,7.545669,24.67023,16.70167,
638520715639086100,235770,-19.8675,-4.083716,11.47095,-19.8138,18.9093,11.47095,7.530705,24.62131,16.66855,
638520715639196111,235781,-19.80951,-4.071798,11.43748,-19.75597,18.85411,11.43748,7.51558,24.57186,16.63507,
638520715639316095,235793,-19.75181,-4.059937,11.40416,-19.69843,18.79919,11.40416,7.500528,24.52264,16.60176,
638520715639416098,235803,-19.69223,-4.047691,11.36976,-19.63901,18.74249,11.36976,7.484987,24.47183,16.56736,
638520715639536943,235814,-19.6374,-4.03642,11.3381,-19.58432,18.6903,11.3381,7.470684,24.42507,16.5357,
638520715639646947,235825,-19.57869,-4.024352,11.3042,-19.52577,18.63442,11.3042,7.455369,24.37499,16.5018,
638520715639755918,235837,-19.52169,-4.012637,11.2713,-19.46893,18.58017,11.2713,7.440501,24.32639,16.46889,
638520715639875840,235848,-19.46347,-4.00067,11.23768,-19.41087,18.52476,11.23768,7.425314,24.27673,16.43528,
638520715639975838,235859,-19.40366,-3.988377,11.20315,-19.35122,18.46783,11.20315,7.409713,24.22573,16.40075,
638520715640085835,235870,-19.348,-3.976936,11.17101,-19.29571,18.41486,11.17101,7.395195,24.17826,16.36861,
638520715640195841,235881,-19.29011,-3.965037,11.13759,-19.23798,18.35976,11.13759,7.380094,24.12889,16.33519,
638520715640315835,235892,-19.23284,-3.953265,11.10452,-19.18086,18.30526,11.10452,7.365155,24.08004,16.30212,
638520715640425843,235903,-19.17375,-3.94112,11.07041,-19.12193,18.24902,11.07041,7.349741,24.02965,16.26801,
638520715640529259,235914,-19.11667,-3.929387,11.03745,-19.06501,18.19469,11.03745,7.334852,23.98097,16.23505,
638520715640639246,235925,-19.05991,-3.917719,11.00468,-19.0084,18.14066,11.00468,7.320045,23.93256,16.20228,
638520715640754428,235936,-19.00159,-3.905731,10.971,-18.95024,18.08516,10.971,7.304832,23.88282,16.1686,
638520715640864434,235948,-18.94511,-3.894122,10.93839,-18.89391,18.0314,10.93839,7.2901,23.83465,16.13599,
638520715640974435,235959,-18.88706,-3.882191,10.90488,-18.83602,17.97615,10.90488,7.274958,23.78515,16.10248,
638520715641084445,235970,-18.8294,-3.870339,10.87159,-18.77852,17.92128,10.87159,7.259917,23.73597,16.06919,
638520715641194431,235981,-18.77103,-3.85834,10.83788,-18.7203,17.86572,10.83788,7.244689,23.68619,16.03548,
638520715641304424,235992,-18.71394,-3.846605,10.80492,-18.66336,17.81138,10.80492,7.229796,23.6375,16.00252,
638520715641424426,236003,-18.65642,-3.834782,10.77171,-18.606,17.75663,10.77171,7.214792,23.58844,15.96931,
638520715641531707,236014,-18.5986,-3.822898,10.73833,-18.54834,17.7016,10.73833,7.199711,23.53913,15.93593,
638520715641641590,236025,-18.54033,-3.81092,10.70468,-18.49022,17.64614,10.70468,7.18451,23.48943,15.90228,
638520715641751700,236037,-18.48217,-3.798965,10.6711,-18.43222,17.59079,10.6711,7.169339,23.43983,15.8687,
638520715641861706,236048,-18.42444,-3.787101,10.63778,-18.37465,17.53585,10.63778,7.154282,23.3906,15.83537,
638520715641971701,236059,-18.36699,-3.775292,10.60461,-18.31736,17.48117,10.60461,7.139296,23.34161,15.80221,
638520715642091696,236070,-18.30993,-3.763564,10.57166,-18.26045,17.42686,10.57166,7.124412,23.29295,15.76926,
638520715642201706,236081,-18.24855,-3.750946,10.53622,-18.19923,17.36843,10.53622,7.108399,23.24059,15.73382,
638520715642311699,236092,-18.19369,-3.73967,10.50454,-18.14452,17.31622,10.50454,7.09409,23.19381,15.70214,
638520715642421712,236103,-18.13545,-3.727699,10.47092,-18.08644,17.26079,10.47092,7.078898,23.14414,15.66852,
638520715642537959,236114,-18.07907,-3.716111,10.43837,-18.03022,17.20713,10.43837,7.064192,23.09606,15.63597,
638520715642637976,236125,-18.02015,-3.703998,10.40435,-17.97145,17.15105,10.40435,7.04882,23.0458,15.60194,
638520715642758083,236136,-17.96318,-3.69229,10.37146,-17.91464,17.09683,10.37146,7.033961,22.99722,15.56906,
638520715642868164,236147,-17.90525,-3.680382,10.33801,-17.85686,17.04169,10.33801,7.018849,22.94781,15.53561,
638520715642978165,236159,-17.84866,-3.66875,10.30534,-17.80043,16.98783,10.30534,7.004088,22.89955,15.50293,
638520715643088162,236170,-17.79014,-3.656721,10.27155,-17.74207,16.93214,10.27155,6.988823,22.84965,15.46915,
638520715643198171,236181,-17.73208,-3.644787,10.23803,-17.68416,16.87688,10.23803,6.973678,22.80013,15.43563,
638520715643308162,236192,-17.67454,-3.632959,10.2048,-17.62678,16.82211,10.2048,6.958668,22.75106,15.4024,
638520715643418179,236203,-17.61678,-3.621086,10.17145,-17.56917,16.76713,10.17145,6.943601,22.70179,15.36905,
638520715643528168,236214,-17.55944,-3.6093,10.13834,-17.51198,16.71256,10.13834,6.928643,22.65289,15.33594,
638520715643638164,236225,-17.50156,-3.597404,10.10493,-17.45427,16.65747,10.10493,6.913546,22.60353,15.30253,
638520715643753757,236236,-17.44423,-3.585619,10.07183,-17.39709,16.60291,10.07183,6.898591,22.55464,15.26943,
638520715643865754,236247,-17.38688,-3.573831,10.03871,-17.33989,16.54832,10.03871,6.883631,22.50573,15.23631,
638520715643969343,236258,-17.32919,-3.561973,10.00541,-17.28236,16.49341,10.00541,6.868582,22.45652,15.203,
638520715644089353,236270,-17.27158,-3.55013,9.97214,-17.2249,16.43858,9.97214,6.853553,22.40739,15.16974,
638520715644199349,236281,-17.21304,-3.538097,9.938341,-17.16652,16.38286,9.938341,6.838283,22.35746,15.13594,
638520715644309350,236292,-17.15377,-3.525916,9.904124,-17.10741,16.32646,9.904124,6.822824,22.30692,15.10172,
638520715644419349,236303,-17.09738,-3.514325,9.871566,-17.05117,16.27279,9.871566,6.808114,22.25883,15.06917,
638520715644529354,236314,-17.04119,-3.502774,9.839121,-16.99513,16.2193,9.839121,6.793456,22.21091,15.03672,
638520715644639345,236325,-16.98189,-3.490587,9.804887,-16.936,16.16287,9.804887,6.777989,22.16034,15.00249,
638520715644759349,236337,-16.92395,-3.478677,9.771434,-16.87822,16.10772,9.771434,6.762875,22.11092,14.96903,
638520715644869344,236348,-16.8641,-3.466374,9.736875,-16.81852,16.05075,9.736875,6.747262,22.05988,14.93447,
638520715644969343,236358,-16.80814,-3.454872,9.704567,-16.76272,15.9975,9.704567,6.732665,22.01215,14.90217,
638520715645089351,236370,-16.75209,-3.443351,9.672205,-16.70682,15.94415,9.672205,6.718044,21.96435,14.8698,
638520715645199344,236381,-16.69196,-3.430991,9.637485,-16.64684,15.88691,9.637485,6.702358,21.91307,14.83508,
638520715645309349,236392,-16.6354,-3.419367,9.604834,-16.59045,15.83309,9.604834,6.687606,21.86484,14.80243,
638520715645419360,236403,-16.57877,-3.407726,9.572136,-16.53397,15.77919,9.572136,6.672834,21.81654,14.76974,
638520715645529454,236414,-16.52084,-3.395819,9.53869,-16.4762,15.72405,9.53869,6.657723,21.76714,14.73629,
638520715645639461,236425,-16.46312,-3.383953,9.505359,-16.41862,15.66911,9.505359,6.642664,21.7179,14.70296,
638520715645749466,236436,-16.40596,-3.372205,9.472361,-16.36163,15.61471,9.472361,6.627756,21.66916,14.66996,
638520715645869462,236448,-16.34705,-3.360096,9.438344,-16.30287,15.55864,9.438344,6.612388,21.61891,14.63594,
638520715645979459,236459,-16.28621,-3.34759,9.403216,-16.24219,15.50073,9.403216,6.596517,21.56703,14.60082,
638520715646089464,236470,-16.23183,-3.336413,9.371822,-16.18797,15.44898,9.371822,6.582334,21.52065,14.56942,
638520715646199455,236481,-16.17376,-3.324476,9.33829,-16.13004,15.39371,9.33829,6.567184,21.47112,14.53589,
638520715646309460,236492,-16.11623,-3.312652,9.305078,-16.07268,15.33896,9.305078,6.552179,21.42206,14.50268,
638520715646419461,236503,-16.05928,-3.300946,9.272197,-16.01588,15.28475,9.272197,6.537323,21.3735,14.4698,
638520715646529468,236514,-16.00147,-3.289062,9.238815,-15.95822,15.22973,9.238815,6.522242,21.32419,14.43641,
638520715646639459,236525,-15.94227,-3.276895,9.204639,-15.89919,15.17339,9.204639,6.506802,21.2737,14.40224,
638520715646749462,236536,-15.88586,-3.2653,9.172069,-15.84293,15.1197,9.172069,6.492086,21.22559,14.36967,
638520715646869466,236548,-30.07294,-24.81424,20,-15.78621,15.06557,9.139231,6.477251,21.17709,14.33683,
638520715646969459,236558,-30.02067,-24.7711,19.96523,-15.72616,15.00826,9.104465,6.461544,21.12573,14.30206,
638520715647079458,236569,-29.97212,-24.73104,19.93295,-15.67039,14.95503,9.072176,6.446956,21.07804,14.26978,
638520715647199460,236581,-29.92245,-24.69006,19.89991,-15.61333,14.90058,9.039145,6.432033,21.02925,14.23674,
638520715647309468,236592,-29.87255,-24.64888,19.86673,-15.55601,14.84587,9.005956,6.417039,20.98023,14.20356,
638520715647426964,236603,-29.82096,-24.60631,19.83241,-15.49674,14.78931,8.971645,6.401538,20.92955,14.16924,
638520715647527054,236614,-29.77033,-24.56454,19.79874,-15.43858,14.73381,8.937975,6.386326,20.87981,14.13557,
638520715647637054,236625,-29.72115,-24.52396,19.76604,-15.38209,14.6799,8.90527,6.37155,20.8315,14.10287,
638520715647747053,236636,-29.67227,-24.48362,19.73353,-15.32594,14.62631,8.872761,6.356863,20.78348,14.07036,
638520715647865778,236647,-29.6216,-24.44182,19.69983,-15.26773,14.57076,8.839065,6.341639,20.73371,14.03666,
638520715647975766,236658,-29.57154,-24.40051,19.66654,-15.21023,14.51588,8.805773,6.326598,20.68453,14.00337,
638520715648085768,236670,-29.52176,-24.35943,19.63343,-15.15304,14.4613,8.772663,6.311639,20.63563,13.97026,
638520715648195766,236681,-29.46906,-24.31595,19.59838,-15.0925,14.40353,8.737617,6.295805,20.58386,13.93522,
638520715648305763,236692,-29.42075,-24.27608,19.56625,-15.037,14.35056,8.705484,6.281288,20.5364,13.90308,
638520715648415770,236703,-29.36915,-24.23351,19.53193,-14.97773,14.29399,8.67117,6.265785,20.48571,13.86877,
638520715648529477,236714,-29.31821,-24.19148,19.49806,-14.91922,14.23815,8.637295,6.250481,20.43567,13.83489,
638520715648639487,236725,-29.27138,-24.15283,19.46691,-14.86541,14.18681,8.606147,6.236408,20.38967,13.80375,
638520715648749472,236736,-29.2211,-24.11135,19.43347,-14.80766,14.13169,8.57271,6.221302,20.34027,13.77031,
638520715648866183,236747,-29.17042,-24.06953,19.39977,-14.74944,14.07613,8.539006,6.206074,20.29049,13.73661,
638520715648977110,236758,-29.11952,-24.02753,19.36592,-14.69097,14.02032,8.505153,6.19078,20.24048,13.70275,
638520715649087107,236769,-29.07058,-23.98715,19.33337,-14.63475,13.96667,8.472605,6.176075,20.19241,13.6702,
638520715649197110,236781,-29.02083,-23.9461,19.30028,-14.5776,13.91213,8.43952,6.161128,20.14354,13.63712,
638520715649307107,236791,-28.97027,-23.90438,19.26666,-14.51952,13.8567,8.405896,6.145936,20.09387,13.6035,
638520715649417106,236803,-28.92083,-23.86358,19.23378,-14.46273,13.8025,8.373016,6.131082,20.0453,13.57062,
638520715649527113,236814,-28.86972,-23.82141,19.19979,-14.40402,13.74647,8.339026,6.115725,19.9951,13.53663,
638520715649637097,236825,-28.81981,-23.78024,19.1666,-14.34669,13.69176,8.305837,6.10073,19.94607,13.50344,
638520715649747107,236836,-28.77052,-23.73956,19.13381,-14.29006,13.63772,8.273053,6.085919,19.89765,13.47065,
638520715649867108,236848,-28.72049,-23.69828,19.10054,-14.23259,13.58287,8.239783,6.070888,19.8485,13.43738,
638520715649977111,236858,-28.66744,-23.65451,19.06526,-14.17165,13.52471,8.204503,6.054948,19.79639,13.4021,
638520715650087109,236869,-28.61911,-23.61463,19.03312,-14.11613,13.47173,8.172359,6.040426,19.74891,13.36996,
638520715650197100,236881,-28.56993,-23.57404,19.00041,-14.05963,13.41781,8.139649,6.025648,19.70059,13.33725,
638520715650307107,236892,-28.5192,-23.53218,18.96667,-14.00136,13.36219,8.105911,6.010406,19.65076,13.30351,
638520715650417101,236903,-28.46976,-23.49139,18.93379,-13.94456,13.30799,8.073031,5.995551,19.60219,13.27063,
638520715650527101,236914,-28.41836,-23.44898,18.89961,-13.88552,13.25164,8.03885,5.980108,19.5517,13.23645,
638520715650637093,236925,-28.36913,-23.40836,18.86687,-13.82897,13.19767,8.00611,5.965316,19.50334,13.20371,
638520715650747120,236936,-28.31984,-23.36769,18.83409,-13.77234,13.14363,7.973327,5.950505,19.45492,13.17093,
638520715650857111,236947,-28.26821,-23.32508,18.79975,-13.71304,13.08703,7.938992,5.934993,19.4042,13.13659,
638520715650977103,236958,-28.21863,-23.28417,18.76678,-13.65608,13.03268,7.906018,5.920095,19.3555,13.10362,
638520715651087103,236969,-28.16776,-23.2422,18.73295,-13.59765,12.97692,7.872191,5.904813,19.30553,13.06979,
638520715651197096,236981,-28.11899,-23.20196,18.70051,-13.54162,12.92344,7.839752,5.890157,19.25761,13.03735,
638520715651307099,236992,-28.06681,-23.1589,18.66581,-13.48168,12.86624,7.805052,5.87448,19.20636,13.00265,
638520715651417113,237003,-28.01792,-23.11856,18.6333,-13.42552,12.81264,7.772537,5.85979,19.15833,12.97014,
638520715651527119,237014,-27.96843,-23.07773,18.60038,-13.36867,12.75839,7.739626,5.844921,19.10972,12.93723,
638520715651637100,237025,-27.91813,-23.03622,18.56693,-13.31088,12.70324,7.706171,5.829806,19.0603,12.90377,
638520715651757108,237037,-27.86818,-22.99501,18.53371,-13.25351,12.64849,7.672955,5.814799,19.01123,12.87055,
638520715651857109,237047,-27.81518,-22.95127,18.49846,-13.19262,12.59037,7.637703,5.798873,18.95916,12.8353,
638520715651967111,237058,-27.76836,-22.91265,18.46733,-13.13884,12.53905,7.60657,5.784807,18.91318,12.80417,
638520715652087105,237069,-27.71837,-22.8714,18.43408,-13.08142,12.48425,7.573323,5.769786,18.86407,12.77092,
638520715652197104,237080,-27.66748,-22.8294,18.40023,-13.02296,12.42846,7.539478,5.754496,18.81407,12.73708,
638520715652307103,237092,-27.61759,-22.78823,18.36705,-12.96564,12.37376,7.506298,5.739505,18.76506,12.7039,
638520715652417106,237103,-27.5675,-22.7469,18.33374,-12.9081,12.31885,7.472986,5.724455,18.71586,12.67058,
638520715652527106,237114,-27.51658,-22.70489,18.29988,-12.84961,12.26302,7.439123,5.709156,18.66584,12.63672,
638520715652637103,237125,-27.46677,-22.66379,18.26675,-12.79239,12.20841,7.405995,5.694189,18.61691,12.60359,
638520715652747101,237136,-27.41757,-22.62319,18.23403,-12.73588,12.15448,7.373277,5.679408,18.56858,12.57088,
638520715652906245,237152,-27.36667,-22.58119,18.20018,-12.6774,12.09868,7.339425,5.664114,18.51857,12.53702,
638520715653006262,237161,-27.29694,-22.52366,18.15381,-12.5973,12.02223,7.293052,5.643163,18.45008,12.49065,
638520715653186244,237180,-27.25364,-22.48793,18.12501,-12.54756,11.97476,7.264253,5.630152,18.40754,12.46185,
638520715653246252,237185,-27.17096,-22.41971,18.07002,-12.45258,11.88412,7.209267,5.605309,18.32631,12.40687,
638520715653306257,237191,-27.1431,-22.39672,18.0515,-12.42058,11.85358,7.190741,5.59694,18.29895,12.38834,
638520715653376247,237199,-27.11749,-22.37559,18.03446,-12.39116,11.8255,7.173708,5.589244,18.27379,12.37131,
638520715653491567,237211,-27.08101,-22.34549,18.0102,-12.34925,11.7855,7.149445,5.578282,18.23795,12.34704,
638520715653601575,237222,-27.03055,-22.30385,17.97664,-12.29129,11.73019,7.115887,5.563121,18.18838,12.31349,
638520715653711564,237233,-26.98077,-22.26278,17.94354,-12.2341,11.67561,7.08278,5.548163,18.13948,12.28038,
638520715653831576,237244,-26.93113,-22.22182,17.91052,-12.17708,11.62119,7.049767,5.533248,18.09071,12.24736,
638520715653939658,237255,-26.88097,-22.18043,17.87716,-12.11946,11.5662,7.016408,5.518177,18.04144,12.21401,
638520715654049655,237266,-26.82898,-22.13753,17.84259,-12.05973,11.5092,6.981833,5.502556,17.99037,12.17943,
638520715654159659,237277,-26.78096,-22.09791,17.81065,-12.00457,11.45656,6.949896,5.488127,17.9432,12.1475,
638520715654269662,237288,-26.73079,-22.05651,17.77729,-11.94694,11.40156,6.916534,5.473055,17.89392,12.11413,
638520715654379659,237299,-26.67924,-22.01398,17.74301,-11.88772,11.34505,6.88225,5.457565,17.84328,12.07985,
638520715654489785,237310,-26.63029,-21.97358,17.71045,-11.83149,11.29138,6.849694,5.442857,17.79519,12.04729,
638520715654609766,237322,-26.58044,-21.93245,17.6773,-11.77423,11.23673,6.816543,5.427879,17.74622,12.01414,
638520715654719779,237333,-26.52875,-21.8898,17.64292,-11.71484,11.18006,6.782163,5.412347,17.69544,11.97976,
638520715654829773,237344,-26.47976,-21.84937,17.61034,-11.65857,11.12635,6.749582,5.397627,17.64731,11.94718,
638520715654939619,237355,-26.43026,-21.80853,17.57742,-11.6017,11.07209,6.716663,5.382754,17.59868,11.91426,
638520715655049615,237366,-26.37857,-21.76588,17.54304,-11.54233,11.01542,6.682287,5.367224,17.54791,11.87989,
638520715655159613,237377,-26.32954,-21.72542,17.51044,-11.486,10.96167,6.64968,5.352492,17.49974,11.84728,
638520715655269633,237388,-26.27971,-21.68431,17.4773,-11.42877,10.90705,6.616545,5.337522,17.4508,11.81414,
638520715655379616,237399,-26.22828,-21.64187,17.4431,-11.36969,10.85067,6.582343,5.32207,17.40028,11.77994,
638520715655489728,237410,-26.17988,-21.60194,17.41091,-11.31409,10.7976,6.550154,5.307527,17.35273,11.74775,
638520715655609714,237422,-26.12876,-21.55975,17.37691,-11.25537,10.74156,6.516154,5.292167,17.30251,11.71375,
638520715655719711,237433,-26.07848,-21.51826,17.34347,-11.1976,10.68643,6.482713,5.277058,17.25311,11.68031,
638520715655829716,237444,-26.02909,-21.47751,17.31062,-11.14087,10.63228,6.449866,5.262218,17.2046,11.64746,
638520715655939715,237455,-25.97869,-21.43592,17.27711,-11.08297,10.57703,6.416348,5.247075,17.15508,11.61395,
638520715656049722,237466,-25.92911,-21.39502,17.24413,-11.02602,10.52268,6.383377,5.232179,17.10638,11.58098,
638520715656159710,237477,-25.8783,-21.35309,17.21034,-10.96765,10.46697,6.349584,5.216911,17.05647,11.54718,
638520715656269715,237488,-25.82873,-21.31219,17.17737,-10.91071,10.41263,6.316618,5.202018,17.00777,11.51422,
638520715656379710,237499,-25.7785,-21.27074,17.14397,-10.853,10.35756,6.283212,5.186925,16.95843,11.48081,
638520715656490818,237510,-25.72783,-21.22894,17.11028,-10.7948,10.30202,6.249518,5.171702,16.90866,11.44712,
638520715656600814,237522,-33.93068,-4.272987,20,-10.73766,10.24749,6.216437,5.156757,16.85979,11.41403,
638520715656710816,237533,-33.87469,-4.265936,19.967,-10.68066,10.19308,6.183434,5.141846,16.81104,11.38103,
638520715656830813,237544,-33.81766,-4.258754,19.93338,-10.62259,10.13767,6.149817,5.126658,16.76139,11.34741,
638520715656941144,237555,-33.76036,-4.251539,19.89961,-10.56426,10.082,6.116045,5.1114,16.7115,11.31364,
638520715657051139,237566,-33.70285,-4.244297,19.86571,-10.50571,10.02612,6.082149,5.096087,16.66143,11.27975,
638520715657161141,237578,-33.6456,-4.237087,19.83196,-10.44742,9.97049,6.048401,5.08084,16.61159,11.246,
638520715657281158,237589,-33.58863,-4.229912,19.79838,-10.38941,9.915133,6.01482,5.065668,16.56198,11.21242,
638520715657391142,237600,-33.53037,-4.222576,19.76404,-10.3301,9.858528,5.980482,5.050154,16.51126,11.17808,
638520715657511250,237612,-33.47324,-4.215381,19.73037,-10.27193,9.803014,5.946805,5.034939,16.46152,11.1444,
638520715657621244,237623,-33.41506,-4.208054,19.69607,-10.21269,9.746481,5.91251,5.019445,16.41086,11.11011,
638520715657731245,237634,-33.35773,-4.200835,19.66228,-10.15433,9.690783,5.878722,5.00418,16.36095,11.07632,
638520715657841256,237645,-33.30065,-4.193646,19.62864,-10.09621,9.635314,5.845073,4.988978,16.31125,11.04267,
638520715657961251,237657,-33.24339,-4.186436,19.59489,-10.03792,9.579683,5.811326,4.973732,16.2614,11.00893,
638520715658071250,237668,-33.18632,-4.179248,19.56125,-9.97981,9.524228,5.777685,4.958533,16.21171,10.97529,
638520715658181249,237679,-33.12805,-4.17191,19.5269,-9.92048,9.467607,5.743337,4.943015,16.16097,10.94094,
638520715658301248,237691,-33.07101,-4.164727,19.49328,-9.862409,9.412186,5.709717,4.927825,16.11131,10.90732,
638520715658411240,237702,-33.01089,-4.157156,19.45784,-9.801202,9.353773,5.674282,4.911816,16.05897,10.87188,
638520715658521252,237713,-32.95566,-4.1502,19.42529,-9.744968,9.300107,5.641726,4.897108,16.01088,10.83933,
638520715658641251,237725,-32.89824,-4.142968,19.39144,-9.6865,9.244308,5.607876,4.881815,15.96088,10.80548,
638520715658751252,237736,-32.83987,-4.135619,19.35704,-9.62708,9.187601,5.573476,4.866273,15.91007,10.77108,
638520715658861253,237747,-32.78353,-4.128523,19.32383,-9.569715,9.132855,5.540266,4.851269,15.86101,10.73787,
638520715658971244,237758,-32.72755,-4.121473,19.29083,-9.512718,9.07846,5.507268,4.836361,15.81227,10.70487,
638520715659081253,237769,-32.67115,-4.114371,19.25759,-9.4553,9.023663,5.474027,4.821343,15.76317,10.67163,
638520715659191248,237780,-32.61368,-4.107133,19.22371,-9.396782,8.967815,5.440148,4.806037,15.71313,10.63775,
638520715659301263,237791,-32.55747,-4.100055,19.19058,-9.339556,8.913201,5.407018,4.791069,15.66419,10.60462,
638520715659411247,237802,-32.50171,-4.093033,19.15771,-9.282781,8.859017,5.374148,4.776219,15.61564,10.57175,
638520715659531247,237814,-32.44368,-4.085724,19.1235,-9.223694,8.802629,5.339941,4.760764,15.56511,10.53754,
638520715659631242,237825,-32.3866,-4.078537,19.08986,-9.165581,8.747169,5.306297,4.745564,15.51541,10.5039,
638520715659751255,237836,-32.33178,-4.071633,19.05755,-9.109769,8.693904,5.273985,4.730966,15.46768,10.47159,
638520715659861247,237847,-32.27345,-4.064288,19.02316,-9.05038,8.637226,5.239603,4.715432,15.4169,10.4372,
638520715659971253,237858,-32.21867,-4.057389,18.99087,-8.994603,8.583996,5.207312,4.700843,15.3692,10.40491,
638520715660081249,237869,-32.16212,-4.050268,18.95754,-8.937033,8.529053,5.173982,4.685785,15.31997,10.37158,
638520715660191251,237880,-32.10495,-4.043068,18.92385,-8.878827,8.473505,5.140285,4.670561,15.27019,10.33788,
638520715660301243,237891,-32.04881,-4.035998,18.89075,-8.821667,8.418955,5.107193,4.655611,15.22131,10.30479,
638520715660411245,237902,-31.99295,-4.028963,18.85782,-8.764788,8.364673,5.074264,4.640733,15.17267,10.27186,
638520715660527669,237913,-31.93681,-4.021894,18.82473,-8.707632,8.310126,5.041174,4.625783,15.1238,10.23877,
638520715660637671,237925,-31.87906,-4.014622,18.7907,-8.64884,8.254019,5.007137,4.610406,15.07352,10.20474,
638520715660747675,237936,-31.82202,-4.007438,18.75707,-8.590763,8.198593,4.973515,4.595215,15.02386,10.17111,
638520715660861070,237947,-31.76577,-4.000354,18.72392,-8.533487,8.143932,4.940356,4.580235,14.97488,10.13795,
638520715660971066,237958,-31.70964,-3.993286,18.69083,-8.476345,8.089399,4.907274,4.565289,14.92601,10.10487,
638520715661081063,237969,-31.65343,-3.986207,18.6577,-8.419116,8.034782,4.874142,4.55032,14.87707,10.07174,
638520715661191061,237980,-31.59683,-3.979079,18.62434,-8.361486,7.979783,4.840778,4.535246,14.82779,10.03838,
638520715661301075,237991,-31.54017,-3.971945,18.59094,-8.303803,7.924734,4.807383,4.520158,14.77846,10.00498,
638520715661411078,238002,-31.48413,-3.964887,18.55791,-8.24674,7.870275,4.774347,4.505233,14.72966,9.971945,
638520715661519872,238013,-31.42655,-3.957637,18.52397,-8.188125,7.814336,4.740412,4.489902,14.67954,9.93801,
638520715661629871,238024,-31.37028,-3.95055,18.4908,-8.130826,7.759653,4.70724,4.474915,14.63054,9.904838,
638520715661749867,238036,-31.31389,-3.943448,18.45756,-8.073414,7.704862,4.674002,4.459898,14.58144,9.8716,
638520715661859868,238047,-31.2564,-3.936208,18.42368,-8.014882,7.649003,4.640116,4.444589,14.53139,9.837714,
638520715661969863,238058,-31.20114,-3.92925,18.39111,-7.958624,7.595313,4.607546,4.429874,14.48328,9.805144,
638520715662079865,238069,-31.14511,-3.922194,18.35808,-7.901574,7.540867,4.574518,4.414952,14.43449,9.772116,
638520715662189870,238080,-31.0877,-3.914965,18.32424,-7.843129,7.48509,4.540682,4.399665,14.38451,9.738279,
638520715662299872,238091,-31.03098,-3.907821,18.29081,-7.785373,7.429971,4.507245,4.384559,14.33512,9.704843,
638520715662409863,238102,-30.97544,-3.900827,18.25807,-7.728834,7.376012,4.474512,4.36977,14.28677,9.67211,
638520715662537343,238114,-30.91878,-3.893691,18.22467,-7.671136,7.320949,4.441108,4.354679,14.23743,9.638706,
638520715662637340,238125,-30.85743,-3.885966,18.18851,-7.608679,7.261343,4.404949,4.338342,14.18402,9.602548,
638520715662747347,238135,-30.80394,-3.87923,18.15698,-7.554216,7.209366,4.373419,4.324097,14.13745,9.571017,
638520715662857344,238147,-30.7493,-3.872349,18.12477,-7.49859,7.15628,4.341215,4.309547,14.08988,9.538814,
638520715662967342,238158,-30.6903,-3.864918,18.08999,-7.438513,7.098945,4.306434,4.293834,14.0385,9.504032,
638520715663077339,238169,-30.6342,-3.857854,18.05693,-7.381401,7.044439,4.273369,4.278895,13.98966,9.470967,
638520715663187343,238180,-30.57896,-3.850897,18.02437,-7.325155,6.990761,4.240806,4.264184,13.94156,9.438405,
638520715663297344,238191,-30.52332,-3.84389,17.99157,-7.268509,6.936701,4.208012,4.249368,13.89312,9.40561,
638520715663407343,238202,-30.4661,-3.836684,17.95784,-7.210249,6.8811,4.174283,4.234129,13.8433,9.371881,
638520715663527340,238213,-30.40991,-3.829609,17.92473,-7.153048,6.826509,4.141167,4.219167,13.79439,9.338764,
638520715663627345,238224,-30.35243,-3.822371,17.89085,-7.094526,6.770659,4.107286,4.20386,13.74434,9.304884,
638520715663747345,238235,-30.29738,-3.815437,17.8584,-7.038475,6.717166,4.074836,4.189199,13.69641,9.272433,
638520715663857344,238246,-30.23998,-3.808209,17.82457,-6.980035,6.661394,4.041003,4.173914,13.64643,9.2386,
638520715663967348,238258,-30.18462,-3.801237,17.79193,-6.923666,6.607598,4.008369,4.15917,13.59823,9.205965,
638520715664077341,238269,-30.12769,-3.794068,17.75838,-6.865711,6.552289,3.974817,4.144011,13.54867,9.172413,
638520715664187346,238280,-30.06898,-3.786675,17.72377,-6.805937,6.495245,3.940212,4.128377,13.49755,9.137808,
638520715664297340,238291,-30.01435,-3.779795,17.69157,-6.750312,6.442158,3.908008,4.113828,13.44998,9.105604,
638520715664407342,238302,-29.95831,-3.772737,17.65854,-6.69325,6.387702,3.874973,4.098903,13.40119,9.072569,
638520715664527348,238313,-29.90065,-3.765476,17.62455,-6.634554,6.331685,3.840991,4.08355,13.35099,9.038588,
638520715664637338,238325,-29.84329,-3.758253,17.59074,-6.576152,6.275949,3.80718,4.068274,13.30105,9.004777,
638520715664747344,238335,-29.78616,-3.751057,17.55706,-6.517979,6.220431,3.773502,4.053059,13.2513,8.971098,
638520715664857345,238347,-29.73137,-3.744158,17.52477,-6.462202,6.1672,3.74121,4.038469,13.20361,8.938807,
638520715664967344,238357,-29.67326,-3.736839,17.49052,-6.403036,6.110735,3.706957,4.022994,13.15301,8.904553,
638520715665087346,238370,-29.61923,-3.730035,17.45867,-6.348025,6.058236,3.675109,4.008605,13.10597,8.872705,
638520715665187347,238380,-29.55787,-3.722308,17.4225,-6.285554,5.998616,3.638942,3.992265,13.05254,8.836538,
638520715665297335,238391,-29.50531,-3.71569,17.39153,-6.232046,5.947551,3.607964,3.97827,13.00679,8.805561,
638520715665407340,238402,-29.44901,-3.7086,17.35834,-6.174726,5.892848,3.57478,3.963277,12.95777,8.772376,
638520715665528061,238413,-29.39177,-3.701391,17.3246,-6.116445,5.837228,3.541039,3.948033,12.90793,8.738635,
638520715665628059,238424,-29.33478,-3.694214,17.29101,-6.058422,5.781854,3.507447,3.932857,12.85831,8.705044,
638520715665748060,238435,-29.27914,-3.687208,17.25821,-6.001777,5.727794,3.474653,3.918041,12.80987,8.67225,
638520715665858067,238447,-29.22208,-3.680022,17.22458,-5.943681,5.672351,3.441019,3.902846,12.76019,8.638617,
638520715665968056,238458,-29.16583,-3.672938,17.19142,-5.886407,5.617691,3.407861,3.887865,12.71121,8.605458,
638520715666078058,238469,-29.10843,-3.665709,17.15759,-5.827963,5.561915,3.374025,3.872578,12.66123,8.571623,
638520715666188059,238480,-29.05355,-3.658799,17.12524,-5.772096,5.508598,3.341682,3.857965,12.61346,8.539279,
638520715666298063,238491,-28.99559,-3.651499,17.09107,-5.713076,5.452272,3.307513,3.842528,12.56299,8.50511,
638520715666408059,238502,-28.94036,-3.644545,17.05853,-5.656853,5.398616,3.274963,3.827822,12.51491,8.47256,
638520715666523258,238513,-28.88231,-3.637233,17.0243,-5.597741,5.342203,3.240741,3.812361,12.46436,8.438338,
638520715666633250,238524,-28.82711,-3.630282,16.99177,-5.541545,5.288572,3.208207,3.797663,12.4163,8.405805,
638520715666743250,238536,-28.77133,-3.623258,16.95889,-5.484755,5.234374,3.175329,3.782809,12.36774,8.372927,
638520715666853249,238547,-28.71323,-3.615941,16.92464,-5.425601,5.177921,3.141083,3.767336,12.31715,8.33868,
638520715666963249,238557,-28.65691,-3.608849,16.89145,-5.368261,5.123198,3.107886,3.752338,12.26812,8.305484,
638520715667083253,238569,-28.60113,-3.601824,16.85857,-5.311467,5.068996,3.075006,3.737484,12.21955,8.272604,
638520715667183249,238580,-28.54265,-3.594459,16.82409,-5.251923,5.01217,3.040533,3.721909,12.16863,8.238132,
638520715667293253,238591,-28.48776,-3.587546,16.79174,-5.19604,4.958838,3.00818,3.707292,12.12084,8.205779,
638520715667413248,238602,-28.43219,-3.580548,16.75899,-5.139461,4.904842,2.975425,3.692494,12.07245,8.173023,
638520715667523245,238613,-28.37447,-3.573279,16.72496,-5.080695,4.848759,2.941403,3.677123,12.0222,8.139002,
638520715667633256,238624,-28.31722,-3.56607,16.69122,-5.022405,4.793129,2.907656,3.661876,11.97235,8.105255,
638520715667743260,238635,-28.26256,-3.559187,16.659,-4.966761,4.740025,2.875442,3.647322,11.92477,8.073041,
638520715667853249,238647,-28.20425,-3.551844,16.62463,-4.907393,4.683368,2.841071,3.631794,11.874,8.038671,
638520715667963247,238658,-28.14655,-3.544577,16.59062,-4.848639,4.627296,2.807057,3.616426,11.82376,8.004656,
638520715668073249,238669,-28.09198,-3.537704,16.55845,-4.793078,4.574272,2.77489,3.601894,11.77624,7.972489,
638520715668183259,238680,-28.03594,-3.530647,16.52542,-4.736024,4.519823,2.741859,3.586971,11.72745,7.939458,
638520715668303247,238691,-27.97822,-3.523379,16.4914,-4.677261,4.463742,2.707839,3.571601,11.6772,7.905438,
638520715668413249,238702,-27.92013,-3.516063,16.45716,-4.618116,4.407296,2.673598,3.556131,11.62662,7.871196,
638520715668521051,238713,-27.86486,-3.509103,16.42458,-4.561845,4.353594,2.64102,3.541413,11.5785,7.838619,
638520715668631056,238724,-27.80911,-3.502082,16.39172,-4.505085,4.299425,2.608159,3.526566,11.52996,7.805758,
638520715668741051,238735,-27.75445,-3.495198,16.3595,-4.44943,4.246311,2.575939,3.512009,11.48237,7.773537,
638520715668851062,238746,-27.6959,-3.487825,16.32499,-4.389823,4.189425,2.54143,3.496418,11.4314,7.739028,
638520715668961051,238757,-27.64029,-3.480822,16.29221,-4.333206,4.135393,2.508652,3.48161,11.38298,7.70625,
638520715669071053,238769,-27.58346,-3.473665,16.25871,-4.275343,4.080172,2.475153,3.466475,11.3335,7.672751,
638520715669181056,238780,-27.52716,-3.466575,16.22552,-4.218017,4.025462,2.441965,3.451481,11.28448,7.639563,
638520715669291053,238791,-27.47122,-3.459531,16.19255,19.89083,30.79714,20,3.436585,11.23577,7.606593,
638520715669411052,238802,-27.41467,-3.452409,16.15922,19.85768,30.74581,19.96667,3.421526,11.18654,7.573261,
638520715669517607,238813,-27.35699,-3.445145,16.12522,19.82387,30.69346,19.93267,3.406166,11.13632,7.539262,
638520715669627600,238824,-27.30037,-3.438015,16.09185,19.79068,30.64207,19.89929,3.391087,11.08702,7.505887,
638520715669737605,238835,-27.2438,-3.430891,16.0585,19.75751,30.59072,19.86595,3.376023,11.03777,7.472544,
638520715669857599,238847,-27.18757,-3.42381,16.02536,19.72455,30.53969,19.83281,3.361048,10.98881,7.439399,
638520715669967609,238858,-27.13005,-3.416566,15.99146,19.69083,30.48748,19.7989,3.345731,10.93873,7.405495,
638520715670077603,238869,-27.07189,-3.409241,15.95717,19.65673,30.43468,19.76462,3.330241,10.88809,7.37121,
638520715670187600,238880,-27.0177,-3.402418,15.92523,19.62497,30.3855,19.73268,3.315812,10.84091,7.339272,
638520715670297601,238891,-26.96039,-3.3952,15.89145,19.59138,30.33349,19.6989,3.30055,10.79101,7.305491,
638520715670407602,238902,-26.90529,-3.388261,15.85897,19.55907,30.28347,19.66641,3.285875,10.74304,7.273009,
638520715670518440,238913,-26.84911,-3.381186,15.82586,19.52614,30.23248,19.6333,3.270914,10.69412,7.239894,
638520715670628451,238924,-26.79116,-3.373888,15.7917,19.49217,30.17988,19.59914,3.255483,10.64367,7.205738,
638520715670738451,238935,-26.73492,-3.366806,15.75855,19.4592,30.12883,19.56599,3.240506,10.5947,7.172588,
638520715670848447,238946,-26.67939,-3.359812,15.72582,19.42665,30.07843,19.53326,3.225718,10.54635,7.139856,
638520715670958447,238957,-26.62258,-3.352658,15.69233,19.39334,30.02687,19.49977,3.210589,10.49689,7.106369,
638520715671078443,238969,-26.56672,-3.345624,15.65941,19.3606,29.97617,19.46685,3.195715,10.44826,7.073449,
638520715671188441,238980,-26.50836,-3.338274,15.62501,19.32638,29.92319,19.43245,3.180172,10.39744,7.039044,
638520715671298447,238990,-26.45307,-3.331312,15.59242,19.29397,29.87301,19.39986,3.165449,10.34931,7.006457,
638520715671408449,239002,-26.39721,-3.324278,15.55949,19.26123,29.82232,19.36694,3.150574,10.30068,6.973532,
638520715671518572,239013,-26.33994,-3.317065,15.52573,19.22765,29.77033,19.33317,3.135321,10.25081,6.939771,
638520715671628562,239024,-26.2824,-3.309819,15.49182,19.19392,29.71811,19.29926,3.119999,10.20071,6.905858,
638520715671738559,239035,-26.22744,-3.302898,15.45943,19.16171,29.66822,19.26686,3.105364,10.15286,6.873464,
638520715671848576,239046,-26.17056,-3.295735,15.4259,19.12836,29.6166,19.23334,3.090217,10.10334,6.839937,
638520715671958561,239057,-26.11389,-3.288598,15.39249,19.09514,29.56516,19.19993,3.075125,10.054,6.806532,
638520715672078559,239068,-26.05764,-3.281514,15.35934,19.06216,29.5141,19.16677,3.060145,10.00502,6.773376,
638520715672188567,239080,-26.00039,-3.274304,15.32559,19.0286,29.46214,19.13303,3.044899,9.955176,6.73963,
638520715672298557,239090,-25.94375,-3.267172,15.29221,18.9954,29.41073,19.09964,3.029816,9.905862,6.706245,
638520715672408561,239102,-25.88834,-3.260193,15.25954,18.96291,29.36043,19.06698,3.015058,9.857614,6.673581,
638520715672520516,239113,-25.83187,-3.253082,15.22626,18.92981,29.30918,19.0337,3.000021,9.80845,6.640297,
638520715672630528,239124,-25.7737,-3.245756,15.19197,18.89571,29.25638,18.99941,2.98453,9.757802,6.606009,
638520715672740532,239135,-25.7178,-3.238716,15.15902,18.86294,29.20564,18.96646,2.969643,9.70913,6.573059,
638520715672850527,239146,-25.66125,-3.231595,15.12569,18.82979,29.15432,18.93312,2.954584,9.659895,6.539727,
638520715672960522,239157,-25.60526,-3.224544,15.09268,18.79696,29.10349,18.90012,2.939673,9.611145,6.506723,
638520715673070525,239168,-25.54789,-3.217319,15.05887,18.76333,29.05142,18.86631,2.924396,9.561195,6.472907,
638520715673180525,239180,-25.49208,-3.210292,15.02598,18.73062,29.00078,18.83341,2.909535,9.512611,6.440016,
638520715673300517,239191,-25.43488,-3.203088,14.99226,18.69709,28.94885,18.7997,2.894302,9.462806,6.406298,
638520715673410521,239202,-25.3786,-3.196001,14.95909,18.6641,28.89778,18.76653,2.879316,9.413809,6.373127,
638520715673517043,239213,-25.32205,-3.188879,14.92575,18.63094,28.84644,18.73319,2.864254,9.364565,6.339789,
638520715673627053,239224,-25.26617,-3.181842,14.89282,18.59819,28.79573,18.70025,2.849375,9.315919,6.306856,
638520715673737055,239235,-25.20953,-3.174709,14.85943,18.56498,28.74431,18.66686,2.83429,9.266598,6.273465,
638520715673847042,239246,-25.15177,-3.167435,14.82539,18.53112,28.69189,18.63282,2.818909,9.216312,6.239422,
638520715673966022,239257,-25.09684,-3.160518,14.79301,18.49892,28.64203,18.60044,2.804281,9.168488,6.207045,
638520715674076017,239268,-25.03946,-3.153291,14.75918,18.46528,28.58995,18.56662,2.789,9.118525,6.17322,
638520715674186018,239279,-24.98329,-3.146218,14.72608,18.43236,28.53897,18.53351,2.774042,9.069622,6.140113,
638520715674296013,239291,-24.92732,-3.13917,14.69309,18.39955,28.48817,18.50052,2.759137,9.020891,6.107122,
638520715674406019,239302,-24.87009,-3.131963,14.65935,18.366,28.43622,18.46679,2.743898,8.971066,6.07339,
638520715674516023,239313,-24.81347,-3.124832,14.62598,18.3328,28.38483,18.43341,2.728818,8.921763,6.040013,
638520715674625676,239324,-24.75634,-3.117638,14.59231,18.29932,28.33298,18.39974,2.713606,8.872028,6.006342,
638520715674738218,239335,-24.7007,-3.110631,14.55951,18.2667,28.28247,18.36694,2.698787,8.823579,5.973543,
638520715674848080,239346,-24.64494,-3.103609,14.52664,18.23401,28.23186,18.33408,2.683939,8.775032,5.940677,
638520715674958080,239357,17.54161,0.3954163,20,18.19991,28.17908,18.2998,2.668451,8.724396,5.906396,
638520715675068074,239368,17.51278,0.3947664,19.96713,18.16722,28.12846,18.26693,2.6536,8.675843,5.873527,
638520715675188076,239380,17.48355,0.3941076,19.93381,18.13408,28.07715,18.23361,2.638546,8.626623,5.840205,
638520715675298079,239391,17.45284,0.3934152,19.89879,18.09926,28.02323,18.19859,2.622725,8.574898,5.805187,
638520715675408069,239402,17.42498,0.3927872,19.86703,18.06767,27.97431,18.16682,2.608374,8.527978,5.773422,
638520715675528077,239414,17.39489,0.3921089,19.83272,18.03354,27.92148,18.13251,2.592874,8.477299,5.739112,
638520715675628083,239424,17.36401,0.3914128,19.79751,17.99853,27.86727,18.09731,2.576968,8.425295,5.703906,
638520715675738075,239435,17.33755,0.3908164,19.76735,17.96853,27.82082,18.06714,2.563339,8.380736,5.67374,
638520715675848077,239446,17.3074,0.3901368,19.73297,17.93434,27.76789,18.03277,2.547809,8.329961,5.639365,
638520715675968080,239458,17.27917,0.3895004,19.70078,17.90233,27.71832,18.00058,2.533266,8.282414,5.607176,
638520715676068073,239468,17.24848,0.3888087,19.66579,17.86753,27.66444,17.96559,2.517459,8.230735,5.572189,
638520715676188081,239480,17.22047,0.3881773,19.63386,17.83577,27.61526,17.93365,2.50303,8.183559,5.540252,
638520715676298070,239491,17.19001,0.3874907,19.59913,17.80123,27.56179,17.89892,2.48734,8.132262,5.505523,
638520715676408082,239502,17.16159,0.38685,19.56672,17.769,27.51189,17.86652,2.472699,8.084394,5.473116,
638520715676513403,239513,17.13305,0.3862068,19.53419,17.73665,27.46179,17.83399,2.458001,8.036341,5.440584,
638520715676623402,239524,17.10334,0.3855371,19.50032,17.70296,27.40963,17.80011,2.442698,7.986307,5.406712,
638520715676744462,239536,17.07456,0.3848882,19.4675,17.67032,27.3591,17.76729,2.427871,7.937829,5.373892,
638520715676854462,239546,17.04364,0.3841913,19.43225,17.63526,27.30482,17.73204,2.411945,7.88576,5.338642,
638520715676964459,239557,17.01516,0.3835494,19.39978,17.60297,27.25482,17.69958,2.397276,7.837802,5.306175,
638520715677074458,239569,16.98663,0.3829063,19.36725,17.57062,27.20473,17.66705,2.382581,7.789756,5.273647,
638520715677184460,239579,16.9565,0.382227,19.33289,17.53645,27.15182,17.63269,2.367057,7.739004,5.239288,
638520715677294458,239590,16.92791,0.3815825,19.3003,17.50403,27.10163,17.6001,2.352331,7.690857,5.206693,
638520715677404463,239602,16.89942,0.3809403,19.26781,17.47173,27.05161,17.56761,2.337655,7.642873,5.174208,
638520715677519668,239613,16.86983,0.3802735,19.23409,17.43819,26.99968,17.53389,2.322418,7.593057,5.140482,
638520715677629670,239624,16.83879,0.3795738,19.1987,17.40299,26.94518,17.4985,2.306428,7.54078,5.105092,
638520715677739379,239635,16.81154,0.3789594,19.16762,17.37208,26.89733,17.46742,2.292389,7.494879,5.074017,
638520715677849369,239646,16.78184,0.3782899,19.13376,17.33841,26.84518,17.43356,2.27709,7.444859,5.040153,
638520715677959375,239657,16.75231,0.3776244,19.1001,17.30493,26.79335,17.3999,2.261882,7.395137,5.006492,
638520715678069370,239668,16.72394,0.3769848,19.06775,17.27275,26.74353,17.36754,2.247265,7.34735,4.97414,
638520715678189365,239680,16.69425,0.3763155,19.03389,17.23908,26.6914,17.33369,2.231971,7.297344,4.940287,
638520715678299367,239691,16.66415,0.3756371,18.99958,17.20496,26.63857,17.29938,2.216469,7.246663,4.905976,
638520715678409367,239702,16.63465,0.3749721,18.96594,17.17151,26.58677,17.26574,2.201272,7.196977,4.872338,
638520715678519369,239713,16.60558,0.3743167,18.9328,17.13854,26.53573,17.23259,2.186296,7.148013,4.83919,
638520715678629369,239724,16.57744,0.3736824,18.90071,17.10663,26.48633,17.20051,2.171802,7.100626,4.807109,
638520715678738311,239735,16.54854,0.373031,18.86777,17.07387,26.43559,17.16756,2.156916,7.051959,4.774161,
638520715678848302,239746,16.51887,0.3723621,18.83393,17.04022,26.3835,17.13373,2.141631,7.001983,4.740328,
638520715678964188,239758,16.48948,0.3716996,18.80043,17.00689,26.3319,17.10022,2.126492,6.952487,4.706819,
638520715679074183,239768,16.45908,0.3710145,18.76577,16.97243,26.27854,17.06557,2.110836,6.901301,4.672167,
638520715679184174,239779,16.43167,0.3703967,18.73452,16.94135,26.23042,17.03432,2.096718,6.855143,4.640917,
638520715679294179,239790,16.40181,0.3697235,18.70047,16.90749,26.17798,17.00027,2.081335,6.804848,4.606868,
638520715679404186,239802,16.37348,0.3690848,18.66817,16.87536,26.12824,16.96797,2.06674,6.757131,4.574564,
638520715679514297,239813,16.34373,0.3684144,18.63426,16.84163,26.07603,16.93406,2.05142,6.707044,4.540655,
638520715679624285,239824,16.31399,0.367744,18.60035,16.80791,26.02381,16.90015,2.0361,6.656954,4.506744,
638520715679741586,239835,16.28529,0.3670969,18.56762,16.77536,25.97341,16.86742,2.021313,6.608611,4.474016,
638520715679851599,239846,16.2551,0.3664165,18.53321,16.74113,25.92042,16.833,2.005765,6.557776,4.439601,
638520715679961594,239857,16.22652,0.3657722,18.50062,16.70872,25.87024,16.80042,1.991043,6.509642,4.407014,
638520715680071592,239868,16.19711,0.3651094,18.46709,16.67538,25.81861,16.76689,1.975896,6.46012,4.373488,
638520715680181599,239879,16.16797,0.3644525,18.43387,16.64234,25.76745,16.73367,1.960884,6.411041,4.340262,
638520715680291591,239890,16.1391,0.3638017,18.40095,16.6096,25.71676,16.70075,1.946013,6.362418,4.307344,
638520715680401593,239901,16.10983,0.3631418,18.36758,16.57641,25.66537,16.66737,1.930934,6.31312,4.27397,
638520715680521717,239913,16.08101,0.3624923,18.33472,16.54373,25.61478,16.63452,1.916092,6.264595,4.241118,
638520715680621724,239924,16.05089,0.3618132,18.30037,16.50957,25.56189,16.60017,1.900572,6.213853,4.206767,
