time(100ns),time_stamp(ms),object1.x,object1.y,object1.z,object2.x,object2.y,object2.z,object3.x,object3.y,object3.z,
638521427722662685,542225,21.77608,10.92931,20,-16.79491,24.28299,20,32.70938,16.23151,20,
638521427722742674,542232,21.7272,10.90477,19.95511,-16.75722,24.22848,19.95511,32.63596,16.19508,19.95511,
638521427722832675,542242,21.70212,10.89219,19.93208,-16.73787,24.20051,19.93208,32.59829,16.17638,19.93208,
638521427722942676,542253,21.67065,10.87639,19.90317,-16.7136,24.16541,19.90317,32.55101,16.15292,19.90317,
638521427723052676,542264,21.63469,10.85834,19.87014,-16.68586,24.12531,19.87014,32.49699,16.12611,19.87014,
638521427723162669,542275,21.59832,10.84009,19.83673,-16.65781,24.08476,19.83673,32.44236,16.099,19.83673,
638521427723272678,542286,21.56172,10.82172,19.80312,-16.62958,24.04394,19.80312,32.38739,16.07172,19.80312,
638521427723392671,542297,21.52577,10.80367,19.7701,-16.60186,24.00385,19.7701,32.33339,16.04493,19.7701,
638521427723502672,542308,21.48922,10.78533,19.73654,-16.57367,23.9631,19.73654,32.2785,16.01769,19.73654,
638521427723612674,542319,21.45308,10.76719,19.70334,-16.54579,23.92279,19.70334,32.2242,15.99074,19.70334,
638521427723722685,542331,21.41717,10.74917,19.67036,-16.5181,23.88275,19.67036,32.17026,15.96398,19.67036,
638521427723832669,542342,21.38029,10.73066,19.6365,-16.48966,23.84163,19.6365,32.11488,15.93649,19.6365,
638521427723942679,542353,21.34402,10.71246,19.60318,-16.46168,23.80119,19.60318,32.06039,15.90946,19.60318,
638521427724052678,542364,21.30847,10.69461,19.57053,-16.43426,23.76154,19.57053,32.00699,15.88296,19.57053,
638521427724162674,542375,21.27217,10.67639,19.53719,-16.40626,23.72106,19.53719,31.95246,15.8559,19.53719,
638521427724272673,542386,21.23597,10.65823,19.50394,-16.37835,23.6807,19.50394,31.89809,15.82892,19.50394,
638521427724392674,542397,21.19932,10.63983,19.47028,-16.35008,23.63982,19.47028,31.84303,15.8016,19.47028,
638521427724502672,542408,21.16309,10.62165,19.437,-16.32213,23.59942,19.437,31.78861,15.77459,19.437,
638521427724612674,542419,21.12704,10.60356,19.4039,-16.29434,23.55923,19.4039,31.73448,15.74773,19.4039,
638521427724722674,542431,21.09059,10.58526,19.37042,-16.26622,23.51858,19.37042,31.67972,15.72055,19.37042,
638521427724832675,542441,21.0541,10.56695,19.3369,-16.23808,23.47789,19.3369,31.62491,15.69335,19.3369,
638521427724942826,542453,21.01816,10.54891,19.30389,-16.21036,23.43781,19.30389,31.57092,15.66656,19.30389,
638521427725052817,542464,20.9819,10.53071,19.27059,-16.18239,23.39737,19.27059,31.51645,15.63954,19.27059,
638521427725162819,542475,20.94523,10.51231,19.23691,-16.15411,23.35648,19.23691,31.46137,15.6122,19.23691,
638521427725272831,542486,20.90947,10.49436,19.20407,-16.12653,23.3166,19.20407,31.40765,15.58555,19.20407,
638521427725392816,542497,20.87289,10.476,19.17048,-16.09832,23.27581,19.17048,31.35271,15.55828,19.17048,
638521427725492815,542508,20.83606,10.45751,19.13665,-16.06991,23.23474,19.13665,31.29739,15.53083,19.13665,
638521427725612819,542519,20.80058,10.43971,19.10407,-16.04255,23.19518,19.10407,31.2441,15.50439,19.10407,
638521427725722813,542531,20.76413,10.42142,19.07059,-16.01444,23.15454,19.07059,31.18935,15.47722,19.07059,
638521427725832829,542541,20.72708,10.40282,19.03656,-15.98586,23.11322,19.03656,31.13369,15.4496,19.03656,
638521427725942815,542553,20.69174,10.38508,19.0041,-15.9586,23.07381,19.0041,31.0806,15.42325,19.0041,
638521427726052816,542564,20.65501,10.36665,18.97037,-15.93028,23.03286,18.97037,31.02544,15.39588,18.97037,
638521427726162832,542575,20.61873,10.34844,18.93705,-15.9023,22.9924,18.93705,30.97095,15.36884,18.93705,
638521427726272815,542586,20.583,10.3305,18.90423,-15.87473,22.95255,18.90423,30.91727,15.3422,18.90423,
638521427726392815,542597,20.54603,10.31195,18.87028,-15.84622,22.91133,18.87028,30.86174,15.31465,18.87028,
638521427726502831,542609,20.50932,10.29353,18.83656,-15.81791,22.87039,18.83656,30.80661,15.28729,18.83656,
638521427726612828,542620,20.4724,10.275,18.80265,-15.78944,22.82922,18.80265,30.75114,15.25976,18.80265,
638521427726722816,542631,20.43536,10.25641,18.76863,-15.76087,22.78792,18.76863,30.69551,15.23216,18.76863,
638521427726842824,542642,20.39914,10.23822,18.73536,-15.73293,22.74752,18.73536,30.64109,15.20515,18.73536,
638521427726952839,542654,20.36263,10.2199,18.70184,-15.70477,22.70681,18.70184,30.58626,15.17794,18.70184,
638521427727062820,542665,20.32552,10.20128,18.66775,-15.67616,22.66543,18.66775,30.53052,15.15028,18.66775,
638521427727182822,542677,20.28901,10.18295,18.63422,-15.648,22.62472,18.63422,30.47568,15.12307,18.63422,
638521427727292824,542687,20.25046,10.16361,18.59881,-15.61826,22.58173,18.59881,30.41777,15.09433,18.59881,
638521427727402939,542698,20.21532,10.14597,18.56654,-15.59116,22.54255,18.56654,30.36499,15.06814,18.56654,
638521427727512924,542710,20.17876,10.12762,18.53296,-15.56296,22.50177,18.53296,30.31007,15.04089,18.53296,
638521427727622930,542721,20.14243,10.10938,18.49959,-15.53494,22.46126,18.49959,30.2555,15.01381,18.49959,
638521427727732923,542732,20.10631,10.09126,18.46642,-15.50709,22.42099,18.46642,30.20125,14.98689,18.46642,
638521427727842924,542743,20.06967,10.07287,18.43277,-15.47883,22.38013,18.43277,30.14621,14.95958,18.43277,
638521427727952942,542754,20.03364,10.05478,18.39968,-15.45104,22.33994,18.39968,30.09208,14.93272,18.39968,
638521427728062931,542765,19.9973,10.03654,18.3663,-15.42301,22.29942,18.3663,30.0375,14.90563,18.3663,
638521427728182927,542776,19.96136,10.01851,18.33329,-15.39529,22.25935,18.33329,29.98352,14.87884,18.33329,
638521427728292935,542787,19.92442,9.999968,18.29937,-15.36681,22.21815,18.29937,29.92804,14.85131,18.29937,
638521427728402929,542799,19.88817,9.981773,18.26607,-15.33885,22.17773,18.26607,29.87358,14.82429,18.26607,
638521427728512932,542810,19.85243,9.963837,18.23325,-15.31128,22.13788,18.23325,29.8199,14.79765,18.23325,
638521427728622921,542821,19.8159,9.945501,18.1997,-15.28311,22.09714,18.1997,29.76503,14.77042,18.1997,
638521427728732932,542832,19.77988,9.927423,18.16661,-15.25533,22.05697,18.16661,29.71092,14.74357,18.16661,
638521427728842916,542843,19.74324,9.909032,18.13296,-15.22707,22.01611,18.13296,29.65588,14.71626,18.13296,
638521427728952924,542854,19.70693,9.890808,18.09961,-15.19906,21.97562,18.09961,29.60134,14.68919,18.09961,
638521427729062925,542865,19.67103,9.872789,18.06664,-15.17137,21.93559,18.06664,29.54741,14.66243,18.06664,
638521427729182932,542876,19.63447,9.854442,18.03306,-15.14318,21.89482,18.03306,29.4925,14.63518,18.03306,
638521427729292932,542887,19.5981,9.836188,17.99966,-15.11513,21.85427,17.99966,29.43787,14.60807,17.99966,
638521427729402925,542898,19.56234,9.81824,17.96682,-15.08755,21.81439,17.96682,29.38416,14.58142,17.96682,
638521427729512921,542910,19.52598,9.799992,17.93342,-15.05951,21.77384,17.93342,29.32954,14.55432,17.93342,
638521427729622928,542921,19.48932,9.781589,17.89975,-15.03123,21.73296,17.89975,29.27447,14.52699,17.89975,
638521427729732924,542932,19.45337,9.763551,17.86674,-15.00351,21.69288,17.86674,29.22048,14.5002,17.86674,
638521427729842916,542943,19.41643,9.745008,17.83281,-14.97501,21.65168,17.83281,29.16499,14.47266,17.83281,
638521427729953041,542954,19.38008,9.726762,17.79942,-14.94697,21.61114,17.79942,29.11038,14.44556,17.79942,
638521427730063035,542965,19.34443,9.708874,17.76668,-14.91949,21.5714,17.76668,29.05684,14.41899,17.76668,
638521427730183049,542976,19.30819,9.690684,17.7334,-14.89153,21.53098,17.7334,29.00241,14.39198,17.7334,
638521427730283040,542987,19.27136,9.672201,17.69957,-14.86313,21.48992,17.69957,28.94709,14.36453,17.69957,
638521427730403039,542998,19.23602,9.654459,17.66711,-14.83587,21.4505,17.66711,28.89399,14.33818,17.66711,
638521427730513061,543009,19.19942,9.636094,17.6335,-14.80765,21.40969,17.6335,28.83903,14.31091,17.6335,
638521427730623047,543021,19.16297,9.617801,17.60002,-14.77953,21.36905,17.60002,28.78428,14.28374,17.60002,
638521427730733038,543032,19.12691,9.599704,17.56691,-14.75173,21.32884,17.56691,28.73012,14.25686,17.56691,
638521427730843034,543043,19.09013,9.581242,17.53312,-14.72335,21.28782,17.53312,28.67486,14.22944,17.53312,
638521427730953029,543054,19.05411,9.563165,17.50004,-14.69558,21.24766,17.50004,28.62076,14.2026,17.50004,
638521427731063047,543065,19.01743,9.544755,17.46635,-14.66729,21.20676,17.46635,28.56567,14.17526,17.46635,
638521427731183049,543076,18.98192,9.526932,17.43374,-14.6399,21.16716,17.43374,28.51232,14.14879,17.43374,
638521427731293047,543087,18.94502,9.508414,17.39985,-14.61144,21.12601,17.39985,28.4569,14.12128,17.39985,
638521427731403053,543098,18.90865,9.49016,17.36645,-14.58339,21.08545,17.36645,28.40227,14.09417,17.36645,
638521427731513053,543109,18.87239,9.47196,17.33314,-14.55542,21.04502,17.33314,28.3478,14.06715,17.33314,
638521427731623040,543120,18.83636,9.453876,17.30005,-14.52763,21.00484,17.30005,28.29368,14.04029,17.30005,
638521427731733036,543132,18.80014,9.435698,17.26678,-14.4997,20.96445,17.26678,28.23928,14.01329,17.26678,
638521427731843044,543143,18.76397,9.417545,17.23357,-14.4718,20.92412,17.23357,28.18495,13.98633,17.23357,
638521427731953035,543154,18.72742,9.399201,17.2,-14.44361,20.88336,17.2,28.13005,13.95909,17.2,
638521427732063037,543165,18.69153,9.381186,17.16703,-14.41593,20.84334,17.16703,28.07613,13.93233,17.16703,
638521427732183045,543176,18.65532,9.363014,17.13378,-14.38801,20.80296,17.13378,28.02175,13.90534,17.13378,
638521427732293053,543187,18.61812,9.344345,17.09961,-14.35932,20.76148,17.09961,27.96587,13.87762,17.09961,
638521427732403140,543198,18.58272,9.326577,17.0671,-14.33201,20.72201,17.0671,27.9127,13.85123,17.0671,
638521427732513147,543209,18.54633,9.308312,17.03368,-14.30395,20.68143,17.03368,27.85803,13.82411,17.03368,
638521427732623136,543220,18.51015,9.290152,17.00044,-14.27604,20.64108,17.00044,27.80368,13.79713,17.00044,
638521427732733145,543232,18.47418,9.272099,16.96741,-14.2483,20.60097,16.96741,27.74966,13.77032,16.96741,
638521427732843140,543243,18.43743,9.253654,16.93365,-14.21995,20.55999,16.93365,27.69445,13.74293,16.93365,
638521427732953139,543254,18.40137,9.235557,16.90054,-14.19214,20.51978,16.90054,27.64029,13.71605,16.90054,
638521427733063132,543265,18.36498,9.217295,16.86712,-14.16408,20.4792,16.86712,27.58564,13.68893,16.86712,
638521427733173145,543276,18.3287,9.199085,16.8338,-14.1361,20.43874,16.8338,27.53114,13.66189,16.8338,
638521427733283143,543287,18.29257,9.180952,16.80061,-14.10823,20.39845,16.80061,27.47687,13.63496,16.80061,
638521427733403150,543298,18.25632,9.162756,16.76731,-14.08027,20.35803,16.76731,27.42241,13.60793,16.76731,
638521427733513156,543309,18.2199,9.144479,16.73387,-14.05219,20.31742,16.73387,27.36771,13.58079,16.73387,
638521427733623144,543320,18.18357,9.126244,16.7005,-14.02416,20.2769,16.7005,27.31314,13.55371,16.7005,
638521427733733144,543331,18.14784,9.108314,16.66769,-13.99661,20.23706,16.66769,27.25948,13.52708,16.66769,
638521427733843147,543343,18.11101,9.089828,16.63386,-13.96821,20.19599,16.63386,27.20416,13.49963,16.63386,
638521427733953147,543354,18.07464,9.071577,16.60046,-13.94016,20.15544,16.60046,27.14953,13.47252,16.60046,
638521427734063141,543365,18.03827,9.053318,16.56705,-13.9121,20.11487,16.56705,27.09489,13.4454,16.56705,
638521427734173151,543376,18.00218,9.035209,16.53391,-13.88427,20.07464,16.53391,27.04069,13.41851,16.53391,
638521427734283158,543387,17.9657,9.016899,16.50041,-13.85614,20.03396,16.50041,26.98589,13.39132,16.50041,
638521427734393144,543398,17.92983,8.998894,16.46746,-3.617051,7.632674,20,26.932,13.36458,16.46746,
638521427734513146,543409,17.8935,8.980659,16.43409,-3.611016,7.619939,19.96663,26.87743,13.33749,16.43409,
638521427734623188,543420,17.85714,8.96241,16.40069,-3.604977,7.607194,19.93324,26.82281,13.31039,16.40069,
638521427734733139,543432,17.82111,8.944331,16.36761,-3.598993,7.594569,19.90015,26.76871,13.28354,16.36761,
638521427734843148,543443,17.78426,8.925835,16.33376,-3.592872,7.581651,19.8663,26.71335,13.25607,16.33376,
638521427734953289,543454,17.74778,8.907526,16.30026,-3.586812,7.568865,19.8328,26.65855,13.22888,16.30026,
638521427735063286,543465,17.71198,8.889561,16.26738,-3.580867,7.556319,19.79992,26.60479,13.2022,16.26738,
638521427735183287,543476,17.67562,8.871308,16.23398,-3.574826,7.543572,19.76652,26.55016,13.17509,16.23398,
638521427735283313,543487,17.63905,8.852955,16.20039,-3.568752,7.530754,19.73294,26.49523,13.14783,16.20039,
638521427735403272,543498,17.60296,8.834843,16.16725,-3.562757,7.518105,19.69979,26.44102,13.12093,16.16725,
638521427735513278,543509,17.56562,8.816102,16.13296,-3.556555,7.505017,19.6655,26.38494,13.0931,16.13296,
638521427735623290,543520,17.53054,8.798496,16.10074,-3.550729,7.492723,19.63328,26.33225,13.06696,16.10074,
638521427735733292,543531,17.49417,8.78024,16.06733,-3.544687,7.479973,19.59987,26.27761,13.03984,16.06733,
638521427735843290,543543,17.45794,8.76206,16.03406,-3.53867,7.467277,19.56661,26.2232,13.01284,16.03406,
638521427735953298,543554,17.42171,8.743872,16.00078,-3.532651,7.454574,19.53332,26.16876,12.98583,16.00078,
638521427736063275,543565,17.38429,8.725095,15.96642,-3.526437,7.441461,19.49896,26.11257,12.95794,15.96642,
638521427736173278,543576,17.34892,8.707342,15.93393,-3.520561,7.429063,19.46647,26.05944,12.93158,15.93393,
638521427736283275,543587,17.3129,8.689263,15.90085,-3.514578,7.416438,19.43339,26.00533,12.90473,15.90085,
638521427736433275,543601,17.27665,8.67107,15.86756,-3.508557,7.403732,19.4001,25.95088,12.87771,15.86756,
638521427736543276,543612,17.23004,8.647678,15.82475,-3.500815,7.387396,19.35729,25.88087,12.84297,15.82475,
638521427736653288,543623,17.19403,8.629606,15.79168,-3.494834,7.374775,19.32422,25.82679,12.81613,15.79168,
638521427736803276,543639,17.15824,8.611643,15.75881,-3.488889,7.36223,19.29135,25.77303,12.78945,15.75881,
638521427736863282,543644,17.10731,8.586078,15.71202,-3.480429,7.344376,19.24456,25.69651,12.75148,15.71202,
638521427736953288,543653,17.08843,8.576605,15.69469,-3.477293,7.33776,19.22723,25.66816,12.73742,15.69469,
638521427737063280,543665,17.05932,8.561994,15.66795,-3.472458,7.327556,19.20049,25.62443,12.71572,15.66795,
638521427737173297,543676,17.02245,8.543488,15.63409,-3.466334,7.314632,19.16663,25.56905,12.68823,15.63409,
638521427737283276,543687,16.98579,8.525089,15.60042,-3.460245,7.301784,19.13296,25.51399,12.66091,15.60042,
638521427737393427,543698,16.95009,8.507172,15.56763,-3.454315,7.28927,19.10017,25.46036,12.6343,15.56763,
638521427737513429,543709,16.91331,8.488714,15.53385,-3.448206,7.27638,19.06639,25.40512,12.60689,15.53385,
638521427737623431,543720,16.87728,8.470627,15.50075,-3.44222,7.263748,19.03329,25.35099,12.58002,15.50075,
638521427737733428,543731,16.84126,8.452547,15.46767,-3.436237,7.251122,19.00021,25.29688,12.55317,15.46767,
638521427737843415,543743,16.80488,8.43429,15.43426,-3.430194,7.238372,18.9668,25.24224,12.52606,15.43426,
638521427737953419,543753,16.7683,8.415935,15.40067,-3.424119,7.225553,18.93321,25.1873,12.4988,15.40067,
638521427738063402,543765,16.73266,8.398045,15.36793,-3.418199,7.213059,18.90047,25.13376,12.47223,15.36793,
638521427738183435,543776,16.69642,8.379855,15.33465,-3.412179,7.200356,18.86719,25.07932,12.44522,15.33465,
638521427738283418,543787,16.65777,8.360458,15.29915,-3.40576,7.18681,18.83169,25.02127,12.41641,15.29915,
638521427738393416,543798,16.62313,8.343073,15.26734,-3.400006,7.174669,18.79988,24.96924,12.39059,15.26734,
638521427738513422,543809,16.58734,8.325109,15.23447,-3.394061,7.162123,18.767,24.91548,12.36391,15.23447,
638521427738623427,543820,16.55027,8.306506,15.20042,-3.387904,7.149132,18.73296,24.8598,12.33628,15.20042,
638521427738733421,543831,16.51487,8.288736,15.16791,-3.382023,7.136722,18.70044,24.80662,12.30989,15.16791,
638521427738843414,543843,16.47842,8.270445,15.13443,-3.37597,7.123947,18.66697,24.75188,12.28273,15.13443,
638521427738953424,543853,16.44194,8.252136,15.10093,-3.36991,7.111161,18.63347,24.69709,12.25554,15.10093,
638521427739063422,543865,16.40607,8.23413,15.06798,-3.363951,7.098587,18.60052,24.6432,12.2288,15.06798,
638521427739173428,543876,16.3699,8.215975,15.03476,-3.357943,7.085908,18.5673,24.58887,12.20183,15.03476,
638521427739283418,543887,16.33331,8.197611,15.00115,-3.351866,7.073083,18.53369,24.53391,12.17456,15.00115,
638521427739393416,543898,16.29733,8.179552,14.96811,-3.345889,7.060472,18.50064,24.47986,12.14774,14.96811,
638521427739503436,543909,16.2608,8.161221,14.93456,-3.339822,7.047669,18.4671,24.425,12.12051,14.93456,
638521427739623421,543920,16.22448,8.142989,14.9012,-3.333788,7.034937,18.43374,24.37043,12.09344,14.9012,
638521427739733421,543931,16.18774,8.124554,14.86746,-3.327687,7.022063,18.4,24.31526,12.06606,14.86746,
638521427739843416,543942,16.15157,8.106396,14.83424,-3.321678,7.009382,18.36677,24.26092,12.03909,14.83424,
638521427739953566,543953,16.11597,8.088531,14.80154,-3.315766,6.996906,18.33408,24.20745,12.01256,14.80154,
638521427740063568,543965,16.07963,8.070292,14.76817,-3.309729,6.984169,18.30071,24.15287,11.98547,14.76817,
638521427740173584,543976,16.04323,8.052023,14.73474,-3.303683,6.97141,18.26727,24.09819,11.95834,14.73474,
638521427740283564,543987,16.00679,8.033732,14.70127,-3.29763,6.958637,18.2338,24.04345,11.93118,14.70127,
638521427740393574,543998,15.97072,8.015627,14.66814,-3.291638,6.945992,18.20067,23.98927,11.90429,14.66814,
638521427740503560,544009,15.93429,7.997347,14.63468,-3.285589,6.933227,18.16722,23.93456,11.87714,14.63468,
638521427740613563,544020,15.89836,7.979314,14.60168,-3.27962,6.920633,18.13422,23.88059,11.85036,14.60168,
638521427740733561,544031,15.86192,7.961025,14.56822,-3.273568,6.90786,18.10076,23.82585,11.8232,14.56822,
638521427740843558,544042,15.82544,7.942712,14.53471,-3.267507,6.895071,18.06724,23.77104,11.796,14.53471,
638521427740953565,544053,15.78937,7.92461,14.50158,-3.261516,6.882429,18.03412,23.71687,11.76912,14.50158,
638521427741063565,544065,15.75307,7.906392,14.46824,-3.255487,6.869706,18.00078,23.66234,11.74206,14.46824,
638521427741173567,544076,15.7167,7.888139,14.43484,-3.249446,6.856959,17.96738,23.60772,11.71495,14.43484,
638521427741283558,544087,15.68061,7.870025,14.40169,-3.243451,6.844308,17.93423,23.5535,11.68805,14.40169,
638521427741393566,544098,15.64422,7.851762,14.36827,-3.237407,6.831554,17.90081,23.49885,11.66093,14.36827,
638521427741513568,544109,15.60773,7.833448,14.33476,-3.231346,6.818764,17.8673,23.44404,11.63373,14.33476,
638521427741613572,544120,15.57047,7.814746,14.30054,-3.225157,6.805704,17.83307,23.38807,11.60596,14.30054,
638521427741723563,544131,15.53557,7.797229,14.26848,-3.219359,6.79347,17.80102,23.33564,11.57994,14.26848,
638521427741843563,544142,15.49919,7.778973,14.23507,-3.213317,6.780721,17.76761,23.28101,11.55283,14.23507,
638521427741953561,544153,15.46286,7.760738,14.2017,-3.207283,6.767986,17.73424,23.22643,11.52575,14.2017,
638521427742063554,544164,15.42665,7.742564,14.16845,-3.201268,6.755294,17.70098,23.17204,11.49875,14.16845,
638521427742173564,544176,15.39018,7.724259,14.13495,-3.19521,6.742511,17.66749,23.11726,11.47157,14.13495,
638521427742283575,544187,15.35387,7.706035,14.1016,-3.189179,6.729784,17.63414,23.06272,11.4445,14.1016,
638521427742393669,544198,15.31767,7.687865,14.06835,-3.183166,6.717095,17.60089,23.00834,11.41752,14.06835,
638521427742513671,544209,15.28151,7.669719,14.03515,-3.17716,6.704422,17.56768,22.95403,11.39057,14.03515,
638521427742613654,544220,15.24435,7.651069,14.00102,-3.170988,6.691398,17.53356,22.89822,11.36287,14.00102,
638521427742723669,544231,15.20897,7.633308,13.96852,-3.16511,6.678994,17.50105,22.84506,11.3365,13.96852,
638521427742843665,544242,15.17229,7.6149,13.93483,-3.159018,6.666139,17.46737,22.78997,11.30916,13.93483,
638521427742953665,544253,15.1361,7.596737,13.90159,-22.83516,-28.65991,20,22.73561,11.28218,13.90159,
638521427743063668,544264,15.10028,7.578759,13.86869,-22.7976,-28.61276,19.9671,22.6818,11.25548,13.86869,
638521427743173657,544276,15.06385,7.560477,13.83524,-22.75941,-28.56483,19.93365,22.62709,11.22833,13.83524,
638521427743283657,544287,15.02709,7.542026,13.80147,-22.72085,-28.51644,19.89988,22.57187,11.20093,13.80147,
638521427743393666,544298,14.991,7.523914,13.76833,-22.68301,-28.46895,19.86674,22.51766,11.17403,13.76833,
638521427743503672,544309,14.95473,7.50571,13.73502,-22.64498,-28.42121,19.83343,22.46318,11.147,13.73502,
638521427743613667,544320,14.91846,7.487506,13.70171,-22.60694,-28.37348,19.80012,22.4087,11.11996,13.70171,
638521427743723666,544331,14.8822,7.469307,13.6684,-22.56892,-28.32575,19.76681,22.35423,11.09293,13.6684,
638521427743843668,544342,14.84584,7.451057,13.63501,-22.53079,-28.27789,19.73342,22.29961,11.06583,13.63501,
638521427743953667,544353,14.80888,7.432507,13.60106,-22.49203,-28.22925,19.69947,22.2441,11.03828,13.60106,
638521427744063673,544364,14.77379,7.414896,13.56883,-22.45523,-28.18307,19.66724,22.19139,11.01213,13.56883,
638521427744173685,544375,14.73724,7.396551,13.53526,-22.41691,-28.13496,19.63367,22.13649,10.98488,13.53526,
638521427744283658,544387,14.70098,7.378353,13.50196,-22.37889,-28.08724,19.60037,22.08203,10.95786,13.50196,
638521427744393659,544398,14.66486,7.360225,13.46879,-22.34101,-28.03971,19.5672,22.02777,10.93093,13.46879,
638521427744503659,544409,14.62825,7.341847,13.43516,-22.30261,-27.99152,19.53357,21.97277,10.90364,13.43516,
638521427744613653,544420,14.59236,7.323836,13.4022,-22.26498,-27.94428,19.50061,21.91887,10.87689,13.4022,
638521427744723659,544431,14.556,7.305587,13.36881,-22.22685,-27.89643,19.46722,21.86425,10.84979,13.36881,
638521427744843667,544442,14.51922,7.287128,13.33503,-22.18829,-27.84803,19.43344,21.80901,10.82237,13.33503,
638521427744953657,544453,14.48327,7.269086,13.30201,-22.15059,-27.80072,19.40042,21.75501,10.79558,13.30201,
638521427745063663,544464,14.44718,7.250971,13.26886,-22.11274,-27.75321,19.36727,21.7008,10.76867,13.26886,
638521427745173673,544475,14.41067,7.232647,13.23533,-22.07446,-27.70516,19.33374,21.64596,10.74146,13.23533,
638521427745283666,544487,14.3744,7.214444,13.20202,-22.03642,-27.65743,19.30043,21.59148,10.71443,13.20202,
638521427745393658,544498,14.33844,7.196393,13.16899,-21.99871,-27.61009,19.2674,21.53746,10.68762,13.16899,
638521427745503666,544509,14.30175,7.17798,13.13529,-21.96024,-27.56181,19.23371,21.48235,10.66027,13.13529,
638521427745613665,544520,14.26541,7.159741,13.10192,-21.92213,-27.51398,19.20033,21.42776,10.63319,13.10192,
638521427745723660,544531,14.22953,7.141732,13.06896,-21.8845,-27.46675,19.16737,21.37387,10.60644,13.06896,
638521427745843666,544543,14.19289,7.123346,13.03532,-21.84609,-27.41854,19.13373,21.31884,10.57914,13.03532,
638521427745953672,544553,14.15505,7.104354,13.00056,-21.80641,-27.36874,19.09897,21.262,10.55093,13.00056,
638521427746063666,544564,14.11993,7.086724,12.9683,-21.76957,-27.32251,19.06671,21.20924,10.52475,12.9683,
638521427746173667,544575,14.08425,7.068817,12.93553,-21.73216,-27.27555,19.03394,21.15565,10.49815,12.93553,
638521427746283671,544587,14.04801,7.050629,12.90225,-21.69416,-27.22785,19.00066,21.10121,10.47114,12.90225,
638521427746393668,544598,14.01178,7.032445,12.86897,-21.65617,-27.18017,18.96739,21.04679,10.44414,12.86897,
638521427746503665,544609,13.97536,7.014167,12.83553,-21.61798,-27.13224,18.93394,20.99209,10.41699,12.83553,
638521427746613668,544620,13.93929,6.996064,12.8024,-21.58015,-27.08477,18.90081,20.93791,10.3901,12.8024,
638521427746723666,544631,13.903,6.97785,12.76907,-21.5421,-27.03701,18.86748,20.8834,10.36305,12.76907,
638521427746833660,544642,13.8663,6.959428,12.73536,-21.5036,-26.9887,18.83377,20.82826,10.3357,12.73536,
638521427746943665,544653,13.83039,6.941407,12.70238,-21.46595,-26.94144,18.80079,20.77433,10.30893,12.70238,
638521427747063663,544664,13.79415,6.923216,12.66909,-21.42795,-26.89374,18.7675,20.71989,10.28192,12.66909,
638521427747173659,544675,13.75786,6.905005,12.63577,-21.3899,-26.84599,18.73418,20.66538,10.25487,12.63577,
638521427747283662,544686,13.72157,6.886792,12.60244,-21.35184,-26.79823,18.70085,20.61087,10.22782,12.60244,
638521427747393668,544698,13.68529,6.868581,12.56911,-21.31379,-26.75047,18.66752,20.55637,10.20077,12.56911,
638521427747503656,544709,13.64891,6.850322,12.5357,-21.27564,-26.70259,18.63411,20.50173,10.17366,12.5357,
638521427747613664,544720,13.61272,6.832159,12.50246,-21.23769,-26.65496,18.60087,20.44736,10.14668,12.50246,
638521427747723672,544731,13.57635,6.813908,12.46906,-21.19956,-26.6071,18.56747,20.39274,10.11958,12.46906,
638521427747833661,544742,13.54004,6.795681,12.43571,-21.16148,-26.55931,18.53412,20.33819,10.09251,12.43571,
638521427747943659,544753,13.50401,6.7776,12.40262,-21.1237,-26.51189,18.50103,20.28408,10.06566,12.40262,
638521427748063659,544764,13.4677,6.759372,12.36927,-21.08562,-26.46409,18.46768,20.22953,10.03858,12.36927,
638521427748173659,544775,13.43109,6.741001,12.33565,-21.04724,-26.41592,18.43406,20.17455,10.0113,12.33565,
638521427748283656,544787,13.39504,6.722906,12.30254,-21.00943,-26.36847,18.40094,20.12039,9.984426,12.30254,
638521427748393671,544798,13.35834,6.704489,12.26883,-20.97095,-26.32017,18.36724,20.06527,9.957075,12.26883,
638521427748503674,544809,13.32232,6.686408,12.23575,-20.93317,-26.27276,18.33416,20.01116,9.930223,12.23575,
638521427748613666,544820,13.28467,6.667515,12.20117,-20.8937,-26.22322,18.29959,19.95462,9.902165,12.20117,
638521427748723653,544831,13.24993,6.650075,12.16926,-20.85726,-26.17748,18.26767,19.90243,9.876265,12.16926,
638521427748833666,544842,13.21305,6.631568,12.13539,-20.81859,-26.12895,18.2338,19.84704,9.848779,12.13539,
638521427748943663,544853,13.17722,6.613583,12.10248,-20.78102,-26.08179,18.20089,19.79321,9.822068,12.10248,
638521427749053669,544864,13.14099,6.595399,12.06921,-20.74302,-26.03411,18.16762,19.73879,9.795063,12.06921,
638521427749163660,544875,13.10465,6.577161,12.03583,-20.70492,-25.98628,18.13424,19.68421,9.767977,12.03583,
638521427749283667,544886,13.06869,6.559115,12.00281,-20.66721,-25.93896,18.10122,19.6302,9.741177,12.00281,
638521427749393662,544897,13.03228,6.540838,11.96936,-20.62902,-25.89103,18.06778,19.5755,9.714032,11.96936,
638521427749503665,544909,12.99584,6.522551,11.9359,-20.59082,-25.84308,18.03431,19.52077,9.686874,11.9359,
638521427749613666,544920,12.95967,6.504398,11.90268,-20.55289,-25.79548,18.00109,19.46644,9.659915,11.90268,
638521427749723668,544931,12.92333,6.486159,11.8693,-20.51478,-25.74765,17.96772,19.41185,9.632827,11.8693,
638521427749833659,544942,12.88701,6.467928,11.83594,-20.47669,-25.69984,17.93436,19.35729,9.605751,11.83594,
638521427749943660,544953,12.85083,6.449771,11.80272,-20.43875,-25.65223,17.90113,19.30295,9.578786,11.80272,
638521427750053665,544964,12.81443,6.431501,11.76928,-20.40058,-25.60432,17.8677,19.24827,9.551652,11.76928,
638521427750173667,544975,12.77808,6.413258,11.7359,-20.36246,-25.55648,17.83431,19.19367,9.524558,11.7359,
638521427750283660,544986,12.7418,6.39505,11.70258,-20.32442,-25.50873,17.80099,19.13918,9.497517,11.70258,
638521427750393663,544998,12.7054,6.376779,11.66914,-20.28625,-25.46082,17.76756,19.0845,9.470383,11.66914,
638521427750503658,545008,12.66922,6.358622,11.63592,-20.24831,-25.41321,17.73433,19.03016,9.443417,11.63592,
638521427750613657,545020,12.63338,6.340633,11.603,-20.21073,-25.36603,17.70141,18.97632,9.4167,11.603,
638521427750723661,545031,12.597,6.322372,11.56958,-20.17257,-25.31815,17.668,18.92167,9.38958,11.56958,
638521427750833656,545042,12.56042,6.304016,11.53599,-20.13422,-25.27001,17.63441,18.86673,9.362319,11.53599,
638521427750943656,545053,12.5244,6.285939,11.50291,-20.09645,-25.22261,17.60133,18.81263,9.335472,11.50291,
638521427751053654,545064,12.4883,6.267817,11.46975,-20.05859,-25.17509,17.56816,18.75839,9.308558,11.46975,
638521427751163656,545075,12.45178,6.249491,11.43621,-20.0203,-25.12703,17.53463,18.70355,9.281342,11.43621,
638521427751283660,545086,12.41582,6.231439,11.40318,-19.98258,-25.07969,17.5016,18.64952,9.254532,11.40318,
638521427751393660,545097,12.37916,6.21304,11.36951,-19.94414,-25.03144,17.46793,18.59446,9.227206,11.36951,
638521427751503667,545109,12.34269,6.194738,11.33602,-19.9059,-24.98345,17.43443,18.53969,9.200026,11.33602,
638521427751613661,545119,12.30649,6.17657,11.30277,-19.86794,-24.93581,17.40119,18.48532,9.173044,11.30277,
638521427751723665,545131,12.27063,6.158572,11.26984,-19.83034,-24.88861,17.36825,18.43145,9.146315,11.26984,
638521427751833661,545142,12.23375,6.140061,11.23597,-19.79166,-24.84007,17.33438,18.37605,9.118824,11.23597,
638521427751943667,545153,12.19725,6.121741,11.20244,-19.75338,-24.79203,17.30085,18.32122,9.091616,11.20244,
638521427752053663,545164,12.16177,6.103935,11.16986,-19.71618,-24.74534,17.26827,18.26793,9.065171,11.16986,
638521427752173663,545175,12.12534,6.085651,11.1364,-19.67798,-24.6974,17.23481,18.21321,9.038017,11.1364,
638521427752283666,545186,12.0888,6.067313,11.10284,-19.63967,-24.64931,17.20125,18.15833,9.010782,11.10284,
638521427752394996,545198,12.05252,6.049102,11.06952,-19.60162,-24.60155,17.16793,18.10383,8.983738,11.06952,
638521427752505007,545209,12.01601,6.03078,11.03599,-19.56334,-24.55351,17.1344,18.04899,8.956527,11.03599,
638521427752610188,545220,11.98035,6.01288,11.00323,-19.52594,-24.50657,17.10165,17.99542,8.929944,11.00323,
638521427752720191,545231,11.94371,5.99449,10.96958,-19.48751,-24.45835,17.06799,17.94038,8.902631,10.96958,
638521427752830199,545242,11.90725,5.976193,10.9361,-19.44929,-24.41037,17.03451,17.88562,8.875459,10.9361,
638521427752950180,545253,11.87147,5.958235,10.90324,-19.41176,-24.36328,17.00165,17.83188,8.848788,10.90324,
638521427753060194,545264,11.83519,5.940028,10.86992,-19.37372,-24.31553,16.96833,17.77739,8.821747,10.86992,
638521427753170199,545275,11.79882,5.921771,10.83651,-19.33558,-24.26765,16.93492,17.72275,8.794633,10.83651,
638521427753280193,545286,11.76256,5.903575,10.80321,-19.29756,-24.21994,16.90162,17.66829,8.76761,10.80321,
638521427753390188,545297,11.72636,5.885406,10.76996,-19.2596,-24.17229,16.86837,17.61391,8.740625,10.76996,
638521427753500191,545309,11.68975,5.867031,10.73634,-19.22121,-24.12411,16.83475,17.55892,8.713337,10.73634,
638521427753610306,545320,-3.518505,26.01237,20,-19.18306,-24.07623,16.80134,17.50428,8.686221,10.70293,
638521427753720309,545331,-3.512693,25.9694,19.96696,-19.14534,-24.02889,16.7683,17.45024,8.659408,10.66989,
638521427753830309,545342,-3.506756,25.92551,19.93322,-19.10681,-23.98053,16.73455,17.39505,8.632021,10.63614,
638521427753950316,545353,-3.500922,25.88238,19.90005,-19.06895,-23.93301,16.70139,17.34082,8.605108,10.60298,
638521427754060307,545364,-3.495108,25.8394,19.86701,-19.03122,-23.88565,16.66834,17.28677,8.578287,10.56993,
638521427754170308,545375,-3.489271,25.79624,19.83383,-18.99333,-23.83811,16.63517,17.23251,8.55136,10.53676,
638521427754280304,545386,-3.483402,25.75285,19.80046,-18.95524,-23.7903,16.6018,17.17794,8.524282,10.50339,
638521427754390318,545397,-3.47755,25.70959,19.7672,-18.91726,-23.74264,16.56854,17.12355,8.49729,10.47013,
638521427754500293,545408,-3.471667,25.66609,19.73376,-18.87908,-23.69472,16.5351,17.06885,8.470149,10.43669,
638521427754610417,545419,-3.465785,25.62261,19.70033,-18.84091,-23.6468,16.50167,17.01417,8.443013,10.40325,
638521427754720418,545431,-3.459955,25.57951,19.66719,-18.80307,-23.59932,16.46853,16.95997,8.416119,10.37011,
638521427754830411,545442,-3.454082,25.53609,19.63381,-18.76496,-23.55148,16.43515,16.90538,8.389028,10.33673,
638521427754945557,545453,-3.448204,25.49263,19.60039,-18.7268,-23.5036,16.40173,16.85073,8.361908,10.30332,
638521427755055552,545464,-3.442336,25.44925,19.56704,-18.68873,-23.4558,16.36838,16.79618,8.334841,10.26997,
638521427755165574,545475,-3.436465,25.40585,19.53367,-18.65062,-23.40798,16.335,16.74161,8.307756,10.23659,
638521427755275568,545486,-3.43058,25.36234,19.50022,-18.61243,-23.36005,16.30155,16.6869,8.280608,10.20314,
638521427755395568,545497,-3.42477,25.31939,19.46719,-18.57472,-23.31272,16.26853,16.63288,8.253804,10.17011,
638521427755495550,545508,-3.418808,25.2753,19.4333,-18.53602,-23.26415,16.23463,16.57745,8.226298,10.13622,
638521427755610761,545519,-3.413019,25.23251,19.40039,-18.49846,-23.217,16.20173,16.52364,8.199595,10.10332,
638521427755720764,545531,-3.407151,25.18913,19.36704,-18.46037,-23.1692,16.16838,16.46909,8.172524,10.06997,
638521427755830752,545541,-3.40129,25.1458,19.33372,-18.42234,-23.12147,16.13506,16.41461,8.145489,10.03665,
638521427755950767,545553,-3.39551,25.10307,19.30087,-18.38482,-23.07439,16.10221,16.36087,8.118825,10.0038,
638521427756060771,545564,-3.389522,25.0588,19.26683,-18.34596,-23.02561,16.06817,16.3052,8.091199,9.969757,
638521427756160751,545575,-3.383438,25.01381,19.23225,-18.30647,-22.97605,16.03358,16.24864,8.063131,9.935172,
638521427756280762,545586,-3.377908,24.97293,19.20082,-18.27058,-22.93101,16.00215,16.19724,8.037623,9.903742,
638521427756390762,545597,-3.372043,24.92957,19.16747,-18.23252,-22.88323,15.96881,16.14271,8.010565,9.870401,
638521427756500759,545608,-3.36614,24.88593,19.13392,-18.19421,-22.83515,15.93526,16.08784,7.983335,9.83685,
638521427756610862,545619,-3.360268,24.84252,19.10054,-18.1561,-22.78732,15.90188,16.03325,7.956245,9.80347,
638521427756720858,545631,-3.354473,24.79968,19.06761,-18.11849,-22.74012,15.86894,15.97938,7.929514,9.770533,
638521427756830876,545642,-3.348531,24.75575,19.03383,-18.07993,-22.69172,15.83517,15.92414,7.902104,9.736759,
638521427756940867,545653,-3.342725,24.71283,19.00083,-18.04225,-22.64442,15.80217,15.87016,7.875318,9.703753,
638521427757050866,545664,-3.336886,24.66966,18.96764,-18.00435,-22.59686,15.76898,15.81589,7.848383,9.670565,
638521427757170868,545675,-3.330961,24.62586,18.93396,-17.9659,-22.5486,15.7353,15.76081,7.821051,9.636887,
638521427757280857,545686,-3.325087,24.58243,18.90057,-17.92777,-22.50075,15.7019,15.70619,7.793948,9.603492,
638521427757390987,545697,-3.319272,24.53944,18.86752,-17.89004,-22.45338,15.66885,15.65213,7.767122,9.570437,
638521427757500991,545708,-3.313416,24.49615,18.83423,-17.85203,-22.40568,15.63556,15.59769,7.740109,9.537152,
638521427757611105,545719,-3.307513,24.4525,18.80067,-17.81372,-22.3576,15.60201,15.54281,7.712875,9.503595,
638521427757721108,545731,-3.301679,24.40937,18.76751,-17.77586,-22.31008,15.56884,15.48858,7.685962,9.470433,
638521427757831100,545742,-3.295784,24.36579,18.73401,-17.7376,-22.26206,15.53534,15.43378,7.65877,9.436928,
638521427757941109,545753,-3.289969,24.3228,18.70095,-17.69986,-22.2147,15.50229,15.37973,7.631945,9.403875,
638521427758051112,545764,-3.284039,24.27896,18.66724,-17.66137,-22.16639,15.46858,15.32459,7.604586,9.370164,
638521427758161117,545775,-3.278175,24.23561,18.63391,-17.62332,-22.11863,15.43524,15.27008,7.577536,9.336833,
638521427758281125,545786,-3.272329,24.19239,18.60068,-17.58537,-22.07101,15.40201,15.21573,7.550565,9.303601,
638521427758391113,545797,-3.266332,24.14805,18.5666,-17.54645,-22.02216,15.36793,15.15998,7.522902,9.269515,
638521427758501109,545808,-3.26068,24.10626,18.53447,-17.50977,-21.97612,15.3358,15.10744,7.496826,9.237385,
638521427758611208,545820,-3.254793,24.06275,18.50101,-17.47157,-21.92817,15.30234,15.05271,7.469671,9.203925,
638521427758721219,545830,-3.248805,24.01848,18.46697,-17.4327,-21.8794,15.2683,14.99705,7.442047,9.169888,
638521427758831216,545842,-3.243076,23.97612,18.4344,-17.39552,-21.83273,15.23573,14.94378,7.415614,9.137319,
638521427758941209,545853,-3.237196,23.93265,18.40098,-17.35736,-21.78484,15.20231,14.88913,7.388492,9.1039,
638521427759056371,545864,-3.231327,23.88926,18.36762,-17.31927,-21.73703,15.16895,14.83456,7.361417,9.070539,
638521427759166366,545875,-3.225454,23.84584,18.33423,-17.28115,-21.68919,15.13556,14.77996,7.334321,9.037152,
638521427759276376,545886,-3.219625,23.80275,18.3011,-17.24332,-21.64171,15.10243,13.60518,-14.86005,20,
638521427759391537,545897,-3.213728,23.75915,18.26758,-17.20505,-21.59368,15.06891,13.58237,-14.83515,19.96648,
638521427759501534,545908,-3.207855,23.71573,18.2342,-17.16694,-21.54584,15.03553,13.55966,-14.81034,19.9331,
638521427759605126,545919,-3.202054,23.67284,18.20122,-17.12929,-21.49858,15.00255,13.53723,-14.78584,19.90012,
638521427759715130,545930,-3.196143,23.62914,18.16762,-17.09092,-21.45043,14.96895,13.51437,-14.76088,19.86652,
638521427759831149,545941,-3.190324,23.58612,18.13455,-17.05316,-21.40303,14.93587,13.49187,-14.7363,19.83344,
638521427759941127,545953,-3.184482,23.54293,18.10134,-17.01524,-21.35545,14.90267,13.46928,-14.71163,19.80024,
638521427760051141,545964,-3.178616,23.49956,18.068,-16.97717,-21.30767,14.86932,13.4466,-14.68685,19.7669,
638521427760171139,545975,-3.172711,23.45591,18.03443,-16.93884,-21.25957,14.83576,13.42377,-14.66191,19.73333,
638521427760281137,545986,-3.166761,23.41192,18.00061,-16.90023,-21.21111,14.80194,13.40076,-14.63679,19.69951,
638521427760391248,545997,-3.160869,23.36836,17.96712,-16.86199,-21.16311,14.76845,13.37798,-14.6119,19.66602,
638521427760501246,546008,-3.155131,23.32594,17.9345,-16.82475,-21.11637,14.73583,13.35579,-14.58767,19.6334,
638521427760611363,546019,-3.14928,23.28268,17.90125,-16.78678,-21.06871,14.70257,13.33317,-14.56296,19.60015,
638521427760721373,546030,-3.143445,23.23954,17.86808,-16.74891,-21.02118,14.6694,13.3106,-14.53831,19.56697,
638521427760831373,546041,-3.137587,23.19623,17.83478,-16.71089,-20.97346,14.6361,13.28795,-14.51357,19.53368,
638521427760941366,546052,-3.131696,23.15269,17.8013,-16.67266,-20.92548,14.60262,13.26517,-14.4887,19.5002,
638521427761051371,546064,-3.125833,23.10933,17.76797,-16.63461,-20.87772,14.56929,13.2425,-14.46393,19.46686,
638521427761161368,546075,-3.119974,23.06602,17.73466,-16.59658,-20.83,14.53599,13.21985,-14.43919,19.43356,
638521427761271358,546086,-3.114086,23.02249,17.70119,-16.55837,-20.78204,14.50252,13.19708,-14.41432,19.40009,
638521427761381365,546097,-3.108194,22.97893,17.6677,-16.52013,-20.73404,14.46903,13.1743,-14.38943,19.3666,
638521427761501370,546108,-3.102428,22.93631,17.63493,-16.48271,-20.68708,14.43625,13.152,-14.36508,19.33383,
638521427761611366,546119,-3.096544,22.89281,17.60148,-16.44452,-20.63915,14.40281,13.12925,-14.34023,19.30038,
638521427761721375,546130,-3.090695,22.84956,17.56824,-16.40656,-20.59151,14.36956,13.10663,-14.31553,19.26713,
638521427761831374,546141,-3.08479,22.80591,17.53467,-16.36824,-20.54341,14.33599,13.0838,-14.29059,19.23357,
638521427761941372,546153,-3.078953,22.76276,17.50149,-16.33036,-20.49586,14.30282,13.06123,-14.26594,19.20039,
638521427762051378,546164,-3.072984,22.71862,17.46756,-16.29162,-20.44724,14.26888,13.03815,-14.24073,19.16646,
638521427762161365,546175,-3.067215,22.67597,17.43477,-16.25418,-20.40025,14.23609,13.01584,-14.21636,19.13367,
638521427762271363,546186,-3.061344,22.63257,17.4014,-16.21607,-20.35243,14.20272,12.99314,-14.19157,19.1003,
638521427762381488,546197,-3.055465,22.58911,17.36798,-16.17792,-20.30454,14.1693,12.97041,-14.16674,19.06688,
638521427762501494,546208,-3.049637,22.54602,17.33485,-16.14009,-20.25706,14.13617,12.94787,-14.14212,19.03374,
638521427762610245,546219,-3.043673,22.50193,17.30095,-16.10139,-20.20849,14.10228,12.92481,-14.11694,18.99985,
638521427762720248,546230,-3.037914,22.45935,17.26821,-16.06401,-20.16157,14.06954,12.90254,-14.09261,18.96711,
638521427762830250,546241,-3.032009,22.4157,17.23465,-16.02569,-20.11348,14.03597,12.87971,-14.06767,18.93354,
638521427762940247,546252,-3.026242,22.37306,17.20186,-15.98826,-20.0665,14.00319,12.85741,-14.04332,18.90076,
638521427763050251,546264,-3.020324,22.32931,17.16822,-15.94985,-20.0183,13.96955,12.83452,-14.01832,18.86712,
638521427763160274,546275,-3.014467,22.28601,17.13494,-15.91184,-19.9706,13.93626,12.81188,-13.99359,18.83383,
638521427763270256,546286,-3.008609,22.2427,17.10163,-15.87382,-19.92287,13.90296,12.78922,-13.96885,18.80053,
638521427763390368,546297,-3.002768,22.19952,17.06843,-15.83591,-19.8753,13.86976,12.76664,-13.94418,18.76733,
638521427763500367,546308,-2.996865,22.15588,17.03488,-15.7976,-19.82722,13.83621,12.74381,-13.91925,18.73378,
638521427763610374,546319,-2.991024,22.1127,17.00168,-15.7597,-19.77964,13.80301,12.72123,-13.89458,18.70057,
638521427763720370,546330,-2.985155,22.06931,16.96832,-15.7216,-19.73183,13.76964,12.69853,-13.86979,18.66721,
638521427763830369,546341,-2.979243,22.0256,16.93471,-15.68324,-19.68368,13.73604,12.67567,-13.84482,18.63361,
638521427763940364,546352,-2.97342,21.98255,16.90161,-15.64544,-19.63624,13.70294,12.65316,-13.82023,18.60051,
638521427764050375,546363,-2.967604,21.93955,16.86855,-15.6077,-19.58887,13.66988,12.63067,-13.79567,18.56745,
638521427764160367,546375,-2.961728,21.89611,16.83515,-15.56956,-19.54101,13.63648,12.60795,-13.77085,18.53405,
638521427764280381,546386,-2.955819,21.85243,16.80156,-15.53121,-19.49288,13.60289,12.5851,-13.74589,18.50046,
638521427764390483,546397,-2.94982,21.80808,16.76746,-15.49228,-19.44401,13.56879,12.5619,-13.72056,18.46636,
638521427764500485,546408,-2.944037,21.76532,16.73459,-15.45475,-19.39691,13.53592,12.53954,-13.69613,18.43349,
638521427764610611,546419,-2.938144,21.72175,16.70109,-15.4165,-19.3489,13.50242,12.51675,-13.67124,18.39999,
638521427764720622,546430,-2.932439,21.67958,16.66866,-15.37948,-19.30243,13.46999,12.49469,-13.64715,18.36756,
638521427764830611,546441,-2.926566,21.63616,16.63528,-15.34136,-19.2546,13.43661,12.47199,-13.62235,18.33418,
638521427764940617,546452,-2.920668,21.59255,16.60176,-15.30308,-19.20655,13.40308,12.44918,-13.59743,18.30065,
638521427765050616,546463,-2.914829,21.54939,16.56857,-15.26519,-19.159,13.3699,12.4266,-13.57278,18.26747,
638521427765160619,546475,-2.908983,21.50616,16.53533,-15.22724,-19.11137,13.33666,12.40399,-13.54808,18.23423,
638521427765270611,546486,-2.903085,21.46256,16.50181,-15.18897,-19.06333,13.30314,12.38119,-13.52317,18.20071,
638521427765390739,546497,-2.897245,21.41938,16.46861,-15.15106,-19.01576,13.26994,12.35861,-13.49851,18.16751,
638521427765500737,546508,-2.89123,21.37491,16.43442,-15.11203,-18.96676,13.23575,12.33535,-13.4731,18.13332,
638521427765610836,546519,-2.885449,21.33218,16.40156,-15.07451,-18.91967,13.20289,12.313,-13.44869,18.10046,
638521427765720851,546530,-2.879653,21.28933,16.36862,-15.03689,-18.87247,13.16995,12.29059,-13.42421,18.06752,
638521427765830835,546541,-2.873662,21.24503,16.33456,-14.99801,-18.82366,13.13589,12.26742,-13.3989,18.03346,
638521427765940838,546552,-2.867888,21.20235,16.30174,-14.96054,-18.77664,13.10307,12.24509,-13.37452,18.00064,
638521427766050830,546563,-2.862009,21.15888,16.26832,-14.92238,-18.72875,13.06965,12.22236,-13.34969,17.96722,
638521427766160847,546574,-2.856159,21.11564,16.23507,-14.88442,-18.6811,13.0364,12.19974,-13.32499,17.93397,
638521427766270852,546586,-2.850352,21.0727,16.20206,-14.84673,-18.63379,13.00339,12.17729,-13.30046,17.90096,
638521427766380843,546597,-2.844481,21.0293,16.16869,-14.80863,-18.58597,12.97002,12.15458,-13.27566,17.86759,
638521427766500842,546608,-2.838603,20.98585,16.13528,-14.77048,-18.5381,12.93661,12.13186,-13.25084,17.83418,
638521427766610845,546619,-2.83265,20.94184,16.10144,-14.73185,-18.48961,12.90277,12.10884,-13.2257,17.80034,
638521427766720836,546630,-2.826904,20.89936,16.06878,-14.69455,-18.4428,12.87011,12.08662,-13.20143,17.76768,
638521427766830863,546641,-2.821052,20.85609,16.03551,-14.65657,-18.39513,12.83684,12.06399,-13.17671,17.73441,
638521427766940826,546652,-2.815157,20.81251,16.00201,-14.61831,-18.34712,12.80333,12.0412,-13.15182,17.70091,
638521427767050836,546663,-2.809334,20.76946,15.96891,-14.58052,-18.29969,12.77024,12.01868,-13.12722,17.66781,
638521427767160831,546674,-2.803429,20.72581,15.93535,-14.5422,-18.25159,12.73667,11.99585,-13.10229,17.63424,
638521427767270831,546686,-2.797624,20.68289,15.90235,-14.50452,-18.2043,12.70367,11.9734,-13.07777,17.60124,
638521427767386196,546697,-2.79174,20.63938,15.8689,-14.46633,-18.15637,12.67022,11.95065,-13.05292,17.56779,
638521427767496190,546708,-2.78583,20.59569,15.8353,-14.42798,-18.10823,12.63663,11.92779,-13.02796,17.5342,
638521427767601534,546719,-2.779919,20.55199,15.80171,-14.38962,-18.06009,12.60303,11.90494,-13.00299,17.5006,
638521427767711526,546730,-2.774111,20.50905,15.76869,-14.35192,-18.01278,12.57002,11.88248,-12.97846,17.46759,
638521427767831547,546741,-2.768292,20.46604,15.73562,-14.31416,-17.96538,12.53694,11.85998,-12.95389,17.43451,
638521427767941534,546752,-2.762405,20.42251,15.70215,-14.27595,-17.91743,12.50348,11.83722,-12.92902,17.40105,
638521427768051529,546763,-2.756587,20.3795,15.66908,-14.23819,-17.87004,12.47041,11.81472,-12.90445,17.36798,
638521427768161527,546774,-2.750662,20.3357,15.6354,-14.19974,-17.82178,12.43673,11.79181,-12.87943,17.3343,
638521427768271527,546786,-2.744838,20.29265,15.6023,-14.16194,-17.77434,12.40363,11.76929,-12.85483,17.3012,
638521427768381528,546797,-2.738765,20.24774,15.56778,-14.12253,-17.72487,12.3691,11.74581,-12.82918,17.26668,
638521427768491532,546808,-2.733074,20.20567,15.53543,-14.08559,-17.67852,12.33676,11.7238,-12.80515,17.23433,
638521427768611917,546819,-2.727252,20.16263,15.50234,-14.04781,-17.63109,12.30366,11.70129,-12.78056,17.20124,
638521427768721919,546830,-2.721278,20.11846,15.46838,-14.00904,-17.58243,12.2697,11.67819,-12.75533,17.16728,
638521427768831917,546841,-2.715424,20.07519,15.4351,-13.97105,-17.53475,12.23643,11.65555,-12.73061,17.134,
638521427768941914,546852,-2.709683,20.03274,15.40247,-13.93379,-17.48799,12.2038,11.63336,-12.70636,17.10137,
638521427769051932,546863,-2.703769,19.98902,15.36885,-13.89541,-17.43982,12.17018,11.61049,-12.68138,17.06775,
638521427769161913,546874,-2.697855,19.9453,15.33524,-13.85702,-17.39164,12.13656,11.58762,-12.6564,17.03414,
638521427769271925,546885,-2.692097,19.90273,15.30251,-13.81965,-17.34474,12.10383,11.56535,-12.63209,17.00141,
638521427769382019,546897,-2.686262,19.85959,15.26934,-13.78178,-17.29721,12.07066,11.54279,-12.60744,16.96824,
638521427769492010,546908,-2.680346,19.81585,15.23571,-13.74338,-17.24902,12.03703,11.51991,-12.58245,16.93461,
638521427769602113,546919,-2.674477,19.77246,15.20235,-13.70529,-17.20121,12.00367,11.49722,-12.55767,16.90125,
638521427769712115,546930,-2.668631,19.72924,15.16912,-13.66735,-17.15359,11.97044,11.47461,-12.53298,16.86802,
638521427769832110,546942,-2.662742,19.68571,15.13564,-13.62914,-17.10563,11.93697,11.45184,-12.50811,16.83455,
638521427769942245,546952,-2.656776,19.6416,15.10173,-13.59042,-17.05703,11.90306,11.42878,-12.48291,16.80064,
638521427770052241,546963,-2.651056,19.59931,15.06922,-13.55329,-17.01044,11.87054,11.40666,-12.45875,16.76812,
638521427770162248,546974,-2.64518,19.55587,15.03582,-13.51516,-16.96258,11.83714,11.38394,-12.43394,16.73472,
638521427770272242,546985,-2.639363,19.51286,15.00275,-13.47741,-16.91519,11.80408,11.36144,-12.40937,16.70166,
638521427770382380,546997,-2.633503,19.46954,14.96944,-13.43937,-16.86746,11.77077,11.33878,-12.38462,16.66834,
638521427770492376,547008,-2.627383,19.4243,14.93465,-13.39965,-16.81761,11.73598,11.31512,-12.35877,16.63356,
638521427770602473,547019,-2.621733,19.38252,14.90254,-13.36298,-16.77159,11.70386,11.29327,-12.33491,16.60144,
638521427770712483,547030,-2.615868,19.33916,14.8692,-13.32492,-16.72382,11.67052,11.27059,-12.31014,16.5681,
638521427770822485,547041,-2.610009,19.29585,14.8359,-13.2869,-16.67609,11.63722,11.24794,-12.28539,16.5348,
638521427770942478,547052,-2.604145,19.25249,14.80256,-13.24884,-16.62832,11.60389,11.22526,-12.26063,16.50146,
638521427771052475,547063,-2.598223,19.20871,14.7689,-13.2104,-16.58009,11.57022,11.20236,-12.23562,16.4678,
638521427771162484,547074,-2.592463,19.16613,14.73616,-13.17302,-16.53317,11.53749,11.18009,-12.21129,16.43506,
638521427771272483,547085,-2.586586,19.12268,14.70275,-13.13488,-16.4853,11.50408,11.15737,-12.18647,16.40166,
638521427771386312,547096,-2.580729,19.07938,14.66946,-13.09686,-16.43758,11.47078,11.13472,-12.16173,16.36836,
638521427771496331,547108,-2.574852,19.03593,14.63605,-13.05873,-16.38972,11.43738,11.112,-12.13691,16.33496,
638521427771601670,547119,-2.568991,18.9926,14.60274,-13.02069,-16.34197,11.40406,11.08933,-12.11216,16.30164,
638521427771721683,547130,-2.563154,18.94944,14.56956,-12.9828,-16.29443,11.37088,11.06676,-12.0875,16.26846,
638521427771821680,547141,-2.557164,18.90516,14.53551,-12.94393,-16.24564,11.33683,11.0436,-12.06221,16.23441,
638521427771941673,547152,-2.551413,18.86265,14.50282,-12.90661,-16.1988,11.30415,11.02136,-12.03792,16.20173,
638521427772051670,547163,-2.545538,18.81921,14.46943,-12.86848,-16.15094,11.27075,10.99864,-12.01311,16.16833,
638521427772161679,547174,-2.53962,18.77546,14.43578,-12.83007,-16.10274,11.23711,10.97576,-11.98811,16.13469,
638521427772271671,547185,-2.533845,18.73277,14.40296,-12.79259,-16.0557,11.20429,10.95343,-11.96372,16.10187,
638521427772381358,547197,-2.527959,18.68925,14.3695,-12.75439,-16.00775,11.17083,10.93067,-11.93886,16.06841,
638521427772491307,547208,-2.522067,18.64569,14.33601,-12.71615,-15.95976,11.13734,10.90789,-11.91398,16.03492,
638521427772601418,547219,-2.516258,18.60275,14.30299,-12.67845,-15.91245,11.10432,10.88543,-11.88945,16.0019,
638521427772711422,547230,-2.510365,18.55918,14.26949,-12.6402,-15.86444,11.07082,10.86264,-11.86456,15.9684,
638521427772821424,547241,-2.504532,18.51606,14.23634,-12.60235,-15.81693,11.03766,10.84009,-11.83992,15.93524,
638521427772931427,547252,-2.498644,18.47252,14.20287,-12.56413,-15.76897,11.00419,10.81732,-11.81506,15.90177,
638521427773051419,547263,-2.492801,18.42932,14.16965,-12.52621,-15.72137,10.97098,10.79472,-11.79038,15.86856,
638521427773161416,547274,-2.486949,18.38606,14.13639,-12.48823,-15.6737,10.93771,10.77209,-11.76566,15.83529,
638521427773271417,547285,-2.481051,18.34246,14.10287,-12.44996,-15.62567,10.90419,10.74929,-11.74075,15.80177,
638521427773375760,547296,-2.475134,18.29871,14.06923,-12.41155,-15.57747,10.87056,10.72641,-11.71576,15.76814,
638521427773495553,547308,-2.469367,18.25608,14.03645,-12.37413,-15.53049,10.83778,10.70411,-11.69141,15.73536,
638521427773605667,547319,-2.463429,18.21218,14.0027,-12.33559,-15.48212,10.80402,10.68115,-11.66633,15.7016,
638521427773715672,547330,-2.457575,18.1689,13.96942,-12.2976,-15.43444,10.77075,10.65851,-11.6416,15.66833,
638521427773825666,547341,-2.451562,18.12444,13.93524,-12.25857,-15.38546,10.73657,10.63526,-11.61621,15.63415,
638521427773935677,547352,-2.445925,18.08277,13.9032,-12.22199,-15.33955,10.70453,10.61347,-11.5924,15.60211,
638521427774045662,547363,-2.439979,18.03881,13.8694,-12.1834,-15.29111,10.67073,10.59047,-11.56729,15.56831,
638521427774155670,547374,-2.434185,17.99597,13.83647,-12.14579,-15.24391,10.63779,10.56807,-11.54282,15.53537,
638521427774265682,547385,-2.428323,17.95264,13.80315,-12.10775,-15.19617,10.60447,10.5454,-11.51806,15.50205,
638521427774382380,547397,-2.422462,17.90931,13.76983,-12.06971,-15.14843,10.57116,10.52274,-11.49331,15.46874,
638521427774492376,547407,-2.416458,17.86492,13.7357,-12.03074,-15.09952,10.53703,10.49952,-11.46795,15.43461,
638521427774602463,547418,-2.410744,17.82268,13.70323,-11.99366,-15.05298,10.50455,10.47743,-11.44382,15.40213,
638521427774712468,547430,-2.404884,17.77935,13.66991,-11.95563,-15.00524,10.47124,10.45477,-11.41907,15.36882,
638521427774822476,547441,-2.399031,17.73608,13.63665,-11.91764,-14.95757,10.43797,10.43214,-11.39435,15.33555,
638521427774932481,547452,-2.393158,17.69267,13.60326,-11.87953,-14.90974,10.40459,10.40943,-11.36954,15.30217,
638521427775052471,547463,-2.387276,17.64918,13.56983,-11.84135,-14.86182,10.37115,10.38669,-11.3447,15.26873,
638521427775162470,547474,-2.381358,17.60543,13.53619,-11.80295,-14.81362,10.33751,10.3638,-11.31971,15.2351,
638521427775272470,547485,-2.375557,17.56254,13.50321,-11.76529,-14.76636,10.30454,10.34137,-11.29521,15.20212,
638521427775382464,547496,-2.369678,17.51908,13.4698,-11.72715,-14.71848,10.27112,10.31864,-11.27038,15.1687,
638521427775492469,547507,-2.363794,17.47558,13.43635,-11.68896,-14.67055,10.23768,10.29589,-11.24553,15.13526,
638521427775602568,547518,-2.358,17.43274,13.40341,-11.65135,-14.62335,10.20474,10.27348,-11.22106,15.10232,
638521427775712561,547530,-2.352112,17.38921,13.36995,-11.61314,-14.57539,10.17127,10.25072,-11.19619,15.06885,
638521427775822570,547541,-2.346127,17.34496,13.33592,-11.57429,-14.52664,10.13725,10.22757,-11.17091,15.03483,
638521427775932563,547552,-2.340407,17.30267,13.30341,-11.53717,-14.48005,10.10474,10.20545,-11.14675,15.00232,
638521427776042567,547563,-2.334478,17.25883,13.26971,-11.49869,-14.43175,10.07103,10.18253,-11.12171,14.96861,
638521427776152570,547574,-2.328678,17.21596,13.23674,-11.46105,-14.38451,10.03807,10.1601,-11.09722,14.93565,
638521427776272561,547585,-2.322784,17.17238,13.20324,-11.4228,-14.3365,10.00456,10.13731,-11.07232,14.90214,
638521427776382565,547596,-2.316963,17.12935,13.17015,-11.38502,-14.28909,9.971477,10.1148,-11.04774,14.86906,
638521427776492569,547607,18.27096,21.30138,20,-11.34682,-14.24115,9.938022,10.09205,-11.02288,14.8356,
638521427776602665,547618,18.24046,21.26583,19.96662,-11.30871,-14.19331,9.904637,10.06934,-10.99808,14.80222,
638521427776712658,547630,18.21004,21.23036,19.93332,-11.27069,-14.14559,9.871342,10.04669,-10.97334,14.76892,
638521427776822676,547641,18.17962,21.19489,19.90002,-11.23267,-14.09787,9.838038,10.02403,-10.9486,14.73562,
638521427776932662,547652,18.14843,21.15853,19.86587,-11.19368,-14.04894,9.803893,10.0008,-10.92322,14.70147,
638521427777042651,547663,18.11911,21.12434,19.83378,-11.15704,-14.00295,9.7718,9.978971,-10.89938,14.66938,
638521427777152668,547674,18.088,21.08808,19.79973,-11.11816,-13.95416,9.73775,9.955809,-10.87408,14.63533,
638521427777272663,547685,18.05789,21.05297,19.76677,-11.08053,-13.90692,9.704788,9.933386,-10.84959,14.60237,
638521427777378597,547696,18.02694,21.01689,19.73289,-11.04185,-13.85838,9.670912,9.910341,-10.82442,14.56849,
638521427777488464,547707,17.99721,20.98223,19.70035,-11.00469,-13.81174,9.63837,9.888205,-10.80024,14.53595,
638521427777603636,547718,17.96646,20.94638,19.66669,-10.96626,-13.76351,9.604712,9.865309,-10.77523,14.50229,
638521427777713640,547729,17.93629,20.91121,19.63366,-10.92855,-13.71618,9.571684,9.842842,-10.75069,14.46926,
638521427777823653,547741,17.90581,20.87567,19.6003,-10.89046,-13.66838,9.538322,9.820148,-10.72591,14.4359,
638521427777933634,547752,17.87446,20.83913,19.56599,-10.85128,-13.61921,9.504009,9.796805,-10.70041,14.40159,
638521427778043633,547763,17.84456,20.80427,19.53326,-10.81392,-13.57231,9.471281,9.774542,-10.67609,14.36886,
638521427778153633,547774,17.81412,20.76878,19.49994,-10.77587,-13.52455,9.437957,9.751873,-10.65133,14.33554,
638521427778273643,547785,17.78396,20.73361,19.46692,-10.73817,-13.47724,9.404941,9.729413,-10.6268,14.30252,
638521427778383637,547796,17.75321,20.69776,19.43326,-10.69974,-13.42901,9.371283,9.706517,-10.60179,14.26886,
638521427778493632,547807,17.72281,20.66232,19.39999,-10.66175,-13.38133,9.338007,9.683882,-10.57707,14.23559,
638521427778603745,547818,17.69267,20.62718,19.36699,-10.62408,-13.33404,9.30501,9.661435,-10.55255,14.20259,
638521427778713757,547829,17.66211,20.59155,19.33354,-10.58589,-13.28611,9.271563,9.638682,-10.5277,14.16914,
638521427778823745,547841,17.6317,20.5561,19.30026,-10.54788,-13.23841,9.238277,9.61604,-10.50297,14.13586,
638521427778933749,547852,17.60143,20.52081,19.26712,-10.51005,-13.19093,9.205142,9.5935,-10.47835,14.10272,
638521427779043748,547863,17.57109,20.48544,19.23391,-10.47213,-13.14334,9.171929,9.570907,-10.45367,14.06951,
638521427779153746,547874,17.54022,20.44945,19.20012,-10.43355,-13.09491,9.138135,9.547917,-10.42857,14.03572,
638521427779263745,547885,17.51005,20.41427,19.16709,-10.39583,-13.04758,9.105105,9.525449,-10.40402,14.00269,
638521427779383753,547896,17.4796,20.37878,19.13376,-10.35779,-12.99983,9.071784,9.502782,-10.37927,13.96936,
638521427779493750,547907,17.44886,20.34293,19.10011,-10.31936,-12.9516,9.038129,9.479888,-10.35426,13.93571,
638521427779603844,547918,17.41874,20.30782,19.06714,-10.28172,-12.90436,9.005162,9.457462,-10.32977,13.90274,
638521427779713850,547929,17.38824,20.27225,19.03375,-10.2436,-12.85651,8.971767,9.434746,-10.30495,13.86935,
638521427779823856,547941,17.3578,20.23676,19.00043,-10.20555,-12.80876,8.938447,9.412079,-10.2802,13.83603,
638521427779933855,547952,17.32736,20.20128,18.96711,-10.16751,-12.76102,8.905131,9.389416,-10.25544,13.80271,
638521427780043852,547963,17.29709,20.16599,18.93398,-10.12968,-12.71353,8.871995,9.366875,-10.23082,13.76958,
638521427780153854,547974,17.26662,20.13047,18.90063,-10.0916,-12.66574,8.838645,9.344188,-10.20604,13.73623,
638521427780263851,547985,17.23564,20.09434,18.86671,-10.05288,-12.61714,8.804726,9.321115,-10.18084,13.70231,
638521427780373850,547996,17.20534,20.05902,18.83355,-10.01501,-12.56962,8.771565,9.298557,-10.1562,13.66915,
638521427780493849,548007,17.17509,20.02375,18.80043,-9.977207,-12.52217,8.738452,9.276031,-10.1316,13.63603,
638521427780603933,548018,17.14474,19.98836,18.7672,-9.939268,-12.47455,8.705223,9.253428,-10.10691,13.6028,
638521427780713940,548029,17.11415,19.9527,18.73372,-9.901038,-12.42657,8.671741,9.23065,-10.08203,13.56932,
638521427780823943,548040,17.0839,19.91744,18.70061,-9.863235,-12.37912,8.638632,9.208127,-10.05743,13.53621,
638521427780933939,548052,17.05371,19.88224,18.66756,-9.825502,-12.33177,8.605583,9.185645,-10.03288,13.50316,
638521427781043945,548063,17.02293,19.84635,18.63386,-9.787027,-12.28348,8.571885,9.162722,-10.00784,13.46947,
638521427781153967,548074,16.99263,19.81103,18.6007,-9.749161,-12.23595,8.53872,9.140161,-9.983199,13.4363,
638521427781263944,548085,16.96214,19.77548,18.56733,-9.71106,-12.18813,8.505349,9.11746,-9.958405,13.40293,
638521427781373942,548096,16.93153,19.73979,18.53382,-9.672799,-12.14011,8.471839,9.094665,-9.933507,13.36942,
638521427781483938,548107,16.90108,19.70429,18.50048,-9.634739,-12.09234,8.438504,9.071988,-9.908739,13.33608,
638521427781604078,548118,16.87091,19.66912,18.46747,-9.597042,-12.04503,8.405487,9.049528,-9.884208,13.30307,
638521427781714077,548129,16.84028,19.63341,18.43393,-9.558754,-11.99698,8.371953,9.026716,-9.859292,13.26953,
638521427781824073,548140,16.80965,19.5977,18.40041,-9.520476,-11.94893,8.338428,9.003911,-9.834383,13.23601,
638521427781934065,548151,16.77961,19.56268,18.36752,-9.482929,-11.90181,8.305542,8.981541,-9.809949,13.20312,
638521427782044067,548163,16.74924,19.52727,18.33428,-9.44497,-11.85417,8.272296,8.958925,-9.785247,13.16988,
638521427782154062,548174,16.71846,19.49139,18.30059,-9.406507,-11.80589,8.238608,8.936008,-9.760217,13.13619,
638521427782264068,548185,16.68832,19.45625,18.2676,-9.368835,-11.75861,8.205614,8.913564,-9.735702,13.10319,
638521427782374064,548196,16.65791,19.42079,18.2343,-9.330825,-11.71091,8.172323,8.890917,-9.710966,13.0699,
638521427782494067,548207,16.62684,19.38457,18.2003,-9.292001,-11.66218,8.138319,8.867785,-9.685701,13.0359,
638521427782594164,548218,16.59671,19.34944,18.16731,-9.254339,-11.61491,8.105333,8.845346,-9.661193,13.00291,
638521427782714160,548229,16.56661,19.31435,18.13437,-9.216722,-11.5677,8.072386,8.822934,-9.636713,12.96997,
638521427782824172,548240,16.53604,19.27872,18.10091,-9.178518,-11.51975,8.038926,8.800173,-9.611853,12.93651,
638521427782934162,548252,16.50568,19.24331,18.06767,-9.140569,-11.47212,8.005689,8.777563,-9.587157,12.90327,
638521427783044163,548263,16.47502,19.20757,18.03411,-9.102246,-11.42402,7.972125,8.754731,-9.562219,12.86971,
638521427783154184,548274,16.4447,19.17222,18.00092,-9.064356,-11.37647,7.938939,8.732157,-9.537561,12.83652,
638521427783264165,548285,16.41337,19.1357,17.96663,-9.0252,-11.32732,7.904645,8.708828,-9.512081,12.80223,
638521427783374168,548296,16.38405,19.10152,17.93454,-8.988559,-11.28134,7.872553,8.686997,-9.488236,12.77013,
638521427783484178,548307,16.35331,19.06568,17.90089,-8.950138,-11.23312,7.838902,8.664106,-9.463234,12.73648,
638521427783604273,548318,16.3228,19.03011,17.86749,-8.912012,-11.18527,7.80551,8.641391,-9.438423,12.70309,
638521427783714274,548329,16.29183,18.994,17.83359,-8.873297,-11.13667,7.771602,8.618324,-9.413229,12.66918,
638521427783824268,548340,16.26205,18.95929,17.801,-8.836087,-11.08997,7.739012,8.596155,-9.389015,12.63659,
638521427783934278,548352,16.2317,18.9239,17.76777,-8.798155,-11.04237,7.70579,8.573555,-9.36433,12.60337,
638521427784044272,548362,16.20084,18.88792,17.73399,-8.759584,-10.99396,7.672009,8.550575,-9.339231,12.56959,
638521427784154268,548374,16.17089,18.853,17.7012,-8.722145,-10.94697,7.639218,8.528269,-9.314867,12.5368,
638521427784264266,548385,16.14028,18.81731,17.6677,-8.683891,-10.89896,7.605713,8.505477,-9.289973,12.50329,
638521427784374281,548396,16.11001,18.78202,17.63456,-8.646054,-10.85147,7.572574,8.482933,-9.26535,12.47016,
638521427784484269,548407,16.07935,18.74628,17.601,-8.607738,-10.80338,7.539015,8.460105,-9.240417,12.4366,
638521427784594374,548418,16.04888,18.71075,17.56764,-8.569653,-10.75558,7.505658,8.437413,-9.215632,12.40324,
638521427784714381,548429,16.01852,18.67536,17.53441,-8.531711,-10.70796,7.472427,8.414807,-9.190942,12.37001,
638521427784824375,548440,15.98764,18.63936,17.50061,-8.493123,-10.65953,7.438631,8.391817,-9.165831,12.33621,
638521427784934368,548451,15.95773,18.60448,17.46787,-8.455735,-10.6126,7.405885,8.369541,-9.1415,12.30347,
638521427785044365,548462,15.92729,18.56899,17.43455,-8.417688,-10.56485,7.372561,8.346873,-9.116741,12.27014,
638521427785154385,548474,15.89685,18.53351,17.40123,-8.379647,-10.51711,7.339243,8.324208,-9.091986,12.23682,
638521427785264368,548485,15.8665,18.49813,17.36801,-8.341719,-10.46951,7.306024,8.301611,-9.067304,12.20361,
638521427785374373,548496,15.83589,18.46244,17.33451,-8.303467,-10.4215,7.272521,8.278821,-9.042411,12.1701,
638521427785484387,548507,15.80525,18.42672,17.30096,-8.265167,-10.37343,7.238977,8.256002,-9.017488,12.13656,
638521427785594470,548518,15.77481,18.39123,17.26764,-8.227121,-10.32568,7.205655,8.233335,-8.992729,12.10324,
638521427785714477,548529,15.74456,18.35596,17.23452,-8.189311,-10.27822,7.172539,8.210808,-8.968124,12.07012,
638521427785824465,548540,15.71361,18.31988,17.20065,-8.150634,-10.22968,7.138664,8.187764,-8.942955,12.03625,
638521427785934475,548552,15.68362,18.28492,17.16783,-8.113157,-10.18264,7.10584,8.165436,-8.918567,12.00342,
638521427786044465,548563,15.65282,18.24901,17.13411,-8.074665,-10.13433,7.072127,8.142503,-8.893518,11.96971,
638521427786154464,548573,15.62276,18.21395,17.1012,-8.037085,-10.08717,7.039213,8.120112,-8.869063,11.9368,
638521427786264469,548585,15.59266,18.17886,17.06825,-7.999467,-10.03995,7.006266,8.0977,-8.844584,11.90385,
638521427786374464,548596,15.56197,18.14309,17.03466,-7.961113,-9.991816,6.972674,8.074849,-8.819625,11.87026,
638521427786494475,548607,15.5315,18.10756,17.0013,-7.923028,-9.944016,6.939317,8.052158,-8.794841,11.8369,
638521427786594571,548618,-15.92281,-10.39219,20,-7.88403,-9.89507,6.905161,8.028923,-8.769463,11.80274,
638521427786704564,548629,-15.89732,-10.37555,19.96797,-7.847464,-9.849176,6.873135,8.007137,-8.745667,11.77072,
638521427786814568,548640,-15.87054,-10.35808,19.93434,-7.809062,-9.80098,6.839501,7.984258,-8.720677,11.73708,
638521427786934563,548651,-15.84408,-10.3408,19.9011,-7.771111,-9.753348,6.806262,7.961647,-8.695981,11.70384,
638521427787044560,548662,-15.81748,-10.32345,19.8677,-7.732975,-9.705485,6.772862,7.938926,-8.671165,11.67044,
638521427787154567,548673,-15.79107,-10.30621,19.83452,-7.69509,-9.657936,6.73968,7.916354,-8.64651,11.63726,
638521427787264569,548685,-15.76473,-10.28902,19.80143,-7.657313,-9.610523,6.706594,7.893846,-8.621926,11.60417,
638521427787374566,548696,-15.73814,-10.27166,19.76804,-7.619185,-9.56267,6.673199,7.87113,-8.597115,11.57078,
638521427787484564,548707,-15.71156,-10.25432,19.73466,-7.581071,-9.514832,6.639817,7.848421,-8.572311,11.5374,
638521427787594655,548718,-15.68487,-10.2369,19.70112,-7.542787,-9.466784,6.606286,7.825611,-8.547398,11.50387,
638521427787704661,548729,-15.65851,-10.21969,19.66801,-7.504982,-9.419336,6.573175,7.803087,-8.522797,11.47076,
638521427787814647,548740,-15.63183,-10.20228,19.6345,-7.466722,-9.371316,6.539665,7.780292,-8.497898,11.43725,
638521427787924651,548751,-15.60501,-10.18478,19.60082,-7.428269,-9.323054,6.505986,7.757381,-8.472875,11.40357,
638521427788034648,548762,-15.57906,-10.16784,19.56823,-7.391054,-9.276346,6.473392,7.735208,-8.448657,11.37097,
638521427788154657,548773,-15.55251,-10.15051,19.53488,-7.352975,-9.228555,6.440041,7.712521,-8.423878,11.33762,
638521427788264651,548784,-15.52579,-10.13307,19.50131,-7.31465,-9.180453,6.406474,7.689687,-8.398937,11.30406,
638521427788374652,548796,-15.49939,-10.11584,19.46815,-7.276789,-9.132935,6.373313,7.667129,-8.374299,11.2709,
638521427788484656,548807,-15.47283,-10.09851,19.4348,-7.238705,-9.085135,6.339958,7.644438,-8.349516,11.23754,
638521427788594765,548818,-15.44631,-10.0812,19.40148,-7.200666,-9.037395,6.306643,7.621775,-8.324762,11.20422,
638521427788704766,548829,-15.41968,-10.06382,19.36804,-7.162481,-8.989469,6.273198,7.599024,-8.299913,11.17078,
638521427788814756,548840,-15.3927,-10.04621,19.33415,-7.123793,-8.940911,6.239313,7.575974,-8.274736,11.13689,
638521427788924762,548851,-15.36698,-10.02943,19.30184,-7.086906,-8.894616,6.207006,7.553997,-8.250732,11.10459,
638521427789044767,548863,-15.3401,-10.01188,19.26807,-7.048346,-8.84622,6.173233,7.531023,-8.225639,11.07082,
638521427789154766,548873,-15.31317,-9.994304,19.23425,-7.009728,-8.797752,6.13941,7.508014,-8.200509,11.03699,
638521427789264763,548884,-15.28719,-9.97735,19.20162,-6.972477,-8.750998,6.106783,7.48582,-8.176268,11.00437,
638521427789374775,548896,-15.26055,-9.959963,19.16816,-6.93427,-8.703046,6.07332,7.463057,-8.151404,10.9709,
638521427789484778,548907,-15.23411,-9.942707,19.13495,-6.896354,-8.655457,6.040112,7.440466,-8.12673,10.93769,
638521427789594856,548918,-15.2076,-9.925404,19.10165,-6.858333,-8.607738,6.006811,7.417813,-8.101988,10.90439,
638521427789704848,548929,-15.18126,-9.908212,19.06856,-6.820557,-8.560327,5.973725,7.395306,-8.077405,10.87131,
638521427789814871,548940,-15.15449,-9.890739,19.03494,-6.782165,-8.512142,5.9401,7.372433,-8.052422,10.83768,
638521427789924862,548951,-15.12769,-9.873246,19.00127,-6.743727,-8.4639,5.906435,7.349532,-8.027408,10.80402,
638521427790044849,548962,-15.10135,-9.85606,18.9682,-6.705963,-8.416502,5.873359,7.327032,-8.002832,10.77094,
638521427790144846,548973,-15.07447,-9.838513,18.93443,-6.667408,-8.368113,5.839591,7.30406,-7.977743,10.73717,
638521427790264848,548984,-15.04849,-9.821558,18.9018,-6.63015,-8.321352,5.806959,7.281863,-7.953498,10.70454,
638521427790374859,548995,-15.02192,-9.804217,18.86843,-6.592046,-8.273528,5.773586,7.259161,-7.928701,10.67117,
638521427790484855,549007,-14.99541,-9.786913,18.83512,-6.554022,-8.225804,5.740283,7.236506,-7.903957,10.63787,
638521427790594950,549018,-14.96885,-9.769581,18.80177,-6.515938,-8.178005,5.706927,7.213815,-7.879173,10.60451,
638521427790704933,549029,-14.94243,-9.752335,18.76858,-6.478043,-8.130444,5.673737,7.191237,-7.854513,10.57132,
638521427790814975,549040,-14.91574,-9.734915,18.73505,-6.439764,-8.082401,5.640211,7.168431,-7.829603,10.53779,
638521427790924944,549051,-14.88915,-9.717562,18.70165,-6.401633,-8.034543,5.606814,7.145712,-7.804789,10.5044,
638521427791034937,549062,-14.86278,-9.700355,18.66854,-6.363823,-7.987089,5.573699,7.123185,-7.780184,10.47128,
638521427791154950,549073,-14.83594,-9.682837,18.63482,-6.32533,-7.938776,5.539984,7.100251,-7.755135,10.43757,
638521427791264956,549084,-14.80939,-9.665505,18.60147,-6.287247,-7.89098,5.50663,7.077561,-7.730352,10.40421,
638521427791374944,549096,-14.7828,-9.648151,18.56807,-6.249115,-7.843122,5.473232,7.054842,-7.705538,10.37081,
638521427791484942,549107,-14.75649,-9.630985,18.53503,-6.211395,-7.795779,5.440195,7.032369,-7.680991,10.33778,
638521427791595041,549118,-14.72989,-9.613619,18.50161,-6.173236,-7.747887,5.406774,7.009634,-7.656158,10.30436,
638521427791705041,549129,-14.70328,-9.596251,18.46819,-6.135074,-7.69999,5.37335,6.986897,-7.631325,10.27093,
638521427791815036,549140,-14.67685,-9.579004,18.435,-6.097176,-7.652426,5.340158,6.964317,-7.606663,10.23774,
638521427791925050,549151,-14.65027,-9.561654,18.40161,-6.059051,-7.604576,5.306767,6.941602,-7.581854,10.20435,
638521427792035043,549162,-14.62378,-9.544365,18.36833,-6.02106,-7.556894,5.273493,6.918967,-7.557131,10.17107,
638521427792145040,549173,-14.5972,-9.527022,18.33496,-5.982952,-7.509066,5.240116,6.896262,-7.532331,10.1377,
638521427792265041,549184,-14.57076,-9.509762,18.30174,-5.945025,-7.461464,5.206898,6.873665,-7.50765,10.10448,
638521427792375043,549196,-14.54411,-9.492373,18.26827,-5.906814,-7.413507,5.173431,6.850899,-7.482785,10.07101,
638521427792485049,549207,-14.51729,-9.474864,18.23458,-5.868342,-7.365221,5.139736,6.827977,-7.457749,10.03732,
638521427792595133,549218,-14.4907,-9.457512,18.20118,-5.830213,-7.317366,5.106341,6.80526,-7.432937,10.00392,
