time(100ns),time_stamp(ms),object1.x,object1.y,object1.z,
638524907995242106,268477,-9.560319,0.6691875,10,
638524907995312102,268485,-9.560319,0.6691875,10,
638524907995412113,268494,-9.560319,0.6691875,10,
638524907995522095,268505,-9.560319,0.6691875,10,
638524907995632102,268516,-9.560319,0.6691875,10,
638524907995742109,268528,-9.560319,0.6691875,10,
638524907995852094,268539,-9.560319,0.6691875,10,
638524907995972106,268550,-9.560319,0.6691875,10,
638524907996072110,268561,-9.560319,0.6691875,10,
638524907996182102,268572,-9.560319,0.6691875,10,
638524907996302097,268583,-9.560319,0.6691875,10,
638524907996412097,268594,-9.560319,0.6691875,10,
638524907996522104,268605,-9.560319,0.6691875,10,
638524907996632096,268616,-9.560319,0.6691875,10,
638524907996742107,268627,-9.560319,0.6691875,10,
638524907996852096,268639,-9.560319,0.6691875,10,
638524907996962101,268650,-9.560319,0.6691875,10,
638524907997072101,268661,-9.560319,0.6691875,10,
638524907997182109,268672,-9.560319,0.6691875,10,
638524907997302102,268683,-9.560319,0.6691875,10,
638524907997412095,268694,-9.560319,0.6691875,10,
638524907997522094,268705,-9.560319,0.6691875,10,
638524907997632100,268716,-9.560319,0.6691875,10,
638524907997742096,268727,-9.560319,0.6691875,10,
638524907997852096,268738,-9.560319,0.6691875,10,
638524907997962095,268750,-9.560319,0.6691875,10,
638524907998072092,268761,-9.560319,0.6691875,10,
638524907998182102,268772,-9.560319,0.6691875,10,
638524907998302103,268783,-9.560319,0.6691875,10,
638524907998412105,268794,-9.560319,0.6691875,10,
638524907998522092,268805,-9.560319,0.6691875,10,
638524907998632101,268816,-9.560319,0.6691875,10,
638524907998742108,268827,-9.560319,0.6691875,10,
638524907998852110,268839,-9.560319,0.6691875,10,
638524907998972098,268850,-9.560319,0.6691875,10,
638524907999082101,268861,-9.560319,0.6691875,10,
638524907999192114,268872,-9.560319,0.6691875,10,
638524907999302122,268884,-9.560319,0.6691875,10,
638524907999422103,268895,-9.560319,0.6691875,10,
638524907999532095,268906,-9.560319,0.6691875,10,
638524907999642104,268917,-9.560319,0.6691875,10,
638524907999752099,268929,-9.560319,0.6691875,10,
638524907999872103,268940,-9.560319,0.6691875,10,
638524907999982103,268951,-9.560319,0.6691875,10,
638524908000092096,268962,-9.560319,0.6691875,10,
638524908000202097,268974,-9.560319,0.6691875,10,
638524908000312095,268985,-9.560319,0.6691875,10,
638524908000422101,268996,-9.560319,0.6691875,10,
638524908000532116,269007,-9.560319,0.6691875,10,
638524908000642108,269018,-9.560319,0.6691875,10,
638524908000762111,269029,-9.560319,0.6691875,10,
638524908000872117,269040,-9.560319,0.6691875,10,
638524908000982105,269051,-9.560319,0.6691875,10,
638524908001092104,269062,-9.560319,0.6691875,10,
638524908001202112,269074,-9.560319,0.6691875,10,
638524908001312094,269084,-9.560319,0.6691875,10,
638524908001422101,269096,-9.560319,0.6691875,10,
638524908001542105,269107,-9.560319,0.6691875,10,
638524908001642113,269118,-9.560319,0.6691875,10,
638524908001752092,269129,-9.560319,0.6691875,10,
638524908001872103,269140,-9.560319,0.6691875,10,
638524908001982105,269151,-9.560319,0.6691875,10,
638524908002092095,269162,-9.560319,0.6691875,10,
638524908002202111,269173,-9.560319,0.6691875,10,
638524908002312101,269184,-9.560319,0.6691875,10,
638524908002422107,269195,-9.560319,0.6691875,10,
638524908002542106,269207,-9.560319,0.6691875,10,
638524908002642096,269218,-9.560319,0.6691875,10,
638524908002760248,269229,-9.560319,0.6691875,10,
638524908002875896,269240,-9.560319,0.6691875,10,
638524908002975828,269251,-9.560319,0.6691875,10,
638524908003085816,269262,-9.560319,0.6691875,10,
638524908003205819,269273,-9.560319,0.6691875,10,
638524908003315813,269284,-9.560319,0.6691875,10,
638524908003425823,269295,-9.560319,0.6691875,10,
638524908003535822,269307,-9.560319,0.6691875,10,
638524908003645828,269318,-9.560319,0.6691875,10,
638524908003756988,269329,-9.560319,0.6691875,10,
638524908003869342,269340,-9.560319,0.6691875,10,
638524908003975394,269351,-9.560319,0.6691875,10,
638524908004085393,269362,-9.560319,0.6691875,10,
638524908004205389,269373,-9.560319,0.6691875,10,
638524908004315385,269385,-9.560319,0.6691875,10,
638524908004425387,269395,-9.560319,0.6691875,10,
638524908004535386,269406,-9.560319,0.6691875,10,
638524908004645389,269418,-9.560319,0.6691875,10,
638524908004760183,269429,-9.560319,0.6691875,10,
638524908004870189,269440,-9.560319,0.6691875,10,
638524908004976053,269451,-9.560319,0.6691875,10,
638524908005086038,269462,-9.560319,0.6691875,10,
638524908005196050,269473,-9.560319,0.6691875,10,
638524908005316037,269485,-9.560319,0.6691875,10,
638524908005426052,269495,-9.560319,0.6691875,10,
638524908005536043,269506,-9.560319,0.6691875,10,
638524908005646041,269517,-9.560319,0.6691875,10,
638524908005756043,269529,-9.560319,0.6691875,10,
638524908005872233,269540,-9.560319,0.6691875,10,
638524908005982120,269551,-9.560319,0.6691875,10,
638524908006092124,269562,-9.560319,0.6691875,10,
638524908006202125,269573,-9.560319,0.6691875,10,
638524908006312114,269584,-9.560319,0.6691875,10,
638524908006422126,269595,-9.560319,0.6691875,10,
638524908006532134,269606,-9.560319,0.6691875,10,
638524908006642127,269617,-9.560319,0.6691875,10,
638524908006752128,269629,-9.560319,0.6691875,10,
638524908006872126,269640,-9.560319,0.6691875,10,
638524908006982110,269651,-9.560319,0.6691875,10,
638524908007092118,269662,-9.560319,0.6691875,10,
638524908007202126,269673,-9.560319,0.6691875,10,
638524908007312129,269684,-9.560319,0.6691875,10,
638524908007422111,269695,-9.560319,0.6691875,10,
638524908007532132,269706,-9.560319,0.6691875,10,
638524908007642114,269717,-9.560319,0.6691875,10,
638524908007757276,269729,-9.560319,0.6691875,10,
638524908007867275,269740,-9.560319,0.6691875,10,
638524908007972619,269751,-9.560319,0.6691875,10,
638524908008082620,269762,-9.560319,0.6691875,10,
638524908008202668,269774,-9.560319,0.6691875,10,
638524908008312627,269784,-9.560319,0.6691875,10,
638524908008422619,269795,-9.560319,0.6691875,10,
638524908008532615,269806,-9.560319,0.6691875,10,
638524908008642624,269818,-9.560319,0.6691875,10,
638524908008752630,269828,-9.560319,0.6691875,10,
638524908008862636,269840,-9.560319,0.6691875,10,
638524908008972622,269851,-9.560319,0.6691875,10,
638524908009082633,269862,-9.560319,0.6691875,10,
638524908009202644,269873,-9.560319,0.6691875,10,
638524908009312624,269884,-9.560319,0.6691875,10,
638524908009422697,269895,-9.560319,0.6691875,10,
638524908009532634,269907,-9.560319,0.6691875,10,
638524908009642622,269917,-9.560319,0.6691875,10,
638524908009747792,269928,-9.560319,0.6691875,10,
638524908009867795,269940,-9.560319,0.6691875,10,
638524908009977802,269951,-9.560319,0.6691875,10,
638524908010087804,269962,-9.560319,0.6691875,10,
638524908010197817,269973,-9.560319,0.6691875,10,
638524908010307797,269984,-9.560319,0.6691875,10,
638524908010417802,269995,-9.560319,0.6691875,10,
638524908010527815,270006,-9.560319,0.6691875,10,
638524908010637798,270017,-9.560319,0.6691875,10,
638524908010757799,270029,-9.560319,0.6691875,10,
638524908010867794,270040,-9.560319,0.6691875,10,
638524908010980205,270051,-9.560319,0.6691875,10,
638524908011090206,270062,-9.560319,0.6691875,10,
638524908011200216,270073,-9.560319,0.6691875,10,
638524908011310212,270084,-9.560319,0.6691875,10,
638524908011420206,270095,-9.560319,0.6691875,10,
638524908011530204,270106,-9.560319,0.6691875,10,
638524908011640203,270117,-9.560319,0.6691875,10,
638524908011750198,270128,-9.560319,0.6691875,10,
638524908011860195,270139,-9.560319,0.6691875,10,
638524908011980395,270151,-9.560319,0.6691875,10,
638524908012080400,270162,-9.560319,0.6691875,10,
638524908012195559,270173,-9.560319,0.6691875,10,
638524908012305557,270184,-9.560319,0.6691875,10,
638524908012415555,270195,-9.560319,0.6691875,10,
638524908012535545,270206,-9.560319,0.6691875,10,
638524908012635555,270217,-9.560319,0.6691875,10,
638524908012755543,270229,-9.560319,0.6691875,10,
638524908012865558,270239,-9.560319,0.6691875,10,
638524908012975649,270251,-9.560319,0.6691875,10,
638524908013085654,270262,-9.560319,0.6691875,10,
638524908013195640,270273,-9.560319,0.6691875,10,
638524908013305690,270284,-9.560319,0.6691875,10,
638524908013415641,270295,-9.560319,0.6691875,10,
638524908013525654,270306,-9.560319,0.6691875,10,
638524908013635646,270317,-9.560319,0.6691875,10,
638524908013755646,270328,-9.560319,0.6691875,10,
638524908013865651,270340,-9.560319,0.6691875,10,
638524908013975647,270350,-9.560319,0.6691875,10,
638524908014085651,270362,-9.560319,0.6691875,10,
638524908014195656,270373,-9.560319,0.6691875,10,
638524908014305653,270384,-9.560319,0.6691875,10,
638524908014415646,270395,-9.560319,0.6691875,10,
638524908014525657,270406,-9.560319,0.6691875,10,
638524908014635649,270417,-9.560319,0.6691875,10,
638524908014755645,270428,-9.560319,0.6691875,10,
638524908014865664,270439,-9.560319,0.6691875,10,
638524908014975649,270450,-9.560319,0.6691875,10,
638524908015085646,270462,-9.560319,0.6691875,10,
638524908015195661,270473,-9.560319,0.6691875,10,
638524908015305649,270484,-9.560319,0.6691875,10,
638524908015415654,270495,-9.560319,0.6691875,10,
638524908015525658,270506,-9.560319,0.6691875,10,
638524908015635643,270517,-9.560319,0.6691875,10,
638524908015745640,270528,-9.560319,0.6691875,10,
638524908015865652,270539,-9.560319,0.6691875,10,
638524908015975648,270550,-9.560319,0.6691875,10,
638524908016085642,270562,-9.560319,0.6691875,10,
638524908016191706,270573,-9.560319,0.6691875,10,
638524908016301700,270584,-9.560319,0.6691875,10,
638524908016421703,270595,-9.560319,0.6691875,10,
638524908016531708,270606,-9.560319,0.6691875,10,
638524908016641719,270617,-9.560319,0.6691875,10,
638524908016751703,270628,-9.560319,0.6691875,10,
638524908016861726,270639,-9.560319,0.6691875,10,
638524908016971714,270650,-9.560319,0.6691875,10,
638524908017081706,270661,-9.560319,0.6691875,10,
638524908017191843,270673,-9.560319,0.6691875,10,
638524908017301803,270684,-9.560319,0.6691875,10,
638524908017421804,270695,-9.560319,0.6691875,10,
638524908017531803,270706,-9.560319,0.6691875,10,
638524908017641809,270717,-9.560319,0.6691875,10,
638524908017751805,270728,-9.560319,0.6691875,10,
638524908017861817,270739,-9.560319,0.6691875,10,
638524908017971803,270750,-9.560319,0.6691875,10,
638524908018081802,270761,-9.560319,0.6691875,10,
638524908018191810,270772,-9.560319,0.6691875,10,
638524908018301806,270784,-9.560319,0.6691875,10,
638524908018411802,270795,-9.560319,0.6691875,10,
638524908018531801,270806,-9.560319,0.6691875,10,
638524908018641812,270817,-9.560319,0.6691875,10,
638524908018751801,270828,-9.560319,0.6691875,10,
638524908018861800,270839,-9.560319,0.6691875,10,
638524908018971813,270850,-9.560319,0.6691875,10,
638524908019081804,270861,-9.560319,0.6691875,10,
638524908019191808,270872,-9.560319,0.6691875,10,
638524908019301801,270884,-9.560319,0.6691875,10,
638524908019411801,270895,-9.560319,0.6691875,10,
638524908019531818,270906,-9.560319,0.6691875,10,
638524908019641804,270917,-9.560319,0.6691875,10,
638524908019751911,270928,-9.560319,0.6691875,10,
638524908019861919,270939,-9.560319,0.6691875,10,
638524908019971912,270950,-9.560319,0.6691875,10,
638524908020081915,270961,-9.560319,0.6691875,10,
638524908020191913,270972,-9.560319,0.6691875,10,
638524908020301905,270984,-9.560319,0.6691875,10,
638524908020411906,270995,-9.560319,0.6691875,10,
638524908020521900,271006,-9.560319,0.6691875,10,
638524908020641905,271017,-9.560319,0.6691875,10,
638524908020751900,271028,-9.560319,0.6691875,10,
638524908020861913,271039,-9.560319,0.6691875,10,
638524908020971902,271050,-9.560319,0.6691875,10,
638524908021081910,271062,-9.560319,0.6691875,10,
638524908021191970,271072,-9.560319,0.6691875,10,
638524908021301904,271083,-9.560319,0.6691875,10,
638524908021417087,271095,-9.560319,0.6691875,10,
638524908021527094,271106,-9.560319,0.6691875,10,
638524908021637091,271117,-9.560319,0.6691875,10,
638524908021747087,271128,-9.560319,0.6691875,10,
638524908021857112,271139,-9.560319,0.6691875,10,
638524908021967099,271150,-9.560319,0.6691875,10,
638524908022077092,271161,-9.560319,0.6691875,10,
638524908022197094,271172,-9.560319,0.6691875,10,
638524908022307089,271184,-9.560319,0.6691875,10,
638524908022417086,271195,-9.560319,0.6691875,10,
638524908022527099,271206,-9.560319,0.6691875,10,
638524908022637090,271217,-9.560319,0.6691875,10,
638524908022747092,271228,-9.560319,0.6691875,10,
638524908022867111,271240,-9.560319,0.6691875,10,
638524908022967106,271250,-9.560319,0.6691875,10,
638524908023077084,271261,-9.560319,0.6691875,10,
638524908023197095,271273,-9.560319,0.6691875,10,
638524908023297104,271283,-9.560319,0.6691875,10,
638524908023417091,271294,-9.560319,0.6691875,10,
638524908023527099,271306,-9.560319,0.6691875,10,
638524908023637164,271317,-9.560319,0.6691875,10,
638524908023744173,271328,-9.560319,0.6691875,10,
638524908023864170,271339,-9.560319,0.6691875,10,
638524908023974163,271350,-9.560319,0.6691875,10,
638524908024084163,271361,-9.560319,0.6691875,10,
638524908024194174,271372,-9.560319,0.6691875,10,
638524908024304179,271383,-9.560319,0.6691875,10,
638524908024414161,271395,-9.560319,0.6691875,10,
638524908024524166,271406,-9.560319,0.6691875,10,
638524908024634151,271417,-9.560319,0.6691875,10,
638524908024744299,271428,-9.560319,0.6691875,10,
638524908024864274,271439,-9.560319,0.6691875,10,
638524908024964280,271450,-9.560319,0.6691875,10,
638524908025084277,271461,-9.560319,0.6691875,10,
638524908025194278,271472,-9.560319,0.6691875,10,
638524908025304273,271483,-9.560319,0.6691875,10,
638524908025414278,271494,-9.560319,0.6691875,10,
638524908025524287,271506,-9.560319,0.6691875,10,
638524908025634289,271517,-9.560319,0.6691875,10,
638524908025744279,271528,-9.560319,0.6691875,10,
638524908025854304,271539,-9.560319,0.6691875,10,
638524908025964280,271550,-9.560319,0.6691875,10,
638524908026074276,271561,-9.560319,0.6691875,10,
638524908026194279,271572,-9.560319,0.6691875,10,
638524908026304280,271584,-9.560319,0.6691875,10,
638524908026414273,271594,-9.560319,0.6691875,10,
638524908026524288,271605,-9.560319,0.6691875,10,
638524908026634275,271616,-9.560319,0.6691875,10,
638524908026744275,271628,-9.560319,0.6691875,10,
638524908026854273,271639,-9.560319,0.6691875,10,
638524908026964282,271650,-9.560319,0.6691875,10,
638524908027084282,271661,-9.560319,0.6691875,10,
638524908027184059,271672,-9.560319,0.6691875,10,
638524908027304022,271683,-9.560319,0.6691875,10,
638524908027414012,271694,-9.560319,0.6691875,10,
638524908027524028,271706,-9.560319,0.6691875,10,
638524908027634021,271717,-9.560319,0.6691875,10,
638524908027744014,271728,-9.560319,0.6691875,10,
638524908027854016,271739,-9.560319,0.6691875,10,
638524908027964028,271750,-9.560319,0.6691875,10,
638524908028074016,271761,-9.560319,0.6691875,10,
638524908028194030,271772,-9.560319,0.6691875,10,
638524908028304018,271783,-9.560319,0.6691875,10,
638524908028414024,271794,-9.560319,0.6691875,10,
638524908028524021,271805,-9.560319,0.6691875,10,
638524908028634021,271816,-9.560319,0.6691875,10,
638524908028744023,271828,-9.560319,0.6691875,10,
638524908028854023,271839,-9.560319,0.6691875,10,
638524908028964016,271850,-9.560319,0.6691875,10,
638524908029074016,271861,-9.560319,0.6691875,10,
638524908029184019,271872,-9.560319,0.6691875,10,
638524908029304022,271883,-9.560319,0.6691875,10,
638524908029414024,271894,-9.560319,0.6691875,10,
638524908029524035,271905,-9.560319,0.6691875,10,
638524908029634027,271917,-9.560319,0.6691875,10,
638524908029744118,271928,-9.560319,0.6691875,10,
638524908029854121,271939,-9.560319,0.6691875,10,
638524908029974123,271950,-9.560319,0.6691875,10,
638524908030074115,271961,-9.560319,0.6691875,10,
638524908030194139,271972,-9.560319,0.6691875,10,
638524908030294117,271983,-9.560319,0.6691875,10,
638524908030414119,271994,-9.560319,0.6691875,10,
638524908030524137,272005,-9.560319,0.6691875,10,
638524908030634125,272016,-9.560319,0.6691875,10,
638524908030744116,272027,-9.560319,0.6691875,10,
638524908030854113,272039,-9.560319,0.6691875,10,
638524908030964137,272050,-9.560319,0.6691875,10,
638524908031074124,272061,-9.560319,0.6691875,10,
638524908031184124,272072,-9.560319,0.6691875,10,
638524908031294115,272083,-9.560319,0.6691875,10,
638524908031414113,272094,-9.560319,0.6691875,10,
638524908031524116,272105,-9.560319,0.6691875,10,
638524908031634119,272116,-9.560319,0.6691875,10,
638524908031744125,272128,-9.560319,0.6691875,10,
638524908031854115,272139,-9.560319,0.6691875,10,
638524908031964120,272150,-9.560319,0.6691875,10,
638524908032074129,272161,-9.560319,0.6691875,10,
638524908032190749,272172,-9.560319,0.6691875,10,
638524908032300741,272183,-9.560319,0.6691875,10,
638524908032410736,272194,-9.560319,0.6691875,10,
638524908032520753,272205,-9.560319,0.6691875,10,
638524908032630740,272216,-9.560319,0.6691875,10,
638524908032740736,272227,-9.560319,0.6691875,10,
638524908032850738,272238,-9.560319,0.6691875,10,
638524908032970745,272250,-9.560319,0.6691875,10,
638524908033080738,272261,-9.560319,0.6691875,10,
638524908033190753,272272,-9.560319,0.6691875,10,
638524908033300735,272283,-9.560319,0.6691875,10,
638524908033410738,272294,-9.560319,0.6691875,10,
638524908033520743,272305,-9.560319,0.6691875,10,
638524908033630735,272316,-9.560319,0.6691875,10,
638524908033740740,272327,-9.560319,0.6691875,10,
638524908033850732,272338,-9.560319,0.6691875,10,
638524908033960736,272350,-9.560319,0.6691875,10,
638524908034070743,272361,-9.560319,0.6691875,10,
638524908034180728,272372,-9.560319,0.6691875,10,
638524908034300745,272383,-9.560319,0.6691875,10,
638524908034410740,272394,-9.560319,0.6691875,10,
638524908034520747,272405,-9.560319,0.6691875,10,
638524908034630737,272416,-9.560319,0.6691875,10,
638524908034740733,272427,-9.560319,0.6691875,10,
638524908034850742,272438,-9.560319,0.6691875,10,
638524908034960747,272449,-9.560319,0.6691875,10,
638524908035070735,272461,-9.560319,0.6691875,10,
638524908035180732,272472,-9.560319,0.6691875,10,
638524908035300758,272483,-9.560319,0.6691875,10,
638524908035410736,272494,-9.560319,0.6691875,10,
638524908035520745,272505,-9.560319,0.6691875,10,
638524908035630742,272516,-9.560319,0.6691875,10,
638524908035740738,272527,-9.560319,0.6691875,10,
638524908035850735,272538,-9.560319,0.6691875,10,
638524908035960739,272549,-9.560319,0.6691875,10,
638524908036080740,272561,-9.560319,0.6691875,10,
638524908036180745,272572,-9.560319,0.6691875,10,
638524908036300747,272583,-9.560319,0.6691875,10,
638524908036410741,272594,-9.560319,0.6691875,10,
638524908036520747,272605,-9.560319,0.6691875,10,
638524908036630741,272616,-9.560319,0.6691875,10,
638524908036740740,272627,-9.560319,0.6691875,10,
638524908036850738,272638,-9.560319,0.6691875,10,
638524908036960745,272650,-9.560319,0.6691875,10,
638524908037070738,272661,-9.560319,0.6691875,10,
638524908037179592,272672,-9.560319,0.6691875,10,
638524908037299493,272683,-9.560319,0.6691875,10,
638524908037409491,272694,-9.560319,0.6691875,10,
638524908037519495,272705,-9.560319,0.6691875,10,
638524908037629493,272716,-9.560319,0.6691875,10,
638524908037739502,272727,-9.560319,0.6691875,10,
638524908037849487,272738,-9.560319,0.6691875,10,
638524908037959491,272750,-9.560319,0.6691875,10,
638524908038069494,272760,-9.560319,0.6691875,10,
638524908038189497,272772,-9.560319,0.6691875,10,
638524908038299485,272783,-9.560319,0.6691875,10,
638524908038409493,272794,-9.560319,0.6691875,10,
638524908038519501,272805,-9.560319,0.6691875,10,
638524908038629494,272816,-9.560319,0.6691875,10,
638524908038739500,272827,-9.560319,0.6691875,10,
638524908038849501,272838,-9.560319,0.6691875,10,
638524908038959498,272849,-9.560319,0.6691875,10,
638524908039069489,272860,-9.560319,0.6691875,10,
638524908039189507,272872,-9.560319,0.6691875,10,
638524908039289496,272883,-9.560319,0.6691875,10,
638524908039439491,272897,-9.560319,0.6691875,10,
638524908039549485,272908,-9.560319,0.6691875,10,
638524908039727804,272926,-9.560319,0.6691875,10,
638524908039777801,272931,-9.560319,0.6691875,10,
638524908039847798,272938,-9.560319,0.6691875,10,
638524908039937799,272947,-9.560319,0.6691875,10,
638524908040047803,272958,-9.560319,0.6691875,10,
638524908040157808,272969,-9.560319,0.6691875,10,
638524908040277800,272981,-9.560319,0.6691875,10,
638524908040387797,272992,-9.560319,0.6691875,10,
638524908040497800,273003,-9.560319,0.6691875,10,
638524908040607810,273014,-9.560319,0.6691875,10,
638524908040717798,273025,-9.560319,0.6691875,10,
638524908040827796,273036,-9.560319,0.6691875,10,
638524908040937793,273047,-9.560319,0.6691875,10,
638524908041057801,273059,-9.560319,0.6691875,10,
638524908041157802,273069,-9.560319,0.6691875,10,
638524908041277797,273081,-9.560319,0.6691875,10,
638524908041387801,273092,-9.560319,0.6691875,10,
638524908041497801,273103,-9.560319,0.6691875,10,
638524908041607807,273114,-9.560319,0.6691875,10,
638524908041717806,273125,-9.560319,0.6691875,10,
638524908041827797,273136,-9.560319,0.6691875,10,
638524908041937798,273147,-9.560319,0.6691875,10,
638524908042047793,273158,-9.560319,0.6691875,10,
638524908042157803,273169,-9.560319,0.6691875,10,
638524908042267502,273180,-9.560319,0.6691875,10,
638524908042387510,273192,-9.560319,0.6691875,10,
638524908042497503,273203,-9.560319,0.6691875,10,
638524908042607500,273214,-9.560319,0.6691875,10,
638524908042717507,273225,-9.560319,0.6691875,10,
638524908042827500,273236,-9.560319,0.6691875,10,
638524908042937513,273247,-9.560319,0.6691875,10,
638524908043047504,273258,-9.560319,0.6691875,10,
638524908043157504,273269,-9.560319,0.6691875,10,
638524908043277512,273281,-9.560319,0.6691875,10,
638524908043387505,273292,-9.560319,0.6691875,10,
638524908043497499,273303,-9.560319,0.6691875,10,
638524908043607502,273314,-9.560319,0.6691875,10,
638524908043717756,273325,-9.560319,0.6691875,10,
638524908043837744,273337,-9.560319,0.6691875,10,
638524908043947753,273348,-9.560319,0.6691875,10,
638524908044057761,273359,-9.560319,0.6691875,10,
638524908044177750,273370,-9.560319,0.6691875,10,
638524908044287751,273382,-9.560319,0.6691875,10,
638524908044397750,273393,-9.560319,0.6691875,10,
638524908044507736,273404,-9.560319,0.6691875,10,
638524908044627750,273416,-9.560319,0.6691875,10,
638524908044737845,273427,-9.560319,0.6691875,10,
638524908044847842,273438,-9.560319,0.6691875,10,
638524908044957838,273449,-9.560319,0.6691875,10,
638524908045067845,273460,-9.560319,0.6691875,10,
638524908045177846,273471,-9.560319,0.6691875,10,
638524908045287841,273482,-9.560319,0.6691875,10,
638524908045407838,273493,-9.560319,0.6691875,10,
638524908045517841,273505,-9.560319,0.6691875,10,
638524908045627849,273516,-9.560319,0.6691875,10,
638524908045737842,273527,-9.560319,0.6691875,10,
638524908045847844,273538,-9.560319,0.6691875,10,
638524908045957841,273549,-9.560319,0.6691875,10,
638524908046067841,273560,-9.560319,0.6691875,10,
638524908046175711,273571,-9.560319,0.6691875,10,
638524908046295656,273582,-9.560319,0.6691875,10,
638524908046405662,273594,-9.560319,0.6691875,10,
638524908046515667,273604,-9.560319,0.6691875,10,
638524908046625656,273616,-9.560319,0.6691875,10,
638524908046735658,273627,-9.560319,0.6691875,10,
638524908046845650,273638,-9.560319,0.6691875,10,
638524908046955653,273649,-9.560319,0.6691875,10,
638524908047065655,273660,-9.560319,0.6691875,10,
638524908047175653,273671,-9.560319,0.6691875,10,
638524908047295653,273682,-9.560319,0.6691875,10,
638524908047405655,273693,-9.560319,0.6691875,10,
638524908047515660,273704,-9.560319,0.6691875,10,
638524908047625652,273716,-9.560319,0.6691875,10,
638524908047735649,273727,-9.560319,0.6691875,10,
638524908047845658,273738,-9.560319,0.6691875,10,
638524908047955650,273749,-9.560319,0.6691875,10,
638524908048065662,273760,-9.560319,0.6691875,10,
638524908048175649,273771,-9.560319,0.6691875,10,
638524908048295659,273782,-9.560319,0.6691875,10,
638524908048405654,273793,-9.560319,0.6691875,10,
638524908048515666,273804,-9.560319,0.6691875,10,
638524908048625656,273816,-9.560319,0.6691875,10,
638524908048735660,273827,-9.560319,0.6691875,10,
638524908048845663,273838,-9.560319,0.6691875,10,
638524908048955659,273849,-9.560319,0.6691875,10,
638524908049065655,273860,-9.560319,0.6691875,10,
638524908049175649,273871,-9.560319,0.6691875,10,
638524908049295662,273882,-9.560319,0.6691875,10,
638524908049405658,273893,-9.560319,0.6691875,10,
638524908049515665,273904,-9.560319,0.6691875,10,
638524908049625657,273916,-9.560319,0.6691875,10,
638524908049735667,273927,-9.560319,0.6691875,10,
638524908049845651,273938,-9.560319,0.6691875,10,
638524908049955660,273949,-9.560319,0.6691875,10,
638524908050075653,273960,-9.560319,0.6691875,10,
638524908050175652,273971,-9.560319,0.6691875,10,
638524908050295653,273982,-9.560319,0.6691875,10,
638524908050405653,273993,-9.560319,0.6691875,10,
638524908050515657,274004,-9.560319,0.6691875,10,
638524908050625653,274015,-9.560319,0.6691875,10,
638524908050735665,274027,-9.560319,0.6691875,10,
638524908050845655,274038,-9.560319,0.6691875,10,
638524908050955662,274049,-9.560319,0.6691875,10,
638524908051065657,274060,-9.560319,0.6691875,10,
638524908051175655,274071,-9.560319,0.6691875,10,
638524908051295659,274082,-9.560319,0.6691875,10,
638524908051405660,274093,-9.560319,0.6691875,10,
638524908051515660,274104,-9.560319,0.6691875,10,
638524908051625662,274115,-9.560319,0.6691875,10,
638524908051735657,274127,-9.560319,0.6691875,10,
638524908051845661,274138,-9.560319,0.6691875,10,
638524908051955670,274149,-9.560319,0.6691875,10,
638524908052065669,274160,-9.560319,0.6691875,10,
638524908052175655,274171,-9.560319,0.6691875,10,
638524908052285660,274182,-9.560319,0.6691875,10,
638524908052405660,274193,-9.560319,0.6691875,10,
638524908052505661,274204,-9.560319,0.6691875,10,
638524908052625655,274215,-9.560319,0.6691875,10,
638524908052735657,274227,-9.560319,0.6691875,10,
638524908052845659,274237,-9.560319,0.6691875,10,
638524908052955658,274249,-9.560319,0.6691875,10,
638524908053065653,274260,-9.560319,0.6691875,10,
638524908053175660,274271,-9.560319,0.6691875,10,
638524908053285657,274282,-9.560319,0.6691875,10,
638524908053405665,274294,-9.560319,0.6691875,10,
638524908053515655,274305,-9.560319,0.6691875,10,
638524908053625658,274315,-9.560319,0.6691875,10,
638524908053735667,274326,-9.560319,0.6691875,10,
638524908053845661,274337,-9.560319,0.6691875,10,
638524908053955659,274349,-9.560319,0.6691875,10,
638524908054065656,274360,-9.560319,0.6691875,10,
638524908054175650,274371,-9.560319,0.6691875,10,
638524908054285668,274382,-9.560319,0.6691875,10,
638524908054395668,274393,-9.560319,0.6691875,10,
638524908054505651,274404,-9.560319,0.6691875,10,
638524908054625672,274415,-9.560319,0.6691875,10,
638524908054735655,274426,-9.560319,0.6691875,10,
638524908054845654,274438,-9.560319,0.6691875,10,
638524908054955656,274449,-9.560319,0.6691875,10,
638524908055065658,274460,-9.560319,0.6691875,10,
638524908055175663,274471,-9.560319,0.6691875,10,
638524908055285661,274482,-9.560319,0.6691875,10,
638524908055395665,274493,-9.560319,0.6691875,10,
638524908055515654,274504,-9.560319,0.6691875,10,
638524908055625661,274515,-9.560319,0.6691875,10,
638524908055735660,274526,-9.560319,0.6691875,10,
638524908055845661,274537,-9.560319,0.6691875,10,
638524908055955654,274549,-9.560319,0.6691875,10,
638524908056065665,274560,-9.560319,0.6691875,10,
638524908056175658,274571,-9.560319,0.6691875,10,
638524908056285655,274582,-9.560319,0.6691875,10,
638524908056395672,274593,-9.560319,0.6691875,10,
638524908056515667,274604,-9.560319,0.6691875,10,
638524908056625662,274615,-9.560319,0.6691875,10,
638524908056735653,274626,-9.560319,0.6691875,10,
638524908056845664,274638,-9.560319,0.6691875,10,
638524908056955648,274648,-9.560319,0.6691875,10,
638524908057065659,274660,-9.560319,0.6691875,10,
638524908057175662,274671,-9.560319,0.6691875,10,
638524908057285656,274682,-9.560319,0.6691875,10,
638524908057395666,274693,-9.560319,0.6691875,10,
638524908057505651,274704,-9.560319,0.6691875,10,
638524908057615654,274715,-9.560319,0.6691875,10,
638524908057735660,274726,-9.560319,0.6691875,10,
638524908057845654,274737,-9.560319,0.6691875,10,
638524908057955659,274749,-9.560319,0.6691875,10,
638524908058065658,274760,-9.560319,0.6691875,10,
638524908058175656,274771,-9.560319,0.6691875,10,
638524908058285654,274782,-9.560319,0.6691875,10,
638524908058395668,274793,-9.560319,0.6691875,10,
638524908058505663,274804,-9.560319,0.6691875,10,
638524908058615654,274815,-9.560319,0.6691875,10,
638524908058735663,274826,-9.560319,0.6691875,10,
638524908058845662,274837,-9.560319,0.6691875,10,
638524908058955659,274848,-9.560319,0.6691875,10,
638524908059065661,274860,-9.560319,0.6691875,10,
638524908059175650,274871,-9.560319,0.6691875,10,
638524908059285654,274882,-9.560319,0.6691875,10,
638524908059395662,274893,-9.560319,0.6691875,10,
638524908059505654,274904,-9.560319,0.6691875,10,
638524908059615651,274915,-9.560319,0.6691875,10,
638524908059735658,274926,-9.560319,0.6691875,10,
638524908059845650,274937,-9.560319,0.6691875,10,
638524908059955661,274949,-9.560319,0.6691875,10,
638524908060065660,274960,-9.560319,0.6691875,10,
638524908060175661,274971,-9.560319,0.6691875,10,
638524908060285658,274982,-9.560319,0.6691875,10,
638524908060395652,274993,-9.560319,0.6691875,10,
638524908060505652,275004,-9.560319,0.6691875,10,
638524908060615659,275015,-9.560319,0.6691875,10,
638524908060735668,275026,-9.560319,0.6691875,10,
638524908060845655,275037,-9.560319,0.6691875,10,
638524908060955662,275048,-9.560319,0.6691875,10,
638524908061065670,275060,-9.560319,0.6691875,10,
638524908061175651,275071,-9.560319,0.6691875,10,
638524908061285660,275082,-9.560319,0.6691875,10,
638524908061395661,275093,-9.560319,0.6691875,10,
638524908061505654,275104,-9.560319,0.6691875,10,
638524908061615655,275115,-9.560319,0.6691875,10,
638524908061725656,275126,-9.560319,0.6691875,10,
638524908061835655,275137,-9.560319,0.6691875,10,
638524908061955661,275148,-9.560319,0.6691875,10,
638524908062065657,275159,-9.560319,0.6691875,10,
638524908062175651,275171,-9.560319,0.6691875,10,
638524908062285667,275182,-9.560319,0.6691875,10,
638524908062395667,275193,-9.560319,0.6691875,10,
638524908062505653,275204,-9.560319,0.6691875,10,
638524908062615655,275215,-9.560319,0.6691875,10,
638524908062735661,275226,-9.560319,0.6691875,10,
638524908062835649,275237,-9.560319,0.6691875,10,
638524908062955653,275248,-9.560319,0.6691875,10,
638524908063065652,275259,-9.560319,0.6691875,10,
638524908063175651,275270,-9.560319,0.6691875,10,
638524908063285656,275282,-9.560319,0.6691875,10,
638524908063395658,275293,-9.560319,0.6691875,10,
638524908063505655,275304,-9.560319,0.6691875,10,
638524908063615656,275315,-9.560319,0.6691875,10,
638524908063735659,275326,-9.560319,0.6691875,10,
638524908063835658,275337,-9.560319,0.6691875,10,
638524908063955654,275348,-9.560319,0.6691875,10,
638524908064065666,275359,-9.560319,0.6691875,10,
638524908064175655,275370,-9.560319,0.6691875,10,
638524908064285664,275382,-9.560319,0.6691875,10,
638524908064395663,275393,-9.560319,0.6691875,10,
638524908064505657,275404,-9.560319,0.6691875,10,
638524908064615657,275415,-9.560319,0.6691875,10,
638524908064725666,275426,-9.560319,0.6691875,10,
638524908064835657,275437,-9.560319,0.6691875,10,
638524908064955675,275449,-9.560319,0.6691875,10,
638524908065065661,275459,-9.560319,0.6691875,10,
638524908065175664,275470,-9.560319,0.6691875,10,
