time(100ns),time_stamp(ms),object1.x,object1.y,object1.z,
638521421299919903,91501,0,5,10,
638521421299979902,91507,0.0858966,4.985472,10,
638521421300029903,91512,0.1175397,4.98012,10,
638521421300139893,91523,0.1451925,4.975443,10,
638521421300249894,91534,0.1990121,4.966341,10,
638521421300369903,91546,0.2523122,4.957326,10,
638521421300469896,91556,0.3096996,4.94762,10,
638521421300589896,91568,0.362625,4.938669,10,
638521421300699910,91579,0.4183989,4.929235,10,
638521421300809904,91590,0.472216,4.920133,10,
638521421300919898,91601,0.5263349,4.91098,10,
638521421301029898,91612,0.5812742,4.901688,10,
638521421301139896,91623,0.6360956,4.892416,10,
638521421301249892,91634,0.6907302,4.883175,10,
638521421301359894,91645,0.7455684,4.8739,10,
638521421301469898,91656,0.8002444,4.864653,10,
638521421301589894,91668,0.8554212,4.85532,10,
638521421301689894,91679,0.9111049,4.845902,10,
638521421301809901,91690,0.9647861,4.836823,10,
638521421301919898,91701,1.019503,4.827569,10,
638521421302029898,91712,1.074225,4.818314,10,
638521421302139899,91723,1.129027,4.809045,10,
638521421302249898,91734,1.183807,4.79978,10,
638521421302359903,91745,1.238415,4.790544,10,
638521421302469908,91756,1.293085,4.781298,10,
638521421302579901,91767,1.348004,4.772009,10,
638521421302699902,91779,1.403378,4.762643,10,
638521421302809902,91790,1.459118,4.753216,10,
638521421302919897,91801,1.512472,4.744192,10,
638521421303029908,91812,1.567153,4.734943,10,
638521421303139900,91823,1.622454,4.72559,10,
638521421303249896,91834,1.676517,4.716446,10,
638521421303359903,91845,1.731616,4.707127,10,
638521421303479898,91857,1.786592,4.697829,10,
638521421303589901,91868,1.842236,4.688417,10,
638521421303699902,91879,1.899362,4.678755,10,
638521421303819909,91891,1.953777,4.669552,10,
638521421303929893,91902,2.010849,4.659899,10,
638521421304039908,91913,2.065406,4.650672,10,
638521421304149893,91924,2.121731,4.641146,10,
638521421304269893,91936,2.177356,4.631738,10,
638521421304379907,91947,2.232943,4.622336,10,
638521421304499907,91959,2.289779,4.612723,10,
638521421304609907,91970,2.345568,4.603288,10,
638521421304719899,91981,2.400903,4.593929,10,
638521421304839905,91993,2.457381,4.584377,10,
638521421304949896,92004,2.514555,4.574707,10,
638521421305059900,92015,2.568272,4.565622,10,
638521421305169893,92027,2.623993,4.556198,10,
638521421305289906,92038,2.680425,4.546653,10,
638521421305399904,92049,2.73616,4.537227,10,
638521421305509908,92060,2.792026,4.527778,10,
638521421305629895,92072,2.84789,4.518329,10,
638521421305739901,92083,2.903716,4.508887,10,
638521421305849902,92094,2.959015,4.499535,10,
638521421305959903,92105,3.013344,4.490346,10,
638521421306069904,92116,3.067789,4.481138,10,
638521421306189893,92128,3.122705,4.47185,10,
638521421306289902,92138,3.179892,4.462178,10,
638521421306409908,92150,3.231605,4.453431,10,
638521421306519903,92161,3.286989,4.444064,10,
638521421306629908,92172,3.342183,4.434729,10,
638521421306739901,92183,3.397103,4.42544,10,
638521421306849899,92194,3.45112,4.416304,10,
638521421306959901,92205,3.505717,4.40707,10,
638521421307069907,92216,3.560266,4.397844,10,
638521421307179895,92227,3.615025,4.388583,10,
638521421307289905,92238,3.671177,4.379086,10,
638521421307409900,92250,3.724832,4.370011,10,
638521421307519914,92261,3.781524,4.360423,10,
638521421307629910,92272,3.834113,4.351528,10,
638521421307739898,92283,3.889851,4.342101,10,
638521421307849898,92294,3.944045,4.332935,10,
638521421307959905,92305,3.998591,4.32371,10,
638521421308069901,92316,4.053747,4.314381,10,
638521421308179896,92327,4.108218,4.305168,10,
638521421308299902,92339,4.16267,4.295959,10,
638521421308409904,92350,4.218118,4.286581,10,
638521421308509892,92361,4.27274,4.277342,10,
638521421308629900,92372,4.326958,4.268172,10,
638521421308739895,92383,4.382122,4.258842,10,
638521421308849894,92394,4.436979,4.249564,10,
638521421308959903,92405,4.491593,4.240327,10,
638521421309069896,92416,4.545936,4.231136,10,
638521421309179913,92427,4.600714,4.221871,10,
638521421309289895,92438,4.656134,4.212498,10,
638521421309399902,92449,4.710392,4.203321,10,
638521421309519896,92461,4.765146,4.194061,10,
638521421309629905,92472,4.820981,4.184618,10,
638521421309739890,92483,4.875035,4.175475,10,
638521421309849891,92494,4.929767,4.166218,10,
638521421309959901,92505,4.985559,4.156782,10,
638521421310069914,92516,5.039251,4.147701,10,
638521421310179910,92527,5.094947,4.138281,10,
638521421310289902,92538,5.148835,4.129167,10,
638521421310399911,92549,5.202963,4.120012,10,
638521421310519905,92561,5.257905,4.110719,10,
638521421310629910,92572,5.314679,4.101117,10,
638521421310739905,92583,5.368013,4.092096,10,
638521421310850104,92594,5.422229,4.082927,10,
638521421310959902,92605,5.477143,4.073639,10,
638521421311069894,92616,5.531734,4.064406,10,
638521421311179911,92627,5.586412,4.055158,10,
638521421311289920,92638,5.642403,4.045688,10,
638521421311399901,92649,5.696769,4.036493,10,
638521421311509895,92660,5.751051,4.027312,10,
638521421311619912,92671,5.805467,4.018108,10,
638521421311739902,92683,5.860101,4.008868,10,
638521421311849890,92694,5.915229,3.999544,10,
638521421311959907,92705,5.969332,3.990393,10,
638521421312069903,92716,6.024455,3.98107,10,
638521421312179902,92727,6.079138,3.971822,10,
638521421312289903,92738,6.134339,3.962485,10,
638521421312429913,92752,6.188336,3.953352,10,
638521421312539890,92764,6.258113,3.941551,10,
638521421312649899,92775,6.313488,3.932185,10,
638521421312799898,92789,6.367639,3.923027,10,
638521421312869912,92796,6.441046,3.910611,10,
638521421312950111,92804,6.473165,3.905179,10,
638521421313069903,92816,6.516552,3.89784,10,
638521421313179900,92827,6.572117,3.888443,10,
638521421313289903,92838,6.626781,3.879197,10,
638521421313399891,92849,6.681406,3.869958,10,
638521421313509900,92860,6.735985,3.860727,10,
638521421313619907,92871,6.791327,3.851367,10,
638521421313729903,92883,6.84564,3.842181,10,
638521421313849902,92894,6.900494,3.832903,10,
638521421313959908,92905,6.955463,3.823606,10,
638521421314069902,92916,7.009772,3.814421,10,
638521421314179897,92927,7.064426,3.805177,10,
638521421314289924,92938,7.119981,3.795781,10,
638521421314399892,92949,7.17584,3.786333,10,
638521421314509900,92960,7.228827,3.777372,10,
638521421314629901,92972,7.28372,3.768087,10,
638521421314739905,92983,7.339576,3.75864,10,
638521421314849898,92994,7.394026,3.749431,10,
638521421314959900,93005,7.44767,3.740358,10,
638521421315069931,93016,7.50301,3.730998,10,
638521421315179903,93027,7.557618,3.721762,10,
638521421315289893,93038,7.612316,3.712511,10,
638521421315399898,93049,7.667053,3.703253,10,
638521421315509896,93060,7.721782,3.693996,10,
638521421315619912,93071,7.776768,3.684696,10,
638521421315739910,93083,7.831576,3.675427,10,
638521421315849903,93094,7.88749,3.66597,10,
638521421315959915,93105,7.940644,3.65698,10,
638521421316069897,93116,7.995564,3.647691,10,
638521421316179898,93127,8.05012,3.638464,10,
638521421316289925,93138,8.104896,3.6292,10,
638521421316399893,93149,8.159978,3.619884,10,
638521421316509894,93160,8.214426,3.610675,10,
638521421316619903,93171,8.268888,3.601463,10,
638521421316729900,93182,8.32435,3.592083,10,
638521421316849902,93194,8.379142,3.582816,10,
638521421316959902,93205,8.43434,3.57348,10,
638521421317069903,93216,8.488245,3.564363,10,
638521421317179894,93227,8.543029,3.555097,10,
638521421317289910,93238,8.597932,3.545811,10,
638521421317399897,93249,8.65258,3.536568,10,
638521421317509895,93260,8.707334,3.527308,10,
638521421317619909,93271,8.761981,3.518065,10,
638521421317729904,93282,8.816853,3.508784,10,
638521421317849906,93294,8.871497,3.499542,10,
638521421317959899,93305,8.926863,3.490178,10,
638521421318069905,93316,8.980814,3.481053,10,
638521421318179895,93327,9.035505,3.471803,10,
638521421318289908,93338,9.090515,3.462499,10,
638521421318399895,93349,9.148185,3.452745,10,
638521421318509895,93360,9.201043,3.443805,10,
638521421318619898,93371,9.254809,3.434711,10,
638521421318729905,93382,9.309907,3.425393,10,
638521421318849913,93394,9.364985,3.416077,10,
638521421318959917,93405,9.419582,3.406843,10,
638521421319069911,93416,9.474375,3.397576,10,
638521421319179904,93427,9.529397,3.38827,10,
638521421319289901,93438,9.583302,3.379153,10,
638521421319399898,93449,9.638169,3.369873,10,
638521421319509897,93460,9.693073,3.360587,10,
638521421319619902,93471,9.747778,3.351335,10,
638521421319729903,93482,9.802469,3.342085,10,
638521421319839901,93493,9.857883,3.332712,10,
638521421319959907,93505,9.912291,3.32351,10,
638521421320069898,93516,9.967525,3.314169,10,
638521421320179904,93527,10.02155,3.305031,10,
638521421320289901,93538,10.07652,3.295733,10,
638521421320399898,93549,10.13112,3.2865,10,
638521421320509894,93560,10.18549,3.277303,10,
638521421320619902,93571,10.23992,3.268099,10,
638521421320729907,93582,10.29589,3.258631,10,
638521421320839892,93593,10.35042,3.249408,10,
638521421320949904,93604,10.40497,3.240182,10,
638521421321059895,93615,10.4597,3.230926,10,
638521421321179901,93627,10.51398,3.221746,10,
638521421321289902,93638,10.56876,3.212481,10,
638521421321399897,93649,10.62343,3.203234,10,
638521421321509892,93660,10.67862,3.193899,10,
638521421321619916,93671,10.73304,3.184696,10,
638521421321729895,93682,10.78841,3.175331,10,
638521421321839899,93693,10.84296,3.166104,10,
638521421321949898,93704,10.89721,3.156928,10,
638521421322059902,93716,10.9521,3.147645,10,
638521421322179895,93727,11.00711,3.138341,10,
638521421322289896,93738,11.06195,3.129066,10,
638521421322399902,93749,11.11615,3.119898,10,
638521421322509890,93760,11.17109,3.110607,10,
638521421322619913,93771,11.22547,3.10141,10,
638521421322729904,93782,11.28203,3.091843,10,
638521421322849905,93794,11.33565,3.082774,10,
638521421322949901,93804,11.39224,3.073203,10,
638521421323059917,93815,11.44491,3.064296,10,
638521421323179893,93827,11.49971,3.055027,10,
638521421323289907,93838,11.5558,3.04554,10,
638521421323399892,93849,11.60906,3.036532,10,
638521421323509906,93860,11.66391,3.027255,10,
638521421323619906,93871,11.7191,3.017921,10,
638521421323729904,93882,11.77343,3.008731,10,
638521421323839893,93893,11.82797,2.999508,10,
638521421323949904,93904,11.88315,2.990174,10,
638521421324059902,93915,11.93782,2.980928,10,
638521421324169904,93927,11.99215,2.971739,10,
638521421324289917,93938,12.04716,2.962436,10,
638521421324399901,93949,12.10293,2.953003,10,
638521421324509893,93960,12.15662,2.943921,10,
638521421324619903,93971,12.21125,2.934682,10,
638521421324729905,93982,12.26642,2.925351,10,
638521421324839920,93993,12.3215,2.916035,10,
638521421324949901,94004,12.3756,2.906885,10,
638521421325059890,94015,12.43035,2.897626,10,
638521421325179898,94027,12.48591,2.888228,10,
638521421325279904,94037,12.54068,2.878965,10,
638521421325399889,94049,12.59447,2.869868,10,
638521421325509891,94060,12.64956,2.860549,10,
638521421325619911,94071,12.70421,2.851306,10,
638521421325729902,94082,12.75891,2.842056,10,
638521421325839894,94093,12.81369,2.832789,10,
638521421325949897,94104,12.86851,2.823519,10,
638521421326059911,94115,12.92314,2.814279,10,
638521421326179902,94127,12.97781,2.805032,10,
638521421326279897,94137,13.03359,2.795598,10,
638521421326389892,94148,13.08749,2.786482,10,
638521421326509893,94160,13.14191,2.777277,10,
638521421326619923,94171,13.198,2.767791,10,
638521421326729902,94182,13.25276,2.75853,10,
638521421326839908,94193,13.30652,2.749436,10,
638521421326949910,94204,13.36126,2.740177,10,
638521421327059916,94215,13.41603,2.730915,10,
638521421327169894,94226,13.47094,2.721627,10,
638521421327289904,94238,13.52573,2.712361,10,
638521421327399899,94249,13.58165,2.702904,10,
638521421327509903,94260,13.63553,2.69379,10,
638521421327619911,94271,13.69003,2.684573,10,
638521421327729900,94282,13.7447,2.675327,10,
638521421327839891,94293,13.79924,2.666101,10,
638521421327949920,94304,13.85379,2.656876,10,
638521421328059894,94315,13.91051,2.647282,10,
638521421328169901,94326,13.96363,2.638297,10,
638521421328289903,94338,14.01844,2.629027,10,
638521421328399901,94349,14.07427,2.619586,10,
638521421328509902,94360,14.12819,2.610466,10,
638521421328619903,94371,14.1828,2.601229,10,
638521421328729900,94382,14.2372,2.592029,10,
638521421328839901,94393,14.29191,2.582776,10,
638521421328949903,94404,14.34656,2.573532,10,
638521421329059899,94415,14.40204,2.564148,10,
638521421329169897,94426,14.45603,2.555017,10,
638521421329279900,94437,14.51132,2.545665,10,
638521421329389899,94448,14.56576,2.536458,10,
638521421329509905,94460,14.62057,2.527188,10,
638521421329619897,94471,14.67647,2.517734,10,
638521421329729895,94482,14.73018,2.508649,10,
638521421329839904,94493,14.78536,2.499317,10,
638521421329949913,94504,14.84077,2.489945,10,
638521421330069903,94516,14.89472,2.48082,10,
638521421330169907,94526,14.95151,2.471215,10,
638521421330279891,94537,14.97427,2.467366,10,
638521421330389892,94548,14.92034,2.466811,10,
638521421330509894,94560,14.86469,2.466239,10,
638521421330619899,94571,14.80844,2.465661,10,
638521421330729897,94582,14.75323,2.465093,10,
638521421330839897,94593,14.69755,2.46452,10,
638521421330950156,94604,14.64066,2.463935,10,
638521421331059896,94615,14.58625,2.463376,10,
638521421331169898,94626,14.53111,2.462809,10,
638521421331279899,94637,14.47544,2.462236,10,
638521421331389901,94648,14.41986,2.461664,10,
638521421331499891,94660,14.36464,2.461097,10,
638521421331619903,94671,14.30893,2.460524,10,
638521421331729901,94682,14.25353,2.459954,10,
638521421331839896,94693,14.19802,2.459383,10,
638521421331949916,94704,14.14218,2.458809,10,
638521421332059892,94715,14.08692,2.45824,10,
638521421332169899,94726,14.03149,2.45767,10,
638521421332279894,94737,13.97521,2.457092,10,
638521421332389905,94748,13.92024,2.456526,10,
638521421332509900,94760,13.86472,2.455955,10,
638521421332609902,94770,13.80848,2.455377,10,
638521421332729905,94782,13.75395,2.454816,10,
638521421332839897,94793,13.69695,2.45423,10,
638521421332949908,94804,13.64217,2.453666,10,
638521421333059894,94815,13.58732,2.453102,10,
638521421333169898,94826,13.53135,2.452527,10,
638521421333279903,94837,13.4763,2.451961,10,
638521421333389898,94848,13.42087,2.451391,10,
638521421333499896,94859,13.3647,2.450813,10,
638521421333619908,94871,13.30924,2.450243,10,
638521421333729906,94882,13.25354,2.44967,10,
638521421333839889,94893,13.19842,2.449103,10,
638521421333949912,94904,13.14189,2.448522,10,
638521421334059893,94915,13.08804,2.447968,10,
638521421334169898,94926,13.03241,2.447396,10,
638521421334279900,94937,12.97614,2.446817,10,
638521421334389889,94948,12.92039,2.446244,10,
638521421334499896,94959,12.86529,2.445677,10,
638521421334609904,94970,12.80976,2.445106,10,
638521421334729908,94982,12.75416,2.444534,10,
638521421334839886,94993,12.69878,2.443965,10,
638521421334949919,95004,12.64236,2.443384,10,
638521421335059901,95015,12.58753,2.442821,10,
638521421335169888,95026,12.53195,2.442249,10,
638521421335279912,95037,12.4765,2.441679,10,
638521421335389897,95048,12.42142,2.441112,10,
638521421335499899,95059,12.36488,2.440531,10,
638521421335609916,95070,12.30962,2.439962,10,
638521421335729903,95082,12.25471,2.439398,10,
638521421335839893,95093,12.19902,2.438825,10,
638521421335949904,95104,12.14263,2.438245,10,
638521421336059896,95115,12.08801,2.437683,10,
638521421336169905,95126,12.03173,2.437104,10,
638521421336279892,95137,11.97684,2.43654,10,
638521421336389904,95148,11.92155,2.435971,10,
638521421336499905,95159,11.86623,2.435402,10,
638521421336609896,95170,11.81008,2.434825,10,
638521421336719896,95182,11.75471,2.434256,10,
638521421336839907,95193,11.69911,2.433684,10,
638521421336949901,95204,11.6425,2.433102,10,
638521421337059895,95215,11.58855,2.432547,10,
638521421337169899,95226,11.53273,2.431973,10,
638521421337279903,95237,11.47646,2.431394,10,
638521421337389894,95248,11.42163,2.43083,10,
638521421337499894,95259,11.36611,2.430259,10,
638521421337609903,95270,11.31031,2.429686,10,
638521421337719897,95281,11.25495,2.429116,10,
638521421337829895,95292,11.19934,2.428544,10,
638521421337949902,95304,11.14378,2.427973,10,
638521421338059898,95315,11.08777,2.427397,10,
638521421338169893,95326,11.03273,2.426831,10,
638521421338279898,95337,10.97746,2.426263,10,
638521421338389898,95348,10.92082,2.42568,10,
638521421338499895,95359,10.86653,2.425122,10,
638521421338609904,95370,10.81067,2.424547,10,
638521421338719895,95381,10.75523,2.423977,10,
638521421338829895,95392,10.69961,2.423405,10,
638521421338949905,95404,10.64409,2.422834,10,
638521421339059896,95415,10.58878,2.422265,10,
638521421339169898,95426,10.53299,2.421691,10,
638521421339279912,95437,10.47737,2.421119,10,
638521421339389895,95448,10.42271,2.420557,10,
638521421339499900,95459,10.36655,2.41998,10,
638521421339609915,95470,10.31107,2.419409,10,
638521421339719897,95481,10.25559,2.418839,10,
638521421339839894,95493,10.20008,2.418268,10,
638521421339939904,95504,10.14342,2.417685,10,
638521421340059903,95515,10.08917,2.417127,10,
638521421340169895,95526,10.03291,2.416549,10,
638521421340279908,95537,9.976842,2.415972,10,
638521421340389907,95548,9.922855,2.415417,10,
638521421340499894,95559,9.866422,2.414836,10,
638521421340609897,95570,9.811299,2.414269,10,
638521421340719899,95581,9.754529,2.413686,10,
638521421340829897,95592,9.700169,2.413126,10,
638521421340949908,95604,9.644557,2.412555,10,
638521421341059897,95615,9.587517,2.411968,10,
638521421341169896,95626,9.533354,2.411411,10,
638521421341279903,95637,9.47741,2.410836,10,
638521421341389914,95648,9.422623,2.410272,10,
638521421341499895,95659,9.367069,2.409701,10,
638521421341609891,95670,9.311537,2.40913,10,
638521421341719902,95681,9.255809,2.408557,10,
638521421341829896,95692,9.200205,2.407985,10,
638521421341939911,95703,9.144242,2.40741,10,
638521421342059893,95715,9.08971,2.406849,10,
638521421342169899,95726,9.033931,2.406275,10,
638521421342279902,95737,8.97628,2.405682,10,
638521421342389917,95748,8.923291,2.405137,10,
638521421342499902,95759,8.86724,2.404561,10,
638521421342609893,95770,8.811401,2.403986,10,
638521421342719897,95781,8.756524,2.403422,10,
638521421342829902,95792,8.700897,2.40285,10,
638521421342939904,95803,8.645043,2.402276,10,
638521421343049895,95814,8.58986,2.401708,10,
638521421343169892,95826,8.534199,2.401136,10,
638521421343279918,95837,8.478639,2.400564,10,
638521421343389894,95848,8.42305,2.399993,10,
638521421343499904,95859,8.367543,2.399422,10,
638521421343609889,95870,8.311588,2.398846,10,
638521421343719891,95881,8.255728,2.398272,10,
638521421343829898,95892,8.20095,2.397709,10,
638521421343939895,95903,8.144872,2.397132,10,
638521421344049905,95915,8.090092,2.396569,10,
638521421344169895,95926,8.033925,2.395991,10,
638521421344279907,95937,7.978203,2.395418,10,
638521421344389900,95948,7.922681,2.394847,10,
638521421344499897,95959,7.867683,2.394281,10,
638521421344609892,95970,7.811979,2.393708,10,
638521421344719893,95981,7.756785,2.393141,10,
638521421344839907,95993,7.701272,2.39257,10,
638521421344939904,96003,7.643152,2.391972,10,
638521421345059900,96015,7.590144,2.391427,10,
638521421345169919,96026,7.533513,2.390844,10,
638521421345279904,96037,7.477956,2.390273,10,
638521421345389904,96048,7.422628,2.389704,10,
638521421345499900,96059,7.3683,2.389146,10,
638521421345609912,96070,7.311634,2.388563,10,
638521421345719895,96081,7.257155,2.388003,10,
638521421345829897,96092,7.201489,2.38743,10,
638521421345939913,96103,7.145551,2.386855,10,
638521421346049893,96114,7.090294,2.386287,10,
638521421346169898,96126,7.034972,2.385718,10,
638521421346279915,96137,6.977744,2.385129,10,
638521421346389896,96148,6.923357,2.38457,10,
638521421346499903,96159,6.868431,2.384005,10,
638521421346609894,96170,6.812268,2.383428,10,
638521421346719899,96181,6.757139,2.382861,10,
638521421346835089,96192,6.702004,2.382294,10,
638521421346945098,96203,6.645029,2.381708,10,
638521421347055091,96215,6.590715,2.381149,10,
638521421347165094,96226,6.53453,2.380571,10,
638521421347275084,96236,6.477723,2.379987,10,
638521421347385084,96248,6.424694,2.379442,10,
638521421347495087,96259,6.368733,2.378866,10,
638521421347605089,96270,6.312319,2.378286,10,
638521421347715093,96281,6.257293,2.37772,10,
638521421347835088,96292,6.201824,2.37715,10,
638521421347945092,96303,6.146354,2.376579,10,
638521421348055086,96314,6.091103,2.376011,10,
638521421348165096,96326,6.035503,2.375439,10,
638521421348275107,96337,5.979422,2.374863,10,
638521421348385089,96348,5.923955,2.374292,10,
638521421348495091,96359,5.868813,2.373725,10,
638521421348605093,96370,5.811894,2.37314,10,
638521421348715087,96381,5.757615,2.372581,10,
638521421348831060,96392,5.702034,2.37201,10,
638521421348941054,96403,5.646377,2.371438,10,
638521421349051061,96414,5.590884,2.370867,10,
638521421349161074,96425,5.535779,2.3703,10,
638521421349272349,96437,5.47989,2.369725,10,
638521421349382346,96448,5.424349,2.369154,10,
638521421349492341,96459,5.369034,2.368585,10,
638521421349602325,96470,5.313461,2.368014,10,
638521421349722332,96481,5.25798,2.367443,10,
638521421349832334,96492,5.202269,2.36687,10,
638521421349942331,96503,5.145367,2.366285,10,
638521421350052332,96514,5.091372,2.36573,10,
638521421350162341,96526,5.035355,2.365154,10,
638521421350273734,96536,4.979136,2.364576,10,
638521421350383748,96548,4.925128,2.36402,10,
638521421350493751,96559,4.86839,2.363437,10,
638521421350603746,96570,4.813495,2.362872,10,
638521421350713760,96581,4.757704,2.362298,10,
638521421350833742,96592,4.702373,2.361729,10,
638521421350943748,96603,4.646269,2.361152,10,
638521421351053737,96614,4.591764,2.360592,10,
638521421351163745,96625,4.535941,2.360018,10,
638521421351273798,96637,4.480309,2.359445,10,
638521421351383803,96648,4.424494,2.358871,10,
638521421351503800,96659,4.369411,2.358305,10,
638521421351603800,96670,4.312119,2.357716,10,
638521421351713800,96681,4.258663,2.357166,10,
638521421351832344,96692,4.202934,2.356593,10,
638521421351942343,96703,4.146652,2.356014,10,
638521421352052354,96714,4.092259,2.355454,10,
638521421352162341,96725,4.036247,2.354878,10,
638521421352271027,96736,3.980429,2.354304,10,
638521421352381028,96747,3.925631,2.353741,10,
638521421352491016,96759,3.870023,2.353169,10,
638521421352611025,96770,3.813817,2.352591,10,
638521421352721026,96781,3.757639,2.352013,10,
638521421352829753,96792,3.702793,2.351449,10,
638521421352939767,96803,3.647193,2.350877,10,
638521421353049759,96814,3.591825,2.350308,10,
638521421353159762,96825,3.536499,2.349739,10,
638521421353271024,96836,3.480536,2.349164,10,
638521421353381024,96848,3.425621,2.348599,10,
638521421353491011,96858,3.369255,2.348019,10,
638521421353611039,96870,3.314461,2.347456,10,
638521421353721030,96881,3.258669,2.346882,10,
638521421353831018,96892,3.202342,2.346303,10,
638521421353941023,96903,3.14746,2.345738,10,
638521421354051028,96914,3.091503,2.345163,10,
638521421354161034,96925,3.036882,2.344601,10,
638521421354269621,96936,2.980559,2.344022,10,
638521421354389626,96948,2.925679,2.343457,10,
638521421354499621,96959,2.869365,2.342878,10,
638521421354609631,96970,2.813967,2.342309,10,
638521421354719627,96981,2.758427,2.341737,10,
638521421354828999,96992,2.703512,2.341172,10,
638521421354939004,97003,2.64792,2.340601,10,
638521421355049000,97014,2.592684,2.340033,10,
638521421355159000,97025,2.537329,2.339463,10,
638521421355270224,97036,2.480379,2.338878,10,
638521421355380216,97047,2.425517,2.338314,10,
638521421355490230,97058,2.37067,2.337749,10,
638521421355610222,97070,2.314908,2.337176,10,
638521421355720215,97081,2.25882,2.336599,10,
638521421355826473,97092,2.203931,2.336035,10,
638521421355946471,97103,2.147181,2.335451,10,
638521421356046471,97114,2.090725,2.334871,10,
638521421356156466,97125,2.037305,2.334321,10,
638521421356276453,97136,1.981448,2.333747,10,
638521421356376459,97147,1.925339,2.33317,10,
638521421356496460,97158,1.870983,2.332611,10,
638521421356602554,97170,1.815116,2.332036,10,
638521421356712552,97181,1.759114,2.33146,10,
638521421356827866,97192,1.703225,2.330885,10,
638521421356937853,97203,1.648344,2.330321,10,
638521421357047856,97214,1.593241,2.329754,10,
638521421357164242,97225,1.537533,2.329181,10,
638521421357274345,97236,1.4813,2.328603,10,
638521421357384351,97247,1.426479,2.328039,10,
638521421357504350,97259,1.371212,2.327471,10,
638521421357600183,97270,1.312152,2.326864,10,
638521421357720173,97281,1.259323,2.32632,10,
638521421357830181,97292,1.203157,2.325742,10,
638521421357940185,97303,1.148775,2.325183,10,
638521421358050184,97314,1.09354,2.324615,10,
638521421358160194,97325,1.037827,2.324042,10,
638521421358269718,97336,0.9819221,2.323467,10,
638521421358379721,97347,0.9270935,2.322904,10,
638521421358489736,97358,0.8713304,2.32233,10,
638521421358599722,97369,0.8151559,2.321753,10,
638521421358709712,97380,0.7598404,2.321184,10,
638521421358828432,97392,0.7046238,2.320616,10,
638521421358938425,97403,0.6486733,2.32004,10,
638521421359048437,97414,0.5940067,2.319478,10,
638521421359158425,97425,0.5380942,2.318903,10,
638521421359266803,97436,0.4821081,2.318327,10,
638521421359376798,97447,0.426569,2.317756,10,
638521421359496803,97458,0.371586,2.317191,10,
638521421359602008,97469,0.3158744,2.316618,10,
638521421359712023,97481,0.2599144,2.316042,10,
638521421359822024,97492,0.2044148,2.315471,10,
638521421359932011,97503,0.1491887,2.314903,10,
638521421360052018,97514,0.09352817,2.314331,10,
638521421360162010,97525,0.03700815,2.31375,10,
638521421360271236,97536,-0.01728548,2.313191,10,
638521421360381232,97547,-0.07287804,2.31262,10,
638521421360491257,97558,-0.1284186,2.312048,10,
638521421360601233,97569,-0.1836112,2.311481,10,
638521421360711238,97580,-0.2391873,2.310909,10,
638521421360829942,97592,-0.2952198,2.310333,10,
638521421360939946,97603,-0.3526492,2.309742,10,
638521421361049940,97614,-0.4055539,2.309198,10,
638521421361159942,97625,-0.461421,2.308624,10,
638521421361268686,97636,-0.5179325,2.308043,10,
638521421361378689,97647,-0.5719966,2.307487,10,
638521421361488688,97658,-0.6285046,2.306906,10,
638521421361598794,97669,-0.6836292,2.306339,10,
638521421361708800,97680,-0.7396693,2.305762,10,
638521421361828797,97692,-0.7944484,2.305199,10,
638521421361938800,97703,-0.8503324,2.304624,10,
638521421362048787,97714,-0.9059575,2.304052,10,
638521421362154835,97725,-0.9609671,2.303487,10,
638521421362272935,97736,-1.017458,2.302906,10,
638521421362382936,97747,-1.072128,2.302343,10,
638521421362492936,97758,-1.127878,2.30177,10,
638521421362602938,97769,-1.183136,2.301202,10,
638521421362712935,97780,-1.239711,2.30062,10,
638521421362822932,97791,-1.294177,2.30006,10,
638521421362932936,97803,-1.349974,2.299486,10,
638521421363042929,97814,-1.405675,2.298913,10,
638521421363152956,97825,-1.46083,2.298346,10,
638521421363272737,97836,-1.516205,2.297777,10,
638521421363382720,97847,-1.571933,2.297204,10,
638521421363492728,97858,-1.627381,2.296633,10,
638521421363602843,97869,-1.683905,2.296052,10,
638521421363712829,97880,-1.738493,2.295491,10,
638521421363822842,97892,-1.794152,2.294918,10,
638521421363932840,97902,-1.850045,2.294343,10,
638521421364042829,97914,-1.904854,2.29378,10,
638521421364152832,97925,-1.961033,2.293202,10,
638521421364261934,97936,-2.016848,2.292628,10,
638521421364381840,97947,-2.071352,2.292068,10,
638521421364491840,97958,-2.128032,2.291485,10,
638521421364601847,97969,-2.182517,2.290924,10,
638521421364711840,97980,-2.23849,2.290349,10,
638521421364821855,97991,-2.293781,2.28978,10,
638521421364931845,98002,-2.349416,2.289208,10,
638521421365041839,98013,-2.404824,2.288638,10,
638521421365161850,98025,-2.460202,2.288069,10,
638521421365271841,98036,-2.516481,2.28749,10,
638521421365381837,98047,-2.573153,2.286907,10,
638521421365491837,98058,-2.627295,2.28635,10,
638521421365601843,98069,-2.6826,2.285782,10,
638521421365711837,98080,-2.738028,2.285212,10,
638521421365821849,98091,-2.79356,2.284641,10,
638521421365931842,98102,-2.849128,2.284069,10,
638521421366041840,98114,-2.904334,2.283502,10,
638521421366161853,98125,-2.961081,2.282918,10,
638521421366271095,98136,-3.016072,2.282352,10,
638521421366381099,98147,-3.071286,2.281785,10,
638521421366491102,98158,-3.127176,2.28121,10,
638521421366601214,98169,-3.182221,2.280644,10,
638521421366711199,98180,-3.237782,2.280072,10,
638521421366821211,98191,-3.293459,2.2795,10,
638521421366931190,98202,-3.348782,2.278931,10,
638521421367041195,98214,-3.40445,2.278358,10,
638521421367161200,98225,-3.460641,2.277781,10,
638521421367270789,98236,-3.516517,2.277206,10,
638521421367380784,98247,-3.570823,2.276648,10,
638521421367490792,98258,-3.627053,2.276069,10,
638521421367600798,98269,-3.682558,2.275499,10,
638521421367710792,98280,-3.737308,2.274935,10,
638521421367820794,98291,-3.793048,2.274362,10,
638521421367930784,98302,-3.848844,2.273788,10,
638521421368040783,98313,-3.903869,2.273223,10,
638521421368160795,98325,-3.959753,2.272648,10,
638521421368270182,98336,-4.015659,2.272073,10,
638521421368380183,98347,-4.071761,2.271496,10,
638521421368490182,98358,-4.126859,2.27093,10,
638521421368600203,98369,-4.181538,2.270367,10,
638521421368710175,98380,-4.237658,2.26979,10,
638521421368820185,98391,-4.292779,2.269223,10,
638521421368930188,98402,-4.348606,2.268649,10,
638521421369040197,98413,-4.403819,2.268081,10,
638521421369160194,98425,-4.459349,2.26751,10,
638521421369270785,98436,-4.516582,2.266922,10,
638521421369380787,98447,-4.571895,2.266353,10,
638521421369490798,98458,-4.627553,2.26578,10,
638521421369600797,98469,-4.681436,2.265226,10,
638521421369716292,98480,-4.736893,2.264656,10,
638521421369846308,98494,-4.793545,2.264073,10,
