time(100ns),time_stamp(ms),object1.x,object1.y,object1.z,object2.x,object2.y,object2.z,object3.x,object3.y,object3.z,
638524921823705716,206222,26.67791,23.13301,20,-17.07106,26.88647,20,-22.72736,12.59563,20,
638524921823765713,206229,26.60898,23.07325,19.94833,-17.02695,26.81701,19.94833,-22.66864,12.56309,19.94833,
638524921823825728,206234,26.58366,23.05129,19.92934,-17.01075,26.79149,19.92934,-22.64707,12.55113,19.92934,
638524921823935720,206246,26.55911,23.03,19.91094,-16.99504,26.76676,19.91094,-22.62616,12.53954,19.91094,
638524921824045837,206257,26.51503,22.99178,19.87789,-16.96683,26.72232,19.87789,-22.5886,12.51873,19.87789,
638524921824165839,206268,26.47101,22.95361,19.84489,-16.93867,26.67796,19.84489,-22.5511,12.49795,19.84489,
638524921824275834,206279,26.4266,22.91509,19.8116,-16.91025,26.6332,19.8116,-22.51326,12.47698,19.8116,
638524921824385841,206290,26.38208,22.8765,19.77823,-16.88176,26.58834,19.77823,-22.47534,12.45596,19.77823,
638524921824495838,206301,26.33773,22.83804,19.74498,-16.85338,26.54364,19.74498,-22.43756,12.43502,19.74498,
638524921824605837,206312,26.2931,22.79934,19.71152,-16.82483,26.49867,19.71152,-22.39954,12.41395,19.71152,
638524921824715829,206323,26.24872,22.76085,19.67825,-16.79642,26.45393,19.67825,-22.36173,12.39299,19.67825,
638524921824905838,206342,26.20374,22.72185,19.64453,-16.76764,26.4086,19.64453,-22.32341,12.37176,19.64453,
638524921824975836,206349,26.1307,22.65852,19.58977,-16.7209,26.33499,19.58977,-22.26119,12.33727,19.58977,
638524921825035845,206355,26.10164,22.63333,19.56799,-16.70231,26.30571,19.56799,-22.23644,12.32356,19.56799,
638524921825145830,206367,26.07531,22.61049,19.54824,-16.68546,26.27917,19.54824,-22.214,12.31112,19.54824,
638524921825265832,206378,26.03086,22.57194,19.51492,-16.65701,26.23437,19.51492,-22.17613,12.29014,19.51492,
638524921825375837,206389,25.98559,22.53269,19.48098,-16.62804,26.18875,19.48098,-22.13756,12.26876,19.48098,
638524921825485836,206400,25.94118,22.49418,19.44769,-16.59963,26.14399,19.44769,-22.09973,12.2478,19.44769,
638524921825595834,206411,25.89745,22.45627,19.41491,-16.57165,26.09992,19.41491,-22.06248,12.22715,19.41491,
638524921825705836,206422,25.85265,22.41742,19.38132,-16.54298,26.05478,19.38132,-22.02432,12.206,19.38132,
638524921825815838,206433,25.80822,22.37889,19.34801,-16.51455,26.00999,19.34801,-21.98646,12.18502,19.34801,
638524921825925831,206444,25.76409,22.34062,19.31492,-16.48631,25.96552,19.31492,-21.94886,12.16418,19.31492,
638524921826035839,206456,25.71957,22.30202,19.28155,-16.45782,25.92065,19.28155,-21.91094,12.14316,19.28155,
638524921826145826,206467,25.67509,22.26346,19.24821,-16.42937,25.87583,19.24821,-21.87305,12.12217,19.24821,
638524921826265832,206478,25.63082,22.22507,19.21502,-16.40103,25.83121,19.21502,-21.83533,12.10126,19.21502,
638524921826425843,206494,25.58591,22.18612,19.18135,-16.3723,25.78595,19.18135,-21.79708,12.08006,19.18135,
638524921826475844,206500,25.52236,22.13102,19.13371,-16.33163,25.7219,19.13371,-21.74294,12.05006,19.13371,
638524921826595832,206511,25.49801,22.1099,19.11545,-16.31605,25.69736,19.11545,-21.72219,12.03856,19.11545,
638524921826705837,206522,25.45302,22.07089,19.08172,-16.28726,25.65201,19.08172,-21.68386,12.01731,19.08172,
638524921826815846,206533,25.40846,22.03225,19.04832,-16.25875,25.60711,19.04832,-21.6459,11.99628,19.04832,
638524921826925834,206544,25.36425,21.99392,19.01518,-16.23046,25.56256,19.01518,-21.60824,11.97541,19.01518,
638524921827035834,206555,25.31958,21.95518,18.98169,-16.20187,25.51753,18.98169,-21.57018,11.95432,18.98169,
638524921827145832,206567,25.2753,21.91679,18.94849,-16.17354,25.47291,18.94849,-21.53246,11.93341,18.94849,
638524921827265831,206578,25.23042,21.87787,18.91485,-16.14482,25.42768,18.91485,-21.49423,11.91222,18.91485,
638524921827375831,206589,25.1859,21.83926,18.88147,-16.11633,25.3828,18.88147,-21.45629,11.8912,18.88147,
638524921827485851,206600,25.14144,21.80071,18.84813,-16.08788,25.338,18.84813,-21.41842,11.87021,18.84813,
638524921827595835,206611,25.09697,21.76215,18.8148,-16.05943,25.29318,18.8148,-21.38053,11.84921,18.8148,
638524921827705839,206622,25.05317,21.72417,18.78197,-16.0314,25.24904,18.78197,-21.34322,11.82853,18.78197,
638524921827815839,206633,25.0085,21.68544,18.74848,-16.00282,25.20402,18.74848,-21.30517,11.80744,18.74848,
638524921827965830,206648,24.9635,21.64641,18.71474,-15.97402,25.15866,18.71474,-21.26682,11.78619,18.71474,
638524921828035841,206655,24.90496,21.59566,18.67085,-15.93656,25.09967,18.67085,-21.21696,11.75856,18.67085,
638524921828145835,206667,24.87617,21.57069,18.64927,-15.91814,25.07066,18.64927,-21.19243,11.74497,18.64927,
638524921828255843,206678,24.83061,21.53118,18.61511,-15.88898,25.02474,18.61511,-21.15361,11.72345,18.61511,
638524921828375337,206689,24.78633,21.49279,18.58191,-15.86065,24.98011,18.58191,-21.11589,11.70255,18.58191,
638524921828485335,206700,24.74154,21.45394,18.54833,-15.83198,24.93497,18.54833,-21.07773,11.6814,18.54833,
638524921828595343,206711,24.69725,21.41554,18.51513,-15.80364,24.89033,18.51513,-21.04,11.66049,18.51513,
638524921828705340,206723,24.65178,21.37612,18.48104,-15.77455,24.84451,18.48104,-21.00126,11.63902,18.48104,
638524921828825347,206734,24.60645,21.33681,18.44706,-15.74554,24.79883,18.44706,-20.96265,11.61762,18.44706,
638524921828935337,206745,24.56097,21.29737,18.41297,-15.71644,24.75299,18.41297,-20.9239,11.59615,18.41297,
638524921829045332,206757,24.51527,21.25774,18.3787,-15.68719,24.70693,18.3787,-20.88497,11.57457,18.3787,
638524921829165344,206768,24.47014,21.21861,18.34487,-15.65831,24.66144,18.34487,-20.84652,11.55326,18.34487,
638524921829275336,206780,24.42458,21.1791,18.31071,-15.62916,24.61553,18.31071,-20.80771,11.53175,18.31071,
638524921829395339,206791,24.37878,21.13939,18.27638,-15.59986,24.56938,18.27638,-20.76869,11.51013,18.27638,
638524921829555351,206807,24.33246,21.09923,18.24165,-15.57022,24.5227,18.24165,-20.72923,11.48826,18.24165,
638524921829615357,206813,24.27019,21.04523,18.19497,-15.53037,24.45994,18.19497,-20.67618,11.45886,18.19497,
638524921829725332,206824,24.24325,21.02187,18.17477,-15.51313,24.43279,18.17477,-20.65323,11.44614,18.17477,
638524921829835338,206836,24.19923,20.98369,18.14177,-15.48496,24.38842,18.14177,-20.61572,11.42535,18.14177,
638524921829985339,206850,24.15484,20.94521,18.1085,-15.45656,24.34369,18.1085,-20.57792,11.4044,18.1085,
638524921830095335,206861,24.09774,20.8957,18.06569,-15.42002,24.28614,18.06569,-20.52927,11.37744,18.06569,
638524921830205333,206872,24.05265,20.85659,18.03188,-15.39116,24.24069,18.03188,-20.49085,11.35614,18.03188,
638524921830335350,206885,24.00808,20.81794,17.99846,-15.36264,24.19577,17.99846,-20.45288,11.3351,17.99846,
638524921830455335,206897,23.95594,20.77273,17.95938,-15.32928,24.14322,17.95938,-20.40846,11.31048,17.95938,
638524921830545331,206906,23.90982,20.73274,17.9248,-15.29977,24.09674,17.9248,-20.36917,11.28871,17.9248,
638524921830655345,206917,23.87245,20.70033,17.89678,-15.27585,24.05908,17.89678,-20.33733,11.27107,17.89678,
638524921830755336,206928,23.82995,20.66348,17.86492,-15.24866,24.01625,17.86492,-20.30113,11.251,17.86492,
638524921830875335,206939,23.78635,20.62568,17.83224,-15.22076,23.97231,17.83224,-20.26399,11.23042,17.83224,
638524921830985335,206950,23.74172,20.58698,17.79878,-15.1922,23.92733,17.79878,-20.22597,11.20935,17.79878,
638524921831205349,206973,23.69591,20.54725,17.76443,-15.16289,23.88116,17.76443,-13.85342,20.92279,20,
638524921831375357,206989,23.60783,20.47088,17.69841,-15.10653,23.79239,17.69841,-13.80768,20.85372,19.93397,
638524921831445356,206997,23.53976,20.41185,17.64737,-15.06297,23.72379,17.64737,-13.77233,20.80033,19.88294,
638524921831505347,207002,23.50969,20.38578,17.62483,-15.04373,23.69349,17.62483,-13.75672,20.77675,19.8604,
638524921831605333,207013,23.48672,20.36586,17.60761,-15.02903,23.67034,17.60761,-13.74479,20.75874,19.84318,
638524921831725334,207024,23.44583,20.33041,17.57696,-15.00287,23.62913,17.57696,-13.72356,20.72667,19.81252,
638524921831835335,207035,23.40092,20.29146,17.54329,-14.97412,23.58386,17.54329,-13.70023,20.69144,19.77885,
638524921831945340,207046,23.3569,20.25329,17.51029,-14.94596,23.53951,17.51029,-13.67738,20.65692,19.74586,
638524921832055335,207057,23.31233,20.21464,17.47688,-14.91744,23.49459,17.47688,-13.65423,20.62197,19.71244,
638524921832165335,207068,23.26801,20.17621,17.44365,-14.88908,23.44992,17.44365,-13.63122,20.58721,19.67922,
638524921832275333,207079,23.22358,20.13768,17.41034,-14.86065,23.40514,17.41034,-13.60814,20.55236,19.6459,
638524921832385334,207090,23.17896,20.099,17.37689,-14.8321,23.36018,17.37689,-13.58498,20.51737,19.61246,
638524921832495333,207102,23.13441,20.06036,17.34349,-14.80359,23.31528,17.34349,-13.56184,20.48243,19.57906,
638524921832645335,207117,23.08996,20.02182,17.31017,-14.77515,23.27048,17.31017,-13.53876,20.44757,19.54574,
638524921832715344,207123,23.03115,19.97082,17.26608,-14.73751,23.2112,17.26608,-13.50822,20.40144,19.50164,
638524921832835336,207135,23.00212,19.94565,17.24431,-14.71894,23.18195,17.24431,-13.49314,20.37867,19.47988,
638524921832945342,207146,22.95688,19.90642,17.2104,-14.68999,23.13636,17.2104,-13.46965,20.34319,19.44596,
638524921833055330,207157,22.91244,19.86789,17.17709,-14.66155,23.09157,17.17709,-13.44658,20.30835,19.41265,
638524921833165337,207168,22.8682,19.82953,17.14392,-14.63325,23.04699,17.14392,-13.4236,20.27365,19.37949,
638524921833275338,207179,22.82357,19.79083,17.11046,-14.60468,23.00201,17.11046,-13.40043,20.23865,19.34603,
638524921833385443,207190,22.77935,19.75248,17.07731,-14.57639,22.95744,17.07731,-13.37746,20.20396,19.31288,
638524921833505437,207202,22.73468,19.71375,17.04382,-14.5478,22.91242,17.04382,-13.35427,20.16893,19.27939,
638524921833615444,207213,22.68897,19.67411,17.00955,-14.51855,22.86635,17.00955,-13.33053,20.13308,19.24512,
638524921833725434,207224,22.64543,19.63636,16.97692,-14.49069,22.82248,16.97692,-13.30792,20.09894,19.21248,
638524921833835442,207235,22.60103,19.59785,16.94362,-14.46228,22.77773,16.94362,-13.28486,20.06411,19.17919,
638524921833945450,207246,22.55583,19.55866,16.90974,-14.43336,22.73217,16.90974,-13.26139,20.02866,19.1453,
638524921834055426,207257,22.5108,19.51961,16.87598,-14.40454,22.68679,16.87598,-13.23801,19.99334,19.11155,
638524921834205441,207272,22.4677,19.48224,16.84367,-14.37696,22.64336,16.84367,-13.21563,19.95954,19.07924,
638524921834275471,207279,22.408,19.43047,16.79891,-14.33876,22.58318,16.79891,-13.18463,19.91272,19.03448,
638524921834385437,207290,22.37935,19.40563,16.77744,-14.32043,22.55432,16.77744,-13.16975,19.89025,19.013,
638524921834495433,207301,22.33465,19.36687,16.74393,-14.29183,22.50927,16.74393,-13.14654,19.8552,18.97949,
638524921834605433,207313,22.29023,19.32835,16.71062,-14.2634,22.4645,16.71062,-13.12347,19.82036,18.94619,
638524921834715444,207324,22.24583,19.28986,16.67734,-14.23499,22.41976,16.67734,-13.10042,19.78554,18.91291,
638524921834835438,207335,22.20121,19.25117,16.64389,-14.20644,22.37479,16.64389,-13.07725,19.75055,18.87946,
638524921834945439,207346,22.15667,19.21254,16.6105,-14.17794,22.3299,16.6105,-13.05412,19.71561,18.84606,
638524921835055437,207357,22.11219,19.17397,16.57715,-14.14948,22.28507,16.57715,-13.03102,19.68073,18.81272,
638524921835165438,207368,22.06744,19.13517,16.5436,-14.12084,22.23997,16.5436,-13.00778,19.64563,18.77917,
638524921835275444,207380,22.022,19.09576,16.50953,-14.09176,22.19417,16.50953,-12.98418,19.60999,18.7451,
638524921835395435,207391,21.97696,19.05672,16.47577,-14.06295,22.14879,16.47577,-12.9608,19.57467,18.71134,
638524921835505433,207402,21.93208,19.01779,16.44212,-14.03422,22.10355,16.44212,-12.93749,19.53947,18.67769,
638524921835615433,207414,21.88695,18.97866,16.40829,-14.00535,22.05806,16.40829,-12.91405,19.50407,18.64385,
638524921835775435,207429,21.84095,18.93878,16.37381,-13.97591,22.01171,16.37381,-12.89017,19.468,18.60937,
638524921835835432,207436,21.77973,18.88569,16.32791,-13.93674,21.95001,16.32791,-12.85838,19.41998,18.56347,
638524921835955441,207447,21.75228,18.86189,16.30733,-13.91917,21.92234,16.30733,-12.84412,19.39846,18.5429,
638524921836065435,207458,21.70746,18.82302,16.27373,-13.89049,21.87717,16.27373,-12.82085,19.36331,18.5093,
638524921836175435,207469,21.66336,18.78478,16.24067,-13.86227,21.83273,16.24067,-12.79795,19.32872,18.47623,
638524921836285433,207480,21.61873,18.74608,16.20721,-13.83371,21.78775,16.20721,-12.77477,19.29372,18.44278,
638524921836395434,207491,21.57448,18.70771,16.17404,-13.8054,21.74315,16.17404,-12.7518,19.25901,18.40961,
638524921836505434,207503,21.53004,18.66918,16.14072,-13.77696,21.69836,16.14072,-12.72872,19.22416,18.37629,
638524921836625444,207514,21.48516,18.63026,16.10707,-13.74824,21.65313,16.10707,-12.70541,19.18896,18.34264,
638524921836735433,207525,21.44048,18.59152,16.07358,-13.71965,21.6081,16.07358,-12.68221,19.15392,18.30914,
638524921836845433,207536,21.39625,18.55317,16.04042,-13.69135,21.56353,16.04042,-12.65924,19.11923,18.27599,
638524921836955438,207547,21.35202,18.51481,16.00726,-13.66305,21.51895,16.00726,-12.63628,19.08454,18.24283,
638524921837065434,207558,21.30715,18.47591,15.97363,-13.63434,21.47374,15.97363,-12.61298,19.04936,18.20919,
638524921837175443,207569,21.26311,18.43772,15.94061,-13.60616,21.42935,15.94061,-12.59011,19.01482,18.17618,
638524921837335449,207585,21.21811,18.3987,15.90687,-13.57736,21.384,15.90687,-12.56674,18.97952,18.14244,
638524921837395445,207591,21.15469,18.3437,15.85933,-13.53677,21.32008,15.85933,-12.5338,18.92978,18.09489,
638524921837505434,207602,21.13034,18.32259,15.84108,-13.5212,21.29554,15.84108,-12.52116,18.91069,18.07664,
638524921837615436,207613,21.08833,18.28616,15.80958,-13.49431,21.2532,15.80958,-12.49935,18.87774,18.04515,
638524921837725434,207624,21.04291,18.24678,15.77553,-13.46525,21.20743,15.77553,-12.47576,18.84212,18.0111,
638524921837835438,207635,20.99944,18.20908,15.74294,-13.43743,21.16361,15.74294,-12.45319,18.80802,17.97851,
638524921837945443,207646,20.95493,18.17048,15.70957,-13.40895,21.11875,15.70957,-12.43007,18.77311,17.94514,
638524921838055453,207657,20.91022,18.13172,15.67606,-13.38034,21.0737,15.67606,-12.40686,18.73805,17.91162,
638524921838165443,207669,20.86553,18.09297,15.64255,-13.35174,21.02866,15.64255,-12.38365,18.703,17.87812,
638524921838285453,207680,20.82124,18.05457,15.60935,-13.32341,20.98403,15.60935,-12.36065,18.66827,17.84492,
638524921838385547,207691,20.7752,18.01464,15.57483,-13.29394,20.93762,15.57483,-12.33674,18.63216,17.8104,
638524921838505535,207702,20.73231,17.97745,15.54268,-13.2665,20.8944,15.54268,-12.31447,18.59852,17.77825,
638524921838615548,207713,20.68699,17.93816,15.50871,-13.2375,20.84873,15.50871,-12.29094,18.56298,17.74428,
638524921838725527,207724,20.64372,17.90063,15.47626,-13.20981,20.80512,15.47626,-12.26847,18.52904,17.71183,
638524921838885533,207741,20.59927,17.86209,15.44294,-13.18137,20.76032,15.44294,-12.24539,18.49418,17.67851,
638524921838945539,207746,20.53444,17.80588,15.39434,-13.13988,20.69499,15.39434,-12.21172,18.44334,17.62991,
638524921839055531,207757,20.50844,17.78333,15.37485,-13.12325,20.66878,15.37485,-12.19822,18.42295,17.61041,
638524921839165542,207768,20.46746,17.74779,15.34412,-13.09702,20.62748,15.34412,-12.17694,18.39081,17.57969,
638524921839275547,207779,20.42254,17.70885,15.31045,-13.06828,20.58221,15.31045,-12.15362,18.35558,17.54602,
638524921839385541,207790,20.37835,17.67052,15.27732,9.091574,9.55769,20,-12.13067,18.32092,17.51289,
638524921839505537,207802,20.33394,17.63202,15.24403,9.076441,9.54178,19.96671,-12.10761,18.28609,17.4796,
638524921839615537,207813,20.28799,17.59217,15.20958,9.060781,9.525317,19.93226,-12.08374,18.25005,17.44515,
638524921839715547,207824,20.24369,17.55375,15.17636,9.045683,9.509445,19.89905,-12.06074,18.21531,17.41194,
638524921839825532,207835,20.20071,17.51649,15.14415,9.031038,9.49405,19.86683,-12.03842,18.18161,17.37972,
638524921839945538,207846,20.15618,17.47787,15.11076,9.01586,9.478093,19.83344,-12.0153,18.14668,17.34633,
638524921840055537,207857,20.11186,17.43945,15.07754,9.000759,9.462218,19.80022,-11.99228,18.11192,17.31311,
638524921840165530,207868,20.06725,17.40076,15.04409,8.985554,9.446234,19.76677,-11.96912,18.07693,17.27966,
638524921840275532,207879,20.02249,17.36195,15.01054,8.970301,9.430199,19.73322,-11.94587,18.04183,17.24611,
638524921840425538,207894,19.9779,17.32328,14.97711,8.955105,9.414224,19.69979,-11.92272,18.00686,17.21268,
638524921840495547,207901,19.91784,17.2712,14.93208,8.934636,9.392706,19.65476,-11.89153,17.95975,17.16765,
638524921840605530,207913,19.88881,17.24603,14.91032,8.924742,9.382304,19.633,-11.87645,17.93698,17.14589,
638524921840715537,207924,19.84456,17.20766,14.87714,8.909662,9.366451,19.59982,-11.85348,17.90228,17.11271,
638524921840835533,207935,19.80052,17.16948,14.84413,8.894656,9.350676,19.56681,-11.83061,17.86774,17.0797,
638524921840945542,207946,19.75566,17.13058,14.8105,8.879369,9.334604,19.53318,-11.80732,17.83256,17.04607,
638524921841055534,207957,19.71064,17.09153,14.77675,8.864024,9.318474,19.49943,-11.78393,17.79725,17.01232,
638524921841165534,207968,19.66717,17.05384,14.74416,8.849209,9.302899,19.46684,-11.76136,17.76315,16.97973,
638524921841275529,207979,19.62246,17.01507,14.71064,8.833972,9.286881,19.43332,-11.73814,17.72809,16.94621,
638524921841385535,207990,19.57821,16.9767,14.67747,8.818894,9.27103,19.40015,-11.71517,17.69339,16.91304,
638524921841495536,208001,19.53387,16.93825,14.64422,8.803782,9.255143,19.36691,-11.69214,17.65861,16.8798,
638524921841605554,208012,19.48934,16.89964,14.61084,8.788607,9.239189,19.33352,-11.66902,17.62369,16.84641,
638524921841715535,208024,19.44488,16.86108,14.57751,8.773455,9.223261,19.30019,-11.64593,17.58882,16.81308,
638524921841825551,208035,19.40049,16.82259,14.54423,8.758327,9.207358,19.26691,-11.62288,17.554,16.7798,
638524921841985530,208051,19.35584,16.78388,14.51076,8.743111,9.191361,19.23344,-11.59969,17.51899,16.74633,
638524921842045539,208056,19.29295,16.72934,14.46361,8.721678,9.16883,19.18629,-11.56703,17.46966,16.69918,
638524921842165528,208068,19.26801,16.70772,14.44491,8.71318,9.159896,19.1676,-11.55409,17.4501,16.68049,
638524921842275532,208079,19.22252,16.66828,14.41081,8.697678,9.1436,19.1335,-11.53047,17.41443,16.64639,
638524921842385539,208090,19.17828,16.62992,14.37765,8.682601,9.127749,19.10033,-11.50749,17.37973,16.61322,
638524921842495535,208102,19.13357,16.59115,14.34413,8.667365,9.111732,19.06681,-11.48427,17.34467,16.5797,
638524921842605531,208113,19.08826,16.55186,14.31016,8.651923,9.095499,19.03284,-11.46074,17.30913,16.54573,
638524921842725531,208124,19.04359,16.51312,14.27667,8.6367,9.079495,18.99935,-11.43755,17.2741,16.51224,
638524921842835534,208135,18.99851,16.47403,14.24288,8.621337,9.063345,18.96556,-11.41414,17.23874,16.47845,
638524921842945531,208146,18.95403,16.43546,14.20953,8.606177,9.047408,18.93221,-11.39104,17.20386,16.4451,
638524921843055537,208157,18.90941,16.39677,14.17608,8.590973,9.031425,18.89876,-11.36787,17.16887,16.41165,
638524921843165532,208169,18.86527,16.3585,14.14299,8.575931,9.015611,18.86567,-11.34495,17.13425,16.37856,
638524921843275529,208180,18.82048,16.31966,14.10941,8.560666,8.999563,18.83209,-11.32169,17.09912,16.34498,
638524921843395646,208191,18.77603,16.28111,14.07608,8.545517,8.983638,18.79876,-11.29861,17.06425,16.31165,
638524921843555658,208207,18.73147,16.24247,14.04268,8.530332,8.967674,18.76536,-11.27547,17.02931,16.27825,
638524921843605654,208212,18.66689,16.18648,13.99427,8.508325,8.944539,18.71695,-11.24193,16.97866,16.22984,
638524921843715651,208223,18.64328,16.166,13.97657,8.500278,8.936081,18.69925,-11.22967,16.96015,16.21214,
638524921843825647,208235,18.60058,16.12898,13.94456,8.485728,8.920785,18.66724,-11.2075,16.92666,16.18013,
638524921843945652,208246,18.55553,16.08991,13.91078,8.470374,8.904643,18.63346,-11.18411,16.89132,16.14635,
638524921844055651,208257,18.5105,16.05087,13.87702,8.455029,8.888511,18.5997,1.545818,2.539955,20,
638524921844165644,208268,18.46701,16.01316,13.84442,8.440208,8.872931,18.5671,1.543299,2.535815,19.9674,
638524921844275646,208279,18.42267,15.97471,13.81118,8.425097,8.857045,18.53386,1.540729,2.531593,19.93416,
638524921844385646,208290,18.37855,15.93645,13.7781,8.410061,8.841238,18.50078,1.538173,2.527392,19.90108,
638524921844495649,208301,18.33357,15.89744,13.74438,8.394732,8.825123,18.46706,1.535566,2.52311,19.86736,
638524921844605648,208312,18.28917,15.85894,13.71109,8.379601,8.809216,18.43377,1.532993,2.518883,19.83407,
638524921844715648,208324,18.2447,15.82039,13.67776,8.364448,8.793286,18.40044,1.530417,2.514649,19.80074,
638524921844825656,208335,18.20007,15.78168,13.6443,8.349236,8.777295,18.36698,1.527831,2.5104,19.76727,
638524921844945655,208346,18.15555,15.74308,13.61093,8.334066,8.761347,18.33361,1.525252,2.506161,19.7339,
638524921845095645,208361,18.1109,15.70436,13.57745,8.318849,8.745349,18.30013,1.522664,2.50191,19.70043,
638524921845155659,208368,18.04976,15.65135,13.53162,8.298014,8.723446,18.2543,1.519122,2.496089,19.65459,
638524921845275660,208379,18.02224,15.62749,13.51098,8.288633,8.713585,18.23366,1.517527,2.493469,19.63396,
638524921845385648,208390,17.97804,15.58916,13.47785,8.273572,8.697751,18.20053,1.514966,2.489261,19.60083,
638524921845495653,208401,17.93363,15.55065,13.44455,8.258435,8.681838,18.16723,1.512392,2.485033,19.56753,
638524921845605652,208412,17.88932,15.51223,13.41134,8.243338,8.665966,18.13402,1.509825,2.480815,19.53432,
638524921845715664,208424,17.84479,15.47361,13.37795,8.228161,8.650011,18.10063,1.507245,2.476575,19.50093,
638524921845825664,208435,17.80012,15.43488,13.34446,8.212938,8.634008,18.06715,1.504656,2.472322,19.46744,
638524921845935656,208446,17.7555,15.39619,13.31101,8.197732,8.618023,18.0337,1.502071,2.468074,19.43399,
638524921846055652,208457,17.7112,15.35778,13.2778,8.182634,8.602152,18.00048,1.499504,2.463856,19.40078,
638524921846165647,208468,17.6669,15.31937,13.24459,8.167539,8.586282,17.96728,1.496937,2.459638,19.36757,
638524921846275650,208479,17.62243,15.28081,13.21125,8.152383,8.57035,17.93394,1.494361,2.455404,19.33423,
638524921846385651,208490,17.57833,15.24257,13.17819,8.137354,8.554551,17.90088,1.491805,2.451206,19.30117,
638524921846495652,208501,17.53347,15.20366,13.14456,8.122065,8.538478,17.86724,1.489206,2.446934,19.26754,
638524921846655661,208517,17.48892,15.16504,13.11116,8.106884,8.522519,17.83385,1.486625,2.442693,19.23414,
638524921846715656,208523,17.42587,15.11036,13.06389,8.085396,8.499929,17.78658,1.482971,2.43669,19.18687,
638524921846825648,208535,17.40119,15.08896,13.04539,8.076985,8.491087,17.76807,1.481541,2.43434,19.16837,
638524921846945660,208546,17.35591,15.0497,13.01144,8.061554,8.474864,17.73413,1.478917,2.430028,19.13442,
638524921847045648,208557,17.31081,15.0106,12.97764,8.046187,8.45871,17.70032,1.476304,2.425735,19.10062,
638524921847165658,208568,17.26737,14.97292,12.94507,8.031381,8.443144,17.66775,1.473787,2.421599,19.06805,
638524921847275649,208579,17.22181,14.93341,12.91091,8.015854,8.426821,17.63359,1.471147,2.417261,19.03389,
638524921847385655,208591,17.17676,14.89436,12.87714,8.000504,8.410684,17.59983,1.468537,2.412972,19.00012,
638524921847505649,208602,17.13152,14.85513,12.84323,7.985087,8.394476,17.56591,1.465916,2.408665,18.96621,
638524921847615656,208613,17.08642,14.81601,12.80941,7.969715,8.378316,17.53209,1.463302,2.404371,18.93239,
638524921847725652,208624,17.04261,14.77802,12.77657,7.954784,8.36262,17.49925,1.460763,2.400199,18.89955,
638524921847835649,208635,16.99782,14.73919,12.74299,7.93952,8.346574,17.46567,1.458168,2.395935,18.86597,
638524921847945657,208646,16.95355,14.7008,12.7098,7.924435,8.330714,17.43249,1.455603,2.391721,18.83278,
638524921848055655,208657,16.90878,14.66198,12.67624,7.909179,8.314676,17.39893,1.453009,2.387458,18.79922,
638524921848215650,208673,16.86458,14.62365,12.6431,7.894115,8.298841,17.36579,1.450448,2.38325,18.76608,
638524921848275669,208679,16.80226,14.56961,12.59638,7.872877,8.276513,17.31907,1.446837,2.377316,18.71936,
638524921848385644,208691,16.77575,14.54662,12.57651,7.863841,8.267014,17.29919,1.4453,2.374792,18.69949,
638524921848495653,208702,16.73131,14.50809,12.54319,7.848696,8.251093,17.26587,1.442726,2.370561,18.66617,
638524921848615638,208713,16.68678,14.46948,12.50981,7.83352,8.235139,17.23249,1.440145,2.366321,18.63279,
638524921848715646,208724,16.64252,14.4311,12.47663,7.818438,8.219283,17.19931,1.437581,2.362108,18.59961,
638524921848835653,208735,16.59843,14.39287,12.44357,7.803412,8.203486,17.16626,1.435026,2.35791,18.56656,
638524921848945652,208746,16.55315,14.35361,12.40963,7.787982,8.187265,17.13231,1.432402,2.353599,18.53261,
638524921849055648,208757,16.50902,14.31534,12.37654,7.772941,8.171453,17.09923,1.429845,2.349397,18.49952,
638524921849165646,208769,16.46474,14.27694,12.34335,7.75785,8.155588,17.06603,1.427279,2.345181,18.46633,
638524921849275643,208780,16.41964,14.23783,12.30954,7.742481,8.139431,17.03222,1.424666,2.340887,18.43252,
638524921849385647,208791,16.37555,14.19961,12.27649,7.727458,8.123637,16.99917,1.422112,2.33669,18.39947,
638524921849495653,208802,16.33126,14.1612,12.24328,7.712363,8.107768,16.96596,1.419545,2.332473,18.36626,
638524921849615645,208813,16.28656,14.12244,12.20977,7.69713,8.091755,16.93246,1.416955,2.328218,18.33275,
638524921849775661,208829,16.24203,14.08383,12.17639,7.681955,8.075801,16.89907,1.414375,2.323978,18.29937,
638524921849825661,208835,16.17787,14.02819,12.12828,7.660089,8.052814,16.85097,1.410657,2.317869,18.25126,
638524921849935654,208846,16.15372,14.00725,12.11018,7.65186,8.044164,16.83287,-24.29898,-9.411057,20,
638524921850045661,208857,16.11101,13.97022,12.07816,7.637305,8.028862,16.80085,-24.26008,-9.395989,19.96798,
638524921850165654,208868,16.06664,13.93174,12.0449,7.622182,8.012964,16.76758,-24.21966,-9.380336,19.93471,
638524921850275656,208879,16.02205,13.89307,12.01147,7.606986,7.996989,16.73415,-24.17905,-9.364606,19.90129,
638524921850385659,208890,15.97753,13.85447,11.9781,7.591817,7.981042,16.70078,-24.13851,-9.348904,19.86791,
638524921850495659,208902,15.93278,13.81567,11.94455,7.576565,7.965009,16.66723,-24.09774,-9.333117,19.83436,
638524921850605669,208913,15.8878,13.77666,11.91083,7.561237,7.948895,16.63351,-24.05678,-9.317249,19.80064,
638524921850715661,208924,15.84353,13.73827,11.87764,7.546149,7.933033,16.60032,-24.01645,-9.301631,19.76745,
638524921850825659,208934,15.79902,13.69968,11.84427,7.53098,7.917087,16.56695,-23.97591,-9.285929,19.73408,
638524921850935649,208946,15.75543,13.66189,11.81159,7.516127,7.901472,16.53428,-23.93621,-9.270554,19.70141,
638524921851045646,208957,15.71084,13.62322,11.77816,7.500929,7.885495,16.50084,-23.89559,-9.254822,19.66798,
638524921851165648,208968,15.66636,13.58465,11.74481,7.485771,7.869559,16.4675,-23.85508,-9.23913,19.63463,
638524921851315657,208983,15.62197,13.54616,11.71154,7.470645,7.853658,16.43422,-23.81465,-9.223473,19.60136,
638524921851375663,208989,15.56165,13.49385,11.66632,7.450089,7.832048,16.389,-23.75971,-9.202193,19.55614,
638524921851495660,209001,15.53425,13.47009,11.64578,7.440751,7.822231,16.36846,-23.73475,-9.192527,19.53559,
638524921851605643,209012,15.48749,13.42955,11.61072,7.424816,7.80548,16.33341,-23.69217,-9.176033,19.50054,
638524921851715648,209023,15.44464,13.3924,11.5786,7.410214,7.790129,16.30128,-23.65314,-9.160917,19.46842,
638524921851825647,209034,15.40019,13.35385,11.54528,7.395066,7.774204,16.26796,-23.61265,-9.145237,19.43509,
638524921851935654,209046,15.35548,13.31508,11.51176,7.379828,7.758185,16.23444,-23.57192,-9.129464,19.40157,
638524921852045650,209057,15.31094,13.27645,11.47836,7.364647,7.742226,16.20104,-23.53135,-9.11375,19.36818,
638524921852155653,209068,15.26637,13.23781,11.44495,7.349461,7.726262,16.16764,-23.49076,-9.09803,19.33477,
638524921852275648,209079,15.22223,13.19953,11.41185,7.334415,7.710444,16.13454,-23.45055,-9.082456,19.30167,
638524921852385660,209090,15.17774,13.16095,11.3785,7.319255,7.694507,16.10119,-23.41003,-9.066763,19.26832,
638524921852495649,209101,15.13345,13.12255,11.3453,7.30416,7.678638,16.06798,-23.36969,-9.051137,19.23512,
638524921852605648,209112,15.08881,13.08384,11.31183,7.288948,7.662646,16.03452,-23.32903,-9.03539,19.20165,
638524921852715646,209123,15.04466,13.04556,11.27874,7.273904,7.646831,16.00142,-23.28882,-9.019817,19.16856,
638524921852875659,209139,14.99979,13.00665,11.2451,7.258611,7.630753,15.96778,-23.24795,-9.003986,19.13491,
638524921852935654,209145,14.93829,12.95332,11.19899,7.237652,7.608719,15.92167,-23.19193,-8.98229,19.08881,
638524921853045658,209156,14.91212,12.93063,11.17937,7.228734,7.599345,15.90206,-23.1681,-8.97306,19.06919,
638524921853155646,209168,14.86692,12.89143,11.14549,7.213329,7.58315,15.86817,-23.12693,-8.957113,19.0353,
638524921853275655,209179,14.82264,12.85304,11.11229,7.198241,7.567288,15.83498,-23.0866,-8.941494,19.00211,
638524921853385757,209190,14.77741,12.81382,11.07838,7.182826,7.551083,15.80107,-23.0454,-8.925537,18.9682,
638524921853495758,209202,14.73276,12.77511,11.04491,7.167611,7.535088,15.7676,-23.00474,-8.909788,18.93473,
638524921853605753,209212,14.68632,12.73484,11.0101,7.151785,7.518451,15.73278,-22.96244,-8.893406,18.89992,
638524921853715757,209224,14.64272,12.69702,10.97741,7.136924,7.502828,15.70009,-22.92272,-8.878022,18.86722,
638524921853835752,209235,14.59787,12.65813,10.94378,7.121639,7.48676,15.66647,-22.88187,-8.862201,18.8336,
638524921853945766,209246,14.55318,12.61939,10.91028,7.106411,7.470751,15.63297,-22.84117,-8.846437,18.8001,
638524921854055754,209257,14.50885,12.58095,10.87705,7.091304,7.454869,15.59973,-22.80079,-8.830799,18.76687,
638524921854165754,209268,14.46457,12.54255,10.84385,7.076212,7.439004,15.56653,-22.76046,-8.815178,18.73367,
638524921854275751,209279,14.41959,12.50355,10.81013,7.060884,7.42289,15.53282,-22.71949,-8.799311,18.69995,
638524921854435757,209295,14.37509,12.46496,10.77677,7.045718,7.406946,15.49945,-22.67896,-8.783611,18.66659,
638524921854495758,209301,14.31159,12.4099,10.72917,7.024078,7.384197,15.45185,-22.62112,-8.761211,18.61898,
638524921854605754,209312,14.287,12.38857,10.71073,7.015698,7.375388,15.43341,-22.59872,-8.752537,18.60055,
638524921854715757,209323,14.24404,12.35132,10.67852,7.001057,7.359996,15.40121,-22.55959,-8.737381,18.56834,
638524921854825759,209334,14.19982,12.31298,10.64537,6.985987,7.344153,15.36805,-22.51932,-8.721782,18.53519,
638524921854935754,209345,14.15523,12.27431,10.61194,6.970791,7.328178,15.33462,-22.4787,-8.706052,18.50176,
638524921855045751,209357,14.11101,12.23597,10.57879,6.955721,7.312336,15.30147,-22.43843,-8.690453,18.46861,
638524921855155753,209368,14.06651,12.19739,10.54544,6.940559,7.296396,15.26812,-22.3979,-8.674757,18.43525,
638524921855265753,209379,14.02174,12.15856,10.51187,6.925301,7.280356,15.23455,-22.35712,-8.658962,18.40169,
638524921855385754,209390,13.97756,12.12026,10.47875,6.910245,7.264529,15.20144,-22.31688,-8.643378,18.36857,
638524921855495756,209401,13.93305,12.08166,10.44538,6.895075,7.24858,15.16806,-22.27633,-8.627675,18.3352,
638524921855605754,209412,13.88851,12.04304,10.41199,6.879898,7.232625,15.13468,-22.23577,-8.611964,18.30181,
638524921855715758,209423,13.84431,12.00471,10.37886,6.864835,7.216791,15.10154,-22.19551,-8.596373,18.26867,
638524921855825769,209435,13.79973,11.96605,10.34543,6.849641,7.200817,15.06812,-22.1549,-8.580645,18.23525,
638524921855985765,209450,13.75434,11.92669,10.3114,6.834172,7.184555,15.03409,-22.11356,-8.564632,18.20122,
638524921856045763,209456,13.69262,11.87317,10.26513,-28.30266,-21.82465,20,-22.05734,-8.54286,18.15495,
638524921856155762,209468,13.6673,11.85122,10.24615,-28.2758,-21.80394,19.98102,-22.03428,-8.533928,18.13597,
638524921856275767,209479,13.62162,11.81161,10.21191,-28.22734,-21.76657,19.94677,-21.99268,-8.517814,18.10172,
638524921856375751,209490,13.57726,11.77315,10.17865,-28.18028,-21.73028,19.91352,-21.95227,-8.502167,18.06847,
638524921856495754,209501,13.53334,11.73506,10.14572,-28.13368,-21.69435,19.88059,-21.91226,-8.48667,18.03554,
638524921856605755,209512,13.48833,11.69603,10.11198,-28.08593,-21.65753,19.84685,-21.87127,-8.470795,18.0018,
638524921856715755,209523,13.44425,11.65781,10.07894,-28.03917,-21.62147,19.8138,-21.83113,-8.455246,17.96875,
638524921856825763,209534,13.39998,11.61942,10.04575,-27.9922,-21.58525,19.78061,-21.7908,-8.439628,17.93556,
638524921856935755,209545,13.3554,11.58076,10.01232,-27.9449,-21.54878,19.74719,-21.75019,-8.423901,17.90214,
638524921857045757,209556,13.31106,11.54231,9.979082,-27.89786,-21.5125,19.71395,-21.7098,-8.408259,17.8689,
638524921857155741,209568,13.26632,11.50352,9.945543,-27.8504,-21.4759,19.68041,-21.66906,-8.392477,17.83536,
638524921857265751,209579,13.22181,11.46493,9.912176,-27.80318,-21.43949,19.64704,-21.62852,-8.376776,17.80199,
638524921857375752,209590,13.17792,11.42686,9.879268,-27.75661,-21.40358,19.61413,-21.58854,-8.361291,17.76908,
638524921857535761,209605,13.13319,11.38808,9.845737,-27.70916,-21.36699,19.5806,-21.5478,-8.345512,17.73555,
638524921857595755,209612,13.07094,11.3341,9.799067,-27.64312,-21.31606,19.53393,-21.49109,-8.323552,17.68888,
638524921857715763,209624,13.04479,11.31143,9.779464,-27.61538,-21.29467,19.51433,-21.46728,-8.314328,17.66928,
638524921857825754,209634,12.99878,11.27153,9.744974,-27.56657,-21.25704,19.47984,-21.42538,-8.298099,17.63479,
638524921857935767,209646,12.9553,11.23383,9.712378,-27.52044,-21.22147,19.44724,-21.38577,-8.282761,17.6022,
638524921858045757,209657,12.91056,11.19503,9.678833,-27.47297,-21.18486,19.4137,-21.34502,-8.266976,17.56865,
638524921858165759,209668,12.86587,11.15628,9.645329,-27.42556,-21.1483,19.3802,-21.30432,-8.251211,17.53515,
638524921858275752,209679,12.82058,11.11701,9.611379,-27.37751,-21.11125,19.34625,-21.26307,-8.235236,17.5012,
638524921858385846,209690,12.77536,11.0778,9.577478,-27.32954,-21.07426,19.31235,-21.22188,-8.219284,17.4673,
638524921858495854,209701,12.73172,11.03996,9.544764,-27.28325,-21.03856,19.27963,-21.18213,-8.20389,17.43458,
638524921858605845,209712,12.68702,11.0012,9.51125,-27.23582,-21.00199,19.24612,-21.14141,-8.18812,17.40107,
638524921858715848,209723,12.64283,10.96288,9.478125,-27.18894,-20.96584,19.21299,-21.10117,-8.172533,17.36794,
638524921858825851,209735,12.59861,10.92454,9.444974,-27.14203,-20.92967,19.17984,-21.06089,-8.156934,17.33479,
638524921858935844,209746,12.55376,10.88564,9.411345,-27.09444,-20.89297,19.14621,-21.02003,-8.141109,17.30116,
638524921859095854,209761,12.50915,10.84696,9.377904,-27.04712,-20.85648,19.11277,-20.9794,-8.125373,17.26772,
638524921859155855,209768,12.4489,10.79472,9.332738,-26.9832,-20.80719,19.06761,-20.92453,-8.10412,17.22256,
638524921859275859,209779,12.42088,10.77043,9.311733,-26.95348,-20.78427,19.0466,-20.89901,-8.094236,17.20155,
638524921859385850,209790,12.37577,10.73131,9.277916,-26.90562,-20.74737,19.01278,-20.85792,-8.078323,17.16773,
638524921859495849,209801,12.33213,10.69347,9.2452,-26.85932,-20.71166,18.98007,-20.81817,-8.062928,17.13502,
638524921859605845,209812,12.28703,10.65436,9.211388,-26.81147,-20.67477,18.94625,-20.77709,-8.047017,17.1012,
638524921859715853,209824,12.24257,10.61581,9.17806,-26.76431,-20.6384,18.91292,-20.7366,-8.031334,17.06787,
638524921859835847,209835,12.19772,10.57692,9.144433,-26.71672,-20.6017,18.8793,-20.69575,-8.015512,17.03425,
638524921859935853,209846,12.15235,10.53757,9.110417,-26.66859,-20.56458,18.84528,-20.65442,-7.999506,17.00023,
638524921860045850,209857,12.10876,10.49977,9.077738,-26.62234,-20.52892,18.8126,-20.61472,-7.984129,16.96755,
638524921860165851,209868,12.0647,10.46157,9.04471,-26.57561,-20.49288,18.77958,-20.57459,-7.968588,16.93453,
638524921860275853,209879,12.01992,10.42274,9.011134,-26.52809,-20.45624,18.746,-20.5338,-7.952789,16.90095,
638524921860385853,209890,11.97569,10.38439,8.977978,-26.48117,-20.42006,18.71284,-20.49352,-7.937187,16.8678,
638524921860495845,209901,11.93138,10.34596,8.944757,-26.43416,-20.38381,18.67962,-20.45315,-7.921555,16.83458,
638524921860655855,209917,11.88667,10.3072,8.911244,-26.38673,-20.34724,18.64611,-20.41244,-7.905785,16.80106,
638524921860715850,209923,11.82508,10.25379,8.865066,-26.32138,-20.29685,18.59993,-20.35633,-7.884055,16.75488,
638524921860825858,209935,11.79873,10.23094,8.845317,-26.29344,-20.2753,18.58018,-20.33234,-7.874763,16.73514,
638524921860935854,209946,11.75334,10.19159,8.81129,-26.24529,-20.23817,18.54616,-20.291,-7.858751,16.70111,
638524921861055850,209957,11.70874,10.1529,8.777847,-26.19796,-20.20167,18.51271,-20.25036,-7.843015,16.66767,
638524921861165855,209968,11.66323,10.11345,8.743736,-26.14969,-20.16445,18.4786,-20.20892,-7.826963,16.63355,
638524921861275850,209979,11.61969,10.07569,8.711087,-26.10349,-20.12882,18.44596,-20.16925,-7.811601,16.60091,
638524921861385850,209990,11.57498,10.03692,8.677571,-26.05606,-20.09225,18.41244,-20.12853,-7.79583,16.56739,
638524921861495851,210001,11.53082,9.99863,8.644466,-26.00921,-20.05612,18.37934,-20.08831,-7.780252,16.53429,
638524921861605844,210012,11.48642,9.960125,8.611176,-25.9621,-20.0198,18.34605,-20.04787,-7.764587,16.501,
638524921861715846,210024,11.44194,9.921561,8.577835,-25.91492,-19.98341,18.31271,-20.00736,-7.748899,16.46766,
638524921861825854,210035,11.39752,9.883045,8.544536,-25.86779,-19.94708,18.27941,-19.9669,-7.733229,16.43436,
638524921861935845,210046,11.35305,9.844481,8.511195,-25.82061,-19.91069,18.24607,-19.9264,-7.717541,16.40102,
638524921862055848,210057,11.30824,9.805629,8.477604,-25.77308,-19.87404,18.21247,-19.88558,-7.701735,16.36743,
638524921862205853,210072,11.2639,9.767179,8.444361,-25.72603,-19.83776,18.17923,-19.8452,-7.686092,16.33418,
638524921862265849,210079,11.20362,9.714908,8.399169,-25.66208,-19.78845,18.13404,-19.79029,-7.664827,16.28899,
638524921862385845,210090,11.17602,9.690975,8.378478,-25.6328,-19.76587,18.11335,-19.76515,-7.65509,16.2683,
638524921862495848,210101,11.13108,9.652007,8.344788,-25.58512,-19.7291,18.07966,-19.72422,-7.639236,16.23461,
638524921862605854,210112,11.08619,9.613084,8.311136,-25.5375,-19.69238,18.04601,-19.68333,-7.623402,16.20096,
638524921862715849,210123,11.04162,9.574435,8.277722,-25.49022,-19.65592,18.01259,-19.64274,-7.607678,16.16754,
638524921862825852,210135,10.9976,9.536259,8.244716,-25.44351,-19.6199,17.97959,-19.60264,-7.592148,16.13454,
638524921862945856,210146,10.95292,9.49752,8.211224,-25.39611,-19.58335,17.94609,-19.56195,-7.576387,16.10105,
638524921863045847,210157,10.90833,9.458853,8.177793,-25.3488,-19.54687,17.91266,-19.52133,-7.560656,16.06761,
638524921863165844,210168,10.86422,9.420606,8.144726,-25.30201,-19.51079,17.87959,-19.48116,-7.545095,16.03455,
638524921863275853,210179,10.81976,9.382051,8.111392,-25.25484,-19.47441,17.84626,-19.44066,-7.52941,16.00121,
638524921863385954,210190,10.77481,9.343074,8.077694,-25.20715,-19.43764,17.81256,-19.39972,-7.513554,15.96751,
638524921863495972,210202,10.7306,9.304741,8.044553,-25.16025,-19.40148,17.77942,-19.35945,-7.497959,15.93437,
638524921863605955,210212,10.68514,9.26532,8.01047,-25.11202,-19.36429,17.74534,-19.31804,-7.481922,15.90029,
638524921863765961,210228,10.64157,9.227543,7.977809,-25.0658,-19.32865,17.71268,-19.27836,-7.466553,15.86763,
638524921863825957,210234,10.579,9.173288,7.930903,-24.99942,-19.27746,17.66577,-19.22137,-7.444481,15.82072,
638524921863935965,210246,10.55355,9.151215,7.911819,-24.97242,-19.25664,17.64669,-19.19819,-7.435501,15.80164,
638524921864045958,210257,10.50914,9.112705,7.878525,-24.9253,-19.2203,17.6134,-19.15774,-7.419835,15.76835,
638524921864155965,210268,10.46469,9.074166,7.845206,-24.87815,-19.18394,17.58008,-19.11725,-7.404156,15.73503,
638524921864275970,210279,10.42018,9.035569,7.811836,-24.83093,-19.14753,17.54671,-19.07671,-7.388454,15.70166,
638524921864385958,210290,10.37575,8.997044,7.778529,-24.78379,-19.11118,17.5134,-19.03625,-7.372781,15.66835,
638524921864495957,210301,10.33078,8.958043,7.74481,-24.73608,-19.07439,17.47968,-18.99528,-7.356915,15.63463,
638524921864605958,210312,10.28683,8.919935,7.711864,-24.68946,-19.03844,17.44673,-18.95525,-7.341412,15.60168,
638524921864715962,210323,10.24268,8.881655,7.678768,-24.64262,-19.00232,17.41364,-18.91504,-7.325838,15.56859,
638524921864825957,210334,10.1983,8.843167,7.645493,-24.59553,-18.96601,17.38036,-18.87461,-7.310181,15.53531,
638524921864935960,210346,10.15375,8.804543,7.612101,-24.54828,-18.92957,17.34697,-18.83405,-7.294468,15.50192,
638524921865045960,210357,10.10925,8.765955,7.578738,-24.50106,-18.89317,17.31361,-18.79351,-7.278769,15.46856,
638524921865155959,210368,10.06466,8.727291,7.54531,-24.45376,-18.85669,17.28018,-18.7529,-7.26304,15.43513,
638524921865315955,210383,10.01976,8.688354,7.511647,-24.40612,-18.81996,17.24652,-18.712,-7.2472,15.40147,
638524921865375962,210389,9.959377,8.635995,7.466379,-24.34206,-18.77056,17.20125,-18.657,-7.225899,15.3562,
638524921865495954,210401,9.932106,8.612348,7.445934,-24.31313,-18.74825,17.1808,-18.63216,-7.216278,15.33576,
638524921865605958,210412,9.886701,8.572976,7.411895,-24.26496,-18.7111,17.14676,-18.59081,-7.200261,15.30172,
638524921865715964,210423,9.842556,8.534698,7.3788,-24.21813,-18.67499,17.11367,-18.5506,-7.184688,15.26862,
638524921865825958,210435,9.798538,8.49653,7.345801,-24.17143,-18.63898,17.08067,-18.51051,-7.16916,15.23562,
638524921865935957,210445,21.94466,11.88469,20,-24.12233,-18.60112,17.04597,-18.46835,-7.152833,15.20093,
638524921866045951,210456,21.90936,11.86557,19.96782,-24.07679,-18.566,17.01379,-18.42925,-7.137691,15.16875,
638524921866155964,210468,21.87285,11.8458,19.93455,-24.02971,-18.5297,16.98052,-18.38884,-7.122037,15.13548,
638524921866265958,210479,21.83588,11.82577,19.90085,-23.98202,-18.49292,16.94683,-18.34789,-7.10618,15.10178,
638524921866385958,210490,21.7993,11.80596,19.86752,-23.93485,-18.45654,16.91349,-18.30739,-7.090493,15.06844,
638524921866495958,210501,21.76253,11.78605,19.834,-23.88742,-18.41997,16.87997,-18.26667,-7.074722,15.03493,
638524921866605960,210512,21.72635,11.76646,19.80103,-23.84076,-18.384,16.847,-18.22662,-7.059209,15.00196,
638524921866715954,210523,21.6899,11.74671,19.76781,-23.79375,-18.34774,16.81378,-18.18625,-7.043576,14.96874,
638524921866875954,210539,21.65344,11.72697,19.73458,-23.74672,-18.31148,16.78055,-18.14588,-7.027938,14.9355,
638524921866935965,210545,21.602,11.69911,19.68769,-23.68038,-18.26032,16.73367,-18.08892,-7.005877,14.88862,
638524921867045961,210556,21.58088,11.68767,19.66845,-23.65314,-18.23931,16.71442,-18.06553,-6.996819,14.86937,
638524921867155964,210568,21.54406,11.66773,19.6349,-23.60566,-18.2027,16.68087,-18.02477,-6.981032,14.83582,
638524921867265962,210579,21.50698,11.64765,19.6011,-23.55783,-18.16582,16.64707,-17.98371,-6.96513,14.80203,
638524921867385962,210590,21.47052,11.6279,19.56787,-23.51081,-18.12955,16.61384,-17.94333,-6.949492,14.76879,
638524921867495963,210601,21.43363,11.60792,19.53424,-23.46322,-18.09286,16.58022,-17.90248,-6.93367,14.73517,
638524921867605955,210612,21.3973,11.58825,19.50114,-23.41638,-18.05674,16.54711,-17.86226,-6.918092,14.70206,
638524921867715971,210623,21.36083,11.5685,19.4679,-23.36934,-18.02047,16.51387,-17.82188,-6.902452,14.66883,
638524921867825958,210634,21.3241,11.5486,19.43442,-23.32196,-17.98393,16.48039,-17.7812,-6.886698,14.63535,
638524921867935962,210646,21.28796,11.52903,19.40149,-23.27536,-17.948,16.44746,-17.74119,-6.871202,14.60241,
638524921868045962,210656,21.25119,11.50912,19.36797,-23.22793,-17.91143,16.41394,-17.70047,-6.855432,14.5689,
638524921868155968,210668,21.21486,11.48944,19.33486,-23.18107,-17.87529,16.38083,-17.66024,-6.83985,14.53579,
638524921868265971,210679,21.17812,11.46954,19.30137,-23.13369,-17.83875,16.34735,-17.61956,-6.824095,14.5023,
638524921868426082,210694,21.1413,11.4496,19.26781,-23.0862,-17.80213,16.31379,-17.57879,-6.808303,14.46875,
638524921868486076,210700,21.08965,11.42163,19.22075,-23.01959,-17.75077,16.26672,-17.52161,-6.786156,14.42168,
638524921868596060,210712,21.06871,11.41029,19.20166,-22.99259,-17.72995,16.24764,-17.49842,-6.777176,14.4026,
638524921868706057,210723,21.0328,11.39084,19.16893,-22.94626,-17.69423,16.2149,-17.45865,-6.761773,14.36986,
638524921868826063,210734,20.99657,11.37122,19.13591,-22.89954,-17.6582,16.18189,-17.41854,-6.746237,14.33685,
638524921868936065,210745,20.95961,11.35121,19.10223,-22.85188,-17.62144,16.1482,-17.37762,-6.730388,14.30316,
638524921869046062,210756,20.92302,11.33139,19.06888,-22.80468,-17.58505,16.11485,-17.3371,-6.714694,14.26981,
638524921869156065,210767,20.88664,11.31169,19.03573,-22.75776,-17.54887,16.0817,-17.29682,-6.699094,14.23666,
638524921869266061,210778,20.84995,11.29182,19.00229,-22.71045,-17.51238,16.04826,-17.25619,-6.68336,14.20322,
638524921869376059,210789,20.81324,11.27194,18.96883,-22.6631,-17.47587,16.0148,-17.21554,-6.667616,14.16976,
638524921869486076,210801,20.77657,11.25207,18.93541,-22.6158,-17.4394,15.98138,-17.17493,-6.651888,14.13634,
638524921869606086,210812,20.73989,11.23221,18.90198,-22.56849,-17.40292,15.94796,-17.13432,-6.63616,14.10291,
638524921869706059,210823,20.7029,11.21218,18.86827,-22.52079,-17.36614,15.91424,-17.09337,-6.620297,14.0692,
638524921869826065,210834,20.66733,11.19291,18.83585,-22.47491,-17.33076,15.88182,-17.05398,-6.605042,14.03678,
638524921869976072,210850,20.63018,11.17279,18.802,-22.427,-17.29381,15.84797,-17.01284,-6.58911,14.00292,
638524921870036062,210856,20.57954,11.14537,18.75584,-22.36169,-17.24345,15.80181,-16.95677,-6.567392,13.95677,
638524921870156067,210867,20.55811,11.13376,18.73631,-22.33405,-17.22213,15.78228,-16.93304,-6.558201,13.93724,
638524921870266081,210878,20.52103,11.11368,18.70252,-22.28622,-17.18526,15.74849,-16.89198,-6.5423,13.90345,
638524921870376061,210889,20.48435,11.09382,18.66909,-22.23892,-17.14878,15.71506,-16.85137,-6.52657,13.87002,
638524921870486066,210900,20.44772,11.07398,18.6357,-22.19168,-17.11235,15.68167,-16.8108,-6.51086,13.83663,
638524921870596063,210912,20.4113,11.05425,18.60251,-22.1447,-17.07612,15.64848,-16.77048,-6.495241,13.80344,
638524921870706060,210923,20.37437,11.03425,18.56885,-22.09707,-17.03939,15.61482,-16.72958,-6.479403,13.76978,
638524921870826069,210934,20.33794,11.01452,18.53565,-22.05008,-17.00316,15.58162,-16.68924,-6.463778,13.73658,
638524921870936061,210945,20.30104,10.99454,18.50202,-22.0025,-16.96647,15.54799,-16.64839,-6.447957,13.70295,
638524921871046068,210956,20.26456,10.97478,18.46878,-21.95545,-16.93019,15.51475,-16.608,-6.432313,13.66971,
638524921871156067,210967,20.22783,10.95489,18.4353,-21.90808,-16.89366,15.48127,-16.56733,-6.416561,13.63623,
638524921871266068,210978,20.1921,10.93554,18.40273,-21.86199,-16.85812,15.4487,-16.52776,-6.401236,13.60366,
638524921871376071,210989,20.15539,10.91566,18.36927,-21.81464,-16.82161,15.41525,-16.48711,-6.385492,13.5702,
638524921871536057,211005,20.11866,10.89577,18.3358,-21.76728,-16.78508,15.38177,-16.44644,-6.369742,13.53673,
638524921871596067,211011,20.06697,10.86777,18.28869,-21.70061,-16.73367,15.33466,-16.3892,-6.347573,13.48962,
638524921871706062,211023,20.04635,10.85661,18.2699,-21.67402,-16.71317,15.31587,-16.36637,-6.338732,13.47083,
638524921871826065,211034,20.00928,10.83653,18.23611,-21.62621,-16.6763,15.28209,-16.32532,-6.322834,13.43704,
638524921871926058,211045,-24.64424,-3.928047,20,-21.57813,-16.63923,15.24811,-16.28404,-6.306846,13.40307,
638524921872046063,211056,-24.60406,-3.921643,19.96739,-21.53198,-16.60365,15.2155,-16.24443,-6.291504,13.37046,
638524921872156061,211067,-24.56293,-3.915088,19.93402,-21.48475,-16.56722,15.18213,-16.20388,-6.275799,13.33709,
638524921872266059,211078,-24.52137,-3.908463,19.90029,-21.43702,-16.53041,15.1484,-16.1629,-6.259927,13.30336,
638524921872376062,211089,-24.4808,-3.901998,19.86736,-21.39043,-16.49449,15.11547,-16.1229,-6.244435,13.27043,
638524921872486063,211100,-24.4397,-3.895446,19.83401,-21.34322,-16.45808,15.08211,-16.08237,-6.228737,13.23707,
638524921872596062,211112,-24.39847,-3.888875,19.80055,-21.29588,-16.42158,15.04866,-16.04172,-6.212996,13.20362,
638524921872706067,211123,-24.35726,-3.882307,19.76711,-21.24855,-16.38508,15.01522,-16.00109,-6.197258,13.17017,
638524921872816066,211134,-24.31673,-3.875846,19.73421,-21.202,-16.34919,14.98232,-15.96112,-6.181778,13.13728,
638524921872936071,211145,-24.27519,-3.869225,19.7005,-21.15429,-16.3124,14.94861,-15.92016,-6.165915,13.10357,
638524921873086068,211160,-24.23411,-3.862677,19.66716,-21.10711,-16.27601,14.91527,-15.87966,-6.150227,13.07023,
638524921873146076,211167,-24.17754,-3.853661,19.62125,-21.04214,-16.22592,14.86936,-15.82388,-6.128625,13.02432,
638524921873266066,211178,-24.15282,-3.849721,19.60119,-21.01376,-16.20403,14.8493,-15.79951,-6.119187,13.00426,
638524921873370844,211189,-24.11109,-3.84307,19.56733,-20.96583,-16.16708,14.81544,-15.75837,-6.103251,12.9704,
638524921873490718,211200,-24.07036,-3.836578,19.53427,-20.91906,-16.13101,14.78238,-15.71821,-6.087697,12.93734,
638524921873600707,211211,-24.02896,-3.829979,19.50067,-20.87151,-16.09434,14.74878,-15.67739,-6.071887,12.90374,
