time(100ns),time_stamp(ms),object1.x,object1.y,object1.z,
638524908133067048,282260,-9.560319,0.6691875,10,
638524908133137061,282267,-9.560319,0.6691875,10,
638524908133237054,282277,-9.560319,0.6691875,10,
638524908133347049,282288,-9.560319,0.6691875,10,
638524908133457059,282299,-9.560319,0.6691875,10,
638524908133567059,282310,-9.560319,0.6691875,10,
638524908133677052,282321,-9.560319,0.6691875,10,
638524908133787053,282332,-9.560319,0.6691875,10,
638524908133907050,282343,-9.560319,0.6691875,10,
638524908134017048,282354,-9.560319,0.6691875,10,
638524908134127053,282365,-9.560319,0.6691875,10,
638524908134237055,282377,-9.560319,0.6691875,10,
638524908134347045,282388,-9.560319,0.6691875,10,
638524908134457054,282399,-9.560319,0.6691875,10,
638524908134567055,282410,-9.560319,0.6691875,10,
638524908134677058,282421,-9.560319,0.6691875,10,
638524908134787045,282432,-9.560319,0.6691875,10,
638524908134897045,282443,-9.560319,0.6691875,10,
638524908135017058,282455,-9.560319,0.6691875,10,
638524908135127060,282465,-9.560319,0.6691875,10,
638524908135237055,282476,-9.560319,0.6691875,10,
638524908135347046,282488,-9.560319,0.6691875,10,
638524908135457052,282499,-9.560319,0.6691875,10,
638524908135567060,282510,-9.560319,0.6691875,10,
638524908135677061,282521,-9.560319,0.6691875,10,
638524908135787051,282532,-9.560319,0.6691875,10,
638524908135897050,282543,-9.560319,0.6691875,10,
638524908136007058,282554,-9.560319,0.6691875,10,
638524908136117052,282565,-9.560319,0.6691875,10,
638524908136237057,282576,-9.560319,0.6691875,10,
638524908136347050,282588,-9.560319,0.6691875,10,
638524908136457047,282599,-9.560319,0.6691875,10,
638524908136567049,282610,-9.560319,0.6691875,10,
638524908136677053,282621,-9.560319,0.6691875,10,
638524908136787050,282632,-9.560319,0.6691875,10,
638524908136907052,282644,-9.560319,0.6691875,10,
638524908137017046,282655,-9.560319,0.6691875,10,
638524908137127053,282666,-9.560319,0.6691875,10,
638524908137237051,282677,-9.560319,0.6691875,10,
638524908137357046,282688,-9.560319,0.6691875,10,
638524908137467053,282700,-9.560319,0.6691875,10,
638524908137577055,282711,-9.560319,0.6691875,10,
638524908137697061,282722,-9.560319,0.6691875,10,
638524908137807062,282734,-9.560319,0.6691875,10,
638524908137917043,282745,-9.560319,0.6691875,10,
638524908138037064,282756,-9.560319,0.6691875,10,
638524908138137049,282767,-9.560319,0.6691875,10,
638524908138247056,282778,-9.560319,0.6691875,10,
638524908138367066,282790,-9.560319,0.6691875,10,
638524908138467056,282800,-9.560319,0.6691875,10,
638524908138587055,282812,-9.560319,0.6691875,10,
638524908138697051,282823,-9.560319,0.6691875,10,
638524908138807070,282834,-9.560319,0.6691875,10,
638524908138917056,282845,-9.560319,0.6691875,10,
638524908139027048,282856,-9.560319,0.6691875,10,
638524908139137063,282867,-9.560319,0.6691875,10,
638524908139247049,282878,-9.560319,0.6691875,10,
638524908139367067,282890,-9.560319,0.6691875,10,
638524908139477061,282900,-9.560319,0.6691875,10,
638524908139587059,282911,-9.560319,0.6691875,10,
638524908139697052,282923,-9.560319,0.6691875,10,
638524908139807053,282934,-9.560319,0.6691875,10,
638524908139917060,282945,-9.560319,0.6691875,10,
638524908140027054,282956,-9.560319,0.6691875,10,
638524908140137062,282967,-9.560319,0.6691875,10,
638524908140247052,282978,-9.560319,0.6691875,10,
638524908140357048,282989,-9.560319,0.6691875,10,
638524908140467058,283000,-9.560319,0.6691875,10,
638524908140587055,283011,-9.560319,0.6691875,10,
638524908140697055,283022,-9.560319,0.6691875,10,
638524908140807057,283034,-9.560319,0.6691875,10,
638524908140917060,283045,-9.560319,0.6691875,10,
638524908141027064,283056,-9.560319,0.6691875,10,
638524908141137064,283067,-9.560319,0.6691875,10,
638524908141247071,283078,-9.560319,0.6691875,10,
638524908141367056,283090,-9.560319,0.6691875,10,
638524908141477054,283100,-9.560319,0.6691875,10,
638524908141587061,283111,-9.560319,0.6691875,10,
638524908141697061,283123,-9.560319,0.6691875,10,
638524908141807045,283134,-9.560319,0.6691875,10,
638524908141917066,283145,-9.560319,0.6691875,10,
638524908142027061,283156,-9.560319,0.6691875,10,
638524908142137053,283167,-9.560319,0.6691875,10,
638524908142247049,283178,-9.560319,0.6691875,10,
638524908142357046,283189,-9.560319,0.6691875,10,
638524908142467067,283200,-9.560319,0.6691875,10,
638524908142577059,283211,-9.560319,0.6691875,10,
638524908142697064,283222,-9.560319,0.6691875,10,
638524908142807064,283234,-9.560319,0.6691875,10,
638524908142917056,283245,-9.560319,0.6691875,10,
638524908143027050,283256,-9.560319,0.6691875,10,
638524908143137054,283267,-9.560319,0.6691875,10,
638524908143247054,283278,-9.560319,0.6691875,10,
638524908143357069,283289,-9.560319,0.6691875,10,
638524908143467066,283300,-9.560319,0.6691875,10,
638524908143587046,283312,-9.560319,0.6691875,10,
638524908143697070,283323,-9.560319,0.6691875,10,
638524908143807064,283333,-9.560319,0.6691875,10,
638524908143917053,283344,-9.560319,0.6691875,10,
638524908144027061,283356,-9.560319,0.6691875,10,
638524908144137062,283367,-9.560319,0.6691875,10,
638524908144247049,283378,-9.560319,0.6691875,10,
638524908144357061,283389,-9.560319,0.6691875,10,
638524908144467072,283400,-9.560319,0.6691875,10,
638524908144587055,283412,-9.560319,0.6691875,10,
638524908144697054,283423,-9.560319,0.6691875,10,
638524908144807046,283433,-9.560319,0.6691875,10,
638524908144917066,283444,-9.560319,0.6691875,10,
638524908145027049,283456,-9.560319,0.6691875,10,
638524908145137057,283467,-9.560319,0.6691875,10,
638524908145247049,283478,-9.560319,0.6691875,10,
638524908145367058,283489,-9.560319,0.6691875,10,
638524908145467063,283500,-9.560319,0.6691875,10,
638524908145577063,283511,-9.560319,0.6691875,10,
638524908145687049,283522,-9.560319,0.6691875,10,
638524908145807058,283533,-9.560319,0.6691875,10,
638524908145917054,283544,-9.560319,0.6691875,10,
638524908146027062,283556,-9.560319,0.6691875,10,
638524908146137058,283567,-9.560319,0.6691875,10,
638524908146247056,283578,-9.560319,0.6691875,10,
638524908146357050,283589,-9.560319,0.6691875,10,
638524908146467061,283600,-9.560319,0.6691875,10,
638524908146587056,283612,-9.560319,0.6691875,10,
638524908146697056,283622,-9.560319,0.6691875,10,
638524908146807056,283633,-9.560319,0.6691875,10,
638524908146917060,283644,-9.560319,0.6691875,10,
638524908147027070,283655,-9.560319,0.6691875,10,
638524908147137051,283667,-9.560319,0.6691875,10,
638524908147247056,283678,-9.560319,0.6691875,10,
638524908147357054,283689,-9.560319,0.6691875,10,
638524908147467058,283700,-9.560319,0.6691875,10,
638524908147577053,283711,-9.560319,0.6691875,10,
638524908147687057,283722,-9.560319,0.6691875,10,
638524908147797060,283733,-9.560319,0.6691875,10,
638524908147917053,283744,-9.560319,0.6691875,10,
638524908148027053,283755,-9.560319,0.6691875,10,
638524908148137057,283767,-9.560319,0.6691875,10,
638524908148247052,283778,-9.560319,0.6691875,10,
638524908148357051,283789,-9.560319,0.6691875,10,
638524908148467059,283800,-9.560319,0.6691875,10,
638524908148577049,283811,-9.560319,0.6691875,10,
638524908148687052,283822,-9.560319,0.6691875,10,
638524908148807056,283834,-9.560319,0.6691875,10,
638524908148917058,283844,-9.560319,0.6691875,10,
638524908149027074,283856,-9.560319,0.6691875,10,
638524908149137054,283866,-9.560319,0.6691875,10,
638524908149247067,283878,-9.560319,0.6691875,10,
638524908149357054,283889,-9.560319,0.6691875,10,
638524908149467052,283900,-9.560319,0.6691875,10,
638524908149577065,283911,-9.560319,0.6691875,10,
638524908149687055,283922,-9.560319,0.6691875,10,
638524908149797048,283933,-9.560319,0.6691875,10,
638524908149917056,283944,-9.560319,0.6691875,10,
638524908150027058,283955,-9.560319,0.6691875,10,
638524908150137045,283966,-9.560319,0.6691875,10,
638524908150247052,283978,-9.560319,0.6691875,10,
638524908150357049,283989,-9.560319,0.6691875,10,
638524908150467057,284000,-9.560319,0.6691875,10,
638524908150577051,284011,-9.560319,0.6691875,10,
638524908150697059,284022,-9.560319,0.6691875,10,
638524908150797057,284033,-9.560319,0.6691875,10,
638524908150917060,284044,-9.560319,0.6691875,10,
638524908151027074,284056,-9.560319,0.6691875,10,
638524908151137065,284066,-9.560319,0.6691875,10,
638524908151247052,284078,-9.560319,0.6691875,10,
638524908151357064,284089,-9.560319,0.6691875,10,
638524908151467059,284100,-9.560319,0.6691875,10,
638524908151577065,284111,-9.560319,0.6691875,10,
638524908151687053,284122,-9.560319,0.6691875,10,
638524908151797053,284133,-9.560319,0.6691875,10,
638524908151907055,284144,-9.560319,0.6691875,10,
638524908152027059,284155,-9.560319,0.6691875,10,
638524908152137064,284166,-9.560319,0.6691875,10,
638524908152247060,284177,-9.560319,0.6691875,10,
638524908152357045,284189,-9.560319,0.6691875,10,
638524908152467054,284200,-9.560319,0.6691875,10,
638524908152577058,284211,-9.560319,0.6691875,10,
638524908152687052,284222,-9.560319,0.6691875,10,
638524908152797057,284233,-9.560319,0.6691875,10,
638524908152907056,284244,-9.560319,0.6691875,10,
638524908153027061,284255,-9.560319,0.6691875,10,
638524908153137055,284267,-9.560319,0.6691875,10,
638524908153247058,284278,-9.560319,0.6691875,10,
638524908153357052,284289,-9.560319,0.6691875,10,
638524908153467059,284300,-9.560319,0.6691875,10,
638524908153577051,284311,-9.560319,0.6691875,10,
638524908153687068,284322,-9.560319,0.6691875,10,
638524908153797053,284333,-9.560319,0.6691875,10,
638524908153907059,284344,-9.560319,0.6691875,10,
638524908154017049,284355,-9.560319,0.6691875,10,
638524908154127052,284366,-9.560319,0.6691875,10,
638524908154247049,284377,-9.560319,0.6691875,10,
638524908154357056,284389,-9.560319,0.6691875,10,
638524908154467057,284400,-9.560319,0.6691875,10,
638524908154577056,284411,-9.560319,0.6691875,10,
638524908154687059,284422,-9.560319,0.6691875,10,
638524908154797064,284433,-9.560319,0.6691875,10,
638524908154907039,284444,-9.560319,0.6691875,10,
638524908155017048,284455,-9.560319,0.6691875,10,
638524908155127050,284466,-9.560319,0.6691875,10,
638524908155247058,284477,-9.560319,0.6691875,10,
638524908155357053,284489,-9.560319,0.6691875,10,
638524908155467072,284500,-9.560319,0.6691875,10,
638524908155577059,284511,-9.560319,0.6691875,10,
638524908155687071,284522,-9.560319,0.6691875,10,
638524908155797059,284533,-9.560319,0.6691875,10,
638524908155907055,284544,-9.560319,0.6691875,10,
638524908156017051,284555,-9.560319,0.6691875,10,
638524908156137058,284567,-9.560319,0.6691875,10,
638524908156247057,284578,-9.560319,0.6691875,10,
638524908156357065,284588,-9.560319,0.6691875,10,
638524908156467047,284600,-9.560319,0.6691875,10,
638524908156577059,284611,-9.560319,0.6691875,10,
638524908156687059,284622,-9.560319,0.6691875,10,
638524908156797051,284633,-9.560319,0.6691875,10,
638524908156907052,284644,-9.560319,0.6691875,10,
638524908157017049,284655,-9.560319,0.6691875,10,
638524908157137052,284666,-9.560319,0.6691875,10,
638524908157247052,284677,-9.560319,0.6691875,10,
638524908157357056,284688,-9.560319,0.6691875,10,
638524908157467058,284700,-9.560319,0.6691875,10,
638524908157577057,284711,-9.560319,0.6691875,10,
638524908157687047,284722,-9.560319,0.6691875,10,
638524908157797054,284733,-9.560319,0.6691875,10,
638524908157907050,284744,-9.560319,0.6691875,10,
638524908158017052,284755,-9.560319,0.6691875,10,
638524908158127055,284766,-9.560319,0.6691875,10,
638524908158247053,284777,-9.560319,0.6691875,10,
638524908158347054,284788,-9.560319,0.6691875,10,
638524908158467060,284799,-9.560319,0.6691875,10,
638524908158577055,284811,-9.560319,0.6691875,10,
638524908158687050,284822,-9.560319,0.6691875,10,
638524908158797057,284833,-9.560319,0.6691875,10,
638524908158907058,284844,-9.560319,0.6691875,10,
638524908159017051,284855,-9.560319,0.6691875,10,
638524908159127063,284866,-9.560319,0.6691875,10,
638524908159237048,284877,-9.560319,0.6691875,10,
638524908159357060,284888,-9.560319,0.6691875,10,
638524908159467066,284899,-9.560319,0.6691875,10,
638524908159577067,284911,-9.560319,0.6691875,10,
638524908159687063,284922,-9.560319,0.6691875,10,
638524908159797063,284933,-9.560319,0.6691875,10,
638524908159907067,284944,-9.560319,0.6691875,10,
638524908160017052,284955,-9.560319,0.6691875,10,
638524908160127056,284966,-9.560319,0.6691875,10,
638524908160237052,284977,-9.560319,0.6691875,10,
638524908160357054,284988,-9.560319,0.6691875,10,
638524908160467059,284999,-9.560319,0.6691875,10,
638524908160577050,285010,-9.560319,0.6691875,10,
638524908160687065,285022,-9.560319,0.6691875,10,
638524908160797052,285033,-9.560319,0.6691875,10,
638524908160907051,285044,-9.560319,0.6691875,10,
638524908161017062,285055,-9.560319,0.6691875,10,
638524908161127056,285066,-9.560319,0.6691875,10,
638524908161237067,285077,-9.560319,0.6691875,10,
638524908161347060,285088,-9.560319,0.6691875,10,
638524908161467063,285099,-9.560319,0.6691875,10,
638524908161567054,285110,-9.560319,0.6691875,10,
638524908161687051,285122,-9.560319,0.6691875,10,
638524908161797061,285133,-9.560319,0.6691875,10,
638524908161907047,285144,-9.560319,0.6691875,10,
638524908162017046,285155,-9.560319,0.6691875,10,
638524908162127052,285166,-9.560319,0.6691875,10,
638524908162237040,285177,-9.560319,0.6691875,10,
638524908162347050,285188,-9.560319,0.6691875,10,
638524908162457067,285199,-9.560319,0.6691875,10,
638524908162577081,285210,-9.560319,0.6691875,10,
638524908162687065,285222,-9.560319,0.6691875,10,
638524908162797043,285233,-9.560319,0.6691875,10,
638524908162907049,285244,-9.560319,0.6691875,10,
638524908163017048,285255,-9.560319,0.6691875,10,
638524908163127056,285266,-9.560319,0.6691875,10,
638524908163237054,285277,-9.560319,0.6691875,10,
638524908163347052,285288,-9.560319,0.6691875,10,
638524908163457051,285299,-9.560319,0.6691875,10,
638524908163577071,285310,-9.560319,0.6691875,10,
638524908163687064,285322,-9.560319,0.6691875,10,
638524908163797058,285332,-9.560319,0.6691875,10,
638524908163907053,285344,-9.560319,0.6691875,10,
638524908164017062,285355,-9.560319,0.6691875,10,
638524908164127062,285366,-9.560319,0.6691875,10,
638524908164237052,285377,-9.560319,0.6691875,10,
638524908164347049,285388,-9.560319,0.6691875,10,
638524908164457069,285399,-9.560319,0.6691875,10,
638524908164577052,285410,-9.560319,0.6691875,10,
638524908164687053,285421,-9.560319,0.6691875,10,
638524908164797057,285433,-9.560319,0.6691875,10,
638524908164907049,285444,-9.560319,0.6691875,10,
638524908165017048,285455,-9.560319,0.6691875,10,
638524908165127059,285466,-9.560319,0.6691875,10,
638524908165237057,285477,-9.560319,0.6691875,10,
638524908165347053,285488,-9.560319,0.6691875,10,
638524908165457063,285499,-9.560319,0.6691875,10,
638524908165577069,285510,-9.560319,0.6691875,10,
638524908165687053,285522,-9.560319,0.6691875,10,
638524908165797053,285532,-9.560319,0.6691875,10,
638524908165907056,285544,-9.560319,0.6691875,10,
638524908166017055,285555,-9.560319,0.6691875,10,
638524908166127055,285566,-9.560319,0.6691875,10,
638524908166237050,285577,-9.560319,0.6691875,10,
638524908166347066,285588,-9.560319,0.6691875,10,
638524908166457054,285599,-9.560319,0.6691875,10,
638524908166577049,285610,-9.560319,0.6691875,10,
638524908166687048,285622,-9.560319,0.6691875,10,
638524908166797066,285633,-9.560319,0.6691875,10,
638524908166907051,285644,-9.560319,0.6691875,10,
638524908167017058,285655,-9.560319,0.6691875,10,
638524908167127059,285666,-9.560319,0.6691875,10,
638524908167237056,285677,-9.560319,0.6691875,10,
638524908167347053,285688,-9.560319,0.6691875,10,
638524908167457063,285699,-9.560319,0.6691875,10,
638524908167567054,285710,-9.560319,0.6691875,10,
638524908167677040,285721,-9.560319,0.6691875,10,
638524908167787053,285732,-9.560319,0.6691875,10,
638524908167907053,285743,-9.560319,0.6691875,10,
638524908168017049,285755,-9.560319,0.6691875,10,
638524908168127057,285766,-9.560319,0.6691875,10,
638524908168237055,285777,-9.560319,0.6691875,10,
638524908168347050,285788,-9.560319,0.6691875,10,
638524908168457064,285799,-9.560319,0.6691875,10,
638524908168567055,285810,-9.560319,0.6691875,10,
638524908168687057,285821,-9.560319,0.6691875,10,
638524908168787051,285832,-9.560319,0.6691875,10,
638524908168907065,285843,-9.560319,0.6691875,10,
638524908169017054,285855,-9.560319,0.6691875,10,
638524908169127051,285866,-9.560319,0.6691875,10,
638524908169237061,285877,-9.560319,0.6691875,10,
638524908169347047,285888,-9.560319,0.6691875,10,
638524908169457057,285899,-9.560319,0.6691875,10,
638524908169567043,285910,-9.560319,0.6691875,10,
638524908169677043,285921,-9.560319,0.6691875,10,
638524908169787050,285932,-9.560319,0.6691875,10,
638524908169897049,285943,-9.560319,0.6691875,10,
638524908170017056,285954,-9.560319,0.6691875,10,
638524908170127053,285966,-9.560319,0.6691875,10,
638524908170237045,285977,-9.560319,0.6691875,10,
638524908170347060,285988,-9.560319,0.6691875,10,
638524908170457062,285999,-9.560319,0.6691875,10,
638524908170567068,286010,-9.560319,0.6691875,10,
638524908170677051,286021,-9.560319,0.6691875,10,
638524908170797064,286032,-9.560319,0.6691875,10,
638524908170907050,286043,-9.560319,0.6691875,10,
638524908171017060,286055,-9.560319,0.6691875,10,
638524908171127060,286066,-9.560319,0.6691875,10,
638524908171237044,286077,-9.560319,0.6691875,10,
638524908171347046,286088,-9.560319,0.6691875,10,
638524908171457071,286099,-9.560319,0.6691875,10,
638524908171567069,286110,-9.560319,0.6691875,10,
638524908171677044,286121,-9.560319,0.6691875,10,
638524908171787051,286132,-9.560319,0.6691875,10,
638524908171897054,286143,-9.560319,0.6691875,10,
638524908172017057,286154,-9.560319,0.6691875,10,
638524908172127059,286165,-9.560319,0.6691875,10,
638524908172237059,286177,-9.560319,0.6691875,10,
638524908172347058,286188,-9.560319,0.6691875,10,
638524908172457063,286199,-9.560319,0.6691875,10,
638524908172567052,286210,-9.560319,0.6691875,10,
638524908172677059,286221,-9.560319,0.6691875,10,
638524908172787051,286232,-9.560319,0.6691875,10,
638524908172897051,286243,-9.560319,0.6691875,10,
638524908173017046,286254,-9.560319,0.6691875,10,
638524908173127064,286265,-9.560319,0.6691875,10,
638524908173237052,286277,-9.560319,0.6691875,10,
638524908173347049,286288,-9.560319,0.6691875,10,
638524908173457056,286299,-9.560319,0.6691875,10,
638524908173567048,286310,-9.560319,0.6691875,10,
638524908173677047,286321,-9.560319,0.6691875,10,
638524908173787052,286332,-9.560319,0.6691875,10,
638524908173897053,286343,-9.560319,0.6691875,10,
638524908174017048,286354,-9.560319,0.6691875,10,
638524908174127049,286365,-9.560319,0.6691875,10,
638524908174237052,286376,-9.560319,0.6691875,10,
638524908174347048,286388,-9.560319,0.6691875,10,
638524908174467051,286399,-9.560319,0.6691875,10,
638524908174567058,286410,-9.560319,0.6691875,10,
638524908174677051,286421,-9.560319,0.6691875,10,
638524908174787053,286432,-9.560319,0.6691875,10,
638524908174897050,286443,-9.560319,0.6691875,10,
638524908175007047,286454,-9.560319,0.6691875,10,
638524908175127056,286465,-9.560319,0.6691875,10,
638524908175237048,286476,-9.560319,0.6691875,10,
638524908175347048,286488,-9.560319,0.6691875,10,
638524908175457055,286499,-9.560319,0.6691875,10,
638524908175567053,286510,-9.560319,0.6691875,10,
638524908175677052,286521,-9.560319,0.6691875,10,
638524908175797058,286532,-9.560319,0.6691875,10,
638524908175897056,286543,-9.560319,0.6691875,10,
638524908176007046,286554,-9.560319,0.6691875,10,
638524908176117051,286565,-9.560319,0.6691875,10,
638524908176237051,286577,-9.560319,0.6691875,10,
638524908176347048,286588,-9.560319,0.6691875,10,
638524908176457059,286599,-9.560319,0.6691875,10,
638524908176567054,286610,-9.560319,0.6691875,10,
638524908176677059,286621,-9.560319,0.6691875,10,
638524908176787053,286632,-9.560319,0.6691875,10,
638524908176897061,286643,-9.560319,0.6691875,10,
638524908177007052,286654,-9.560319,0.6691875,10,
638524908177117067,286665,-9.560319,0.6691875,10,
638524908177237057,286676,-9.560319,0.6691875,10,
638524908177347049,286687,-9.560319,0.6691875,10,
638524908177457059,286699,-9.560319,0.6691875,10,
638524908177567054,286710,-9.560319,0.6691875,10,
638524908177677050,286721,-9.560319,0.6691875,10,
638524908177787057,286732,-9.560319,0.6691875,10,
638524908177897054,286743,-9.560319,0.6691875,10,
638524908178007050,286754,-9.560319,0.6691875,10,
638524908178127053,286766,-9.560319,0.6691875,10,
638524908178237059,286777,-9.560319,0.6691875,10,
638524908178347049,286787,-9.560319,0.6691875,10,
638524908178457052,286799,-9.560319,0.6691875,10,
638524908178567058,286810,-9.560319,0.6691875,10,
638524908178677047,286821,-9.560319,0.6691875,10,
638524908178787071,286832,-9.560319,0.6691875,10,
638524908178897061,286843,-9.560319,0.6691875,10,
638524908179007055,286854,-9.560319,0.6691875,10,
638524908179127054,286866,-9.560319,0.6691875,10,
638524908179227059,286876,-9.560319,0.6691875,10,
638524908179337049,286887,-9.560319,0.6691875,10,
638524908179457061,286899,-9.560319,0.6691875,10,
638524908179567051,286910,-9.560319,0.6691875,10,
638524908179677047,286921,-9.560319,0.6691875,10,
638524908179787066,286932,-9.560319,0.6691875,10,
638524908179897051,286943,-9.560319,0.6691875,10,
638524908180007057,286954,-9.560319,0.6691875,10,
638524908180117054,286965,-9.560319,0.6691875,10,
638524908180237069,286976,-9.560319,0.6691875,10,
638524908180337049,286987,-9.560319,0.6691875,10,
638524908180457066,286999,-9.560319,0.6691875,10,
638524908180567050,287010,-9.560319,0.6691875,10,
638524908180677054,287021,-9.560319,0.6691875,10,
638524908180787051,287032,-9.560319,0.6691875,10,
638524908180897054,287043,-9.560319,0.6691875,10,
638524908181017065,287054,-9.560319,0.6691875,10,
638524908181117062,287065,-9.560319,0.6691875,10,
638524908181227052,287076,-9.560319,0.6691875,10,
638524908181337054,287087,-9.560319,0.6691875,10,
638524908181457052,287099,-9.560319,0.6691875,10,
638524908181567056,287110,-9.560319,0.6691875,10,
638524908181677047,287121,-9.560319,0.6691875,10,
638524908181787065,287132,-9.560319,0.6691875,10,
638524908181897056,287143,-9.560319,0.6691875,10,
638524908182007047,287154,-9.560319,0.6691875,10,
638524908182117055,287165,-9.560319,0.6691875,10,
638524908182227057,287176,-9.560319,0.6691875,10,
638524908182347049,287187,-9.560319,0.6691875,10,
638524908182457055,287199,-9.560319,0.6691875,10,
638524908182567059,287210,-9.560319,0.6691875,10,
638524908182677048,287221,-9.560319,0.6691875,10,
638524908182787051,287232,-9.560319,0.6691875,10,
638524908182897051,287243,-9.560319,0.6691875,10,
638524908183007051,287254,-9.560319,0.6691875,10,
638524908183117047,287265,-9.560319,0.6691875,10,
638524908183227055,287276,-9.560319,0.6691875,10,
638524908183347060,287287,-9.560319,0.6691875,10,
638524908183457054,287299,-9.560319,0.6691875,10,
638524908183567066,287309,-9.560319,0.6691875,10,
638524908183677049,287321,-9.560319,0.6691875,10,
638524908183787049,287332,-9.560319,0.6691875,10,
638524908183897058,287343,-9.560319,0.6691875,10,
638524908184007051,287354,-9.560319,0.6691875,10,
638524908184117052,287365,-9.560319,0.6691875,10,
638524908184227064,287376,-9.560319,0.6691875,10,
638524908184337073,287387,-9.560319,0.6691875,10,
638524908184447047,287398,-9.560319,0.6691875,10,
638524908184567054,287409,-9.560319,0.6691875,10,
638524908184677048,287420,-9.560319,0.6691875,10,
638524908184787053,287432,-9.560319,0.6691875,10,
638524908184897058,287443,-9.560319,0.6691875,10,
638524908185007051,287454,-9.560319,0.6691875,10,
638524908185117058,287465,-9.560319,0.6691875,10,
638524908185257050,287479,-9.560319,0.6691875,10,
638524908185367049,287490,-9.560319,0.6691875,10,
638524908185547063,287508,-9.560319,0.6691875,10,
638524908185607057,287514,-9.560319,0.6691875,10,
638524908185667067,287520,-9.560319,0.6691875,10,
638524908185757048,287529,-9.560319,0.6691875,10,
638524908185877064,287541,-9.560319,0.6691875,10,
638524908185987068,287552,-9.560319,0.6691875,10,
638524908186097046,287563,-9.560319,0.6691875,10,
638524908186207056,287574,-9.560319,0.6691875,10,
638524908186317056,287585,-9.560319,0.6691875,10,
638524908186427046,287596,-9.560319,0.6691875,10,
638524908186537060,287607,-9.560319,0.6691875,10,
638524908186647055,287618,-9.560319,0.6691875,10,
638524908186757048,287629,-9.560319,0.6691875,10,
638524908186877057,287641,-9.560319,0.6691875,10,
638524908186987054,287652,-9.560319,0.6691875,10,
638524908187097052,287662,-9.560319,0.6691875,10,
638524908187207059,287674,-9.560319,0.6691875,10,
638524908187317050,287685,-9.560319,0.6691875,10,
638524908187427046,287696,-9.560319,0.6691875,10,
638524908187537053,287707,-9.560319,0.6691875,10,
638524908187647058,287718,-9.560319,0.6691875,10,
638524908187757047,287729,-9.560319,0.6691875,10,
638524908187877055,287740,-9.560319,0.6691875,10,
638524908187987055,287751,-9.560319,0.6691875,10,
638524908188097054,287763,-9.560319,0.6691875,10,
638524908188207050,287774,-9.560319,0.6691875,10,
638524908188317052,287785,-9.560319,0.6691875,10,
638524908188427047,287796,-9.560319,0.6691875,10,
638524908188537054,287807,-9.560319,0.6691875,10,
638524908188647054,287818,-9.560319,0.6691875,10,
638524908188757050,287829,-9.560319,0.6691875,10,
638524908188877063,287840,-9.560319,0.6691875,10,
638524908188977052,287851,-9.560319,0.6691875,10,
638524908189097054,287863,-9.560319,0.6691875,10,
638524908189207053,287874,-9.560319,0.6691875,10,
638524908189317047,287885,-9.560319,0.6691875,10,
638524908189427062,287896,-9.560319,0.6691875,10,
638524908189547052,287908,-9.560319,0.6691875,10,
638524908189657048,287919,-9.560319,0.6691875,10,
638524908189767068,287930,-9.560319,0.6691875,10,
638524908189887053,287941,-9.560319,0.6691875,10,
638524908189997048,287952,-9.560319,0.6691875,10,
638524908190107052,287964,-9.560319,0.6691875,10,
638524908190217058,287975,-9.560319,0.6691875,10,
638524908190327048,287986,-9.560319,0.6691875,10,
638524908190447057,287998,-9.560319,0.6691875,10,
638524908190557057,288009,-9.560319,0.6691875,10,
638524908190667046,288020,-9.560319,0.6691875,10,
638524908190787065,288031,-9.560319,0.6691875,10,
638524908190897050,288042,-9.560319,0.6691875,10,
638524908191007053,288054,-9.560319,0.6691875,10,
638524908191117068,288065,-9.560319,0.6691875,10,
638524908191227050,288076,-9.560319,0.6691875,10,
638524908191337048,288087,-9.560319,0.6691875,10,
638524908191447043,288098,-9.560319,0.6691875,10,
638524908191557059,288109,-9.560319,0.6691875,10,
638524908191677055,288121,-9.560319,0.6691875,10,
638524908191787049,288131,-9.560319,0.6691875,10,
638524908191907054,288144,-9.560319,0.6691875,10,
638524908192007060,288154,-9.560319,0.6691875,10,
638524908192117054,288165,-9.560319,0.6691875,10,
638524908192237056,288176,-9.560319,0.6691875,10,
638524908192347043,288188,-9.560319,0.6691875,10,
638524908192457052,288198,-9.560319,0.6691875,10,
638524908192567054,288210,-9.560319,0.6691875,10,
638524908192677056,288221,-9.560319,0.6691875,10,
638524908192777045,288231,-9.560319,0.6691875,10,
638524908192897044,288242,-9.560319,0.6691875,10,
638524908193007045,288253,-9.560319,0.6691875,10,
638524908193117045,288265,-9.560319,0.6691875,10,
638524908193227053,288276,-9.560319,0.6691875,10,
638524908193337063,288287,-9.560319,0.6691875,10,
638524908193447060,288298,-9.560319,0.6691875,10,
638524908193557047,288309,-9.560319,0.6691875,10,
638524908193667049,288320,-9.560319,0.6691875,10,
638524908193787060,288332,-9.560319,0.6691875,10,
638524908193897057,288343,-9.560319,0.6691875,10,
638524908194007055,288354,-9.560319,0.6691875,10,
638524908194117061,288365,-9.560319,0.6691875,10,
638524908194227061,288376,-9.560319,0.6691875,10,
638524908194337051,288387,-9.560319,0.6691875,10,
638524908194447047,288398,-9.560319,0.6691875,10,
638524908194567074,288409,-9.560319,0.6691875,10,
638524908194667051,288420,-9.560319,0.6691875,10,
638524908194777052,288431,-9.560319,0.6691875,10,
638524908194897058,288442,-9.560319,0.6691875,10,
638524908195007053,288453,-9.560319,0.6691875,10,
638524908195117053,288465,-9.560319,0.6691875,10,
638524908195227049,288476,-9.560319,0.6691875,10,
638524908195337049,288487,-9.560319,0.6691875,10,
638524908195447047,288498,-9.560319,0.6691875,10,
638524908195557052,288509,-9.560319,0.6691875,10,
638524908195667058,288520,-9.560319,0.6691875,10,
638524908195777062,288531,-9.560319,0.6691875,10,
638524908195887051,288542,-9.560319,0.6691875,10,
638524908196007055,288553,-9.560319,0.6691875,10,
638524908196117058,288565,-9.560319,0.6691875,10,
638524908196227055,288576,-9.560319,0.6691875,10,
638524908196337047,288587,-9.560319,0.6691875,10,
638524908196447045,288598,-9.560319,0.6691875,10,
638524908196557058,288609,-9.560319,0.6691875,10,
638524908196667051,288620,-9.560319,0.6691875,10,
638524908196777050,288631,-9.560319,0.6691875,10,
638524908196887054,288642,-9.560319,0.6691875,10,
638524908196997048,288653,-9.560319,0.6691875,10,
638524908197117048,288665,-9.560319,0.6691875,10,
638524908197227056,288676,-9.560319,0.6691875,10,
638524908197337050,288687,-9.560319,0.6691875,10,
638524908197447051,288698,-9.560319,0.6691875,10,
638524908197557058,288709,-9.560319,0.6691875,10,
638524908197667069,288720,-9.560319,0.6691875,10,
638524908197777069,288731,-9.560319,0.6691875,10,
638524908197887052,288742,-9.560319,0.6691875,10,
638524908197997053,288753,-9.560319,0.6691875,10,
638524908198117069,288764,-9.560319,0.6691875,10,
638524908198227056,288776,-9.560319,0.6691875,10,
638524908198337051,288787,-9.560319,0.6691875,10,
638524908198447065,288798,-9.560319,0.6691875,10,
638524908198557056,288809,-9.560319,0.6691875,10,
638524908198667068,288820,-9.560319,0.6691875,10,
638524908198777056,288831,-9.560319,0.6691875,10,
638524908198887052,288842,-9.560319,0.6691875,10,
638524908198997073,288853,-9.560319,0.6691875,10,
638524908199117066,288864,-9.560319,0.6691875,10,
638524908199227057,288875,-9.560319,0.6691875,10,
638524908199337048,288887,-9.560319,0.6691875,10,
638524908199447047,288898,-9.560319,0.6691875,10,
638524908199557052,288909,-9.560319,0.6691875,10,
638524908199667058,288920,-9.560319,0.6691875,10,
638524908199777051,288931,-9.560319,0.6691875,10,
638524908199887056,288942,-9.560319,0.6691875,10,
638524908199997062,288953,-9.560319,0.6691875,10,
638524908200107043,288964,-9.560319,0.6691875,10,
638524908200227052,288975,-9.560319,0.6691875,10,
638524908200337049,288987,-9.560319,0.6691875,10,
638524908200447047,288998,-9.560319,0.6691875,10,
638524908200557054,289009,-9.560319,0.6691875,10,
638524908200667054,289020,-9.560319,0.6691875,10,
638524908200777057,289031,-9.560319,0.6691875,10,
638524908200887061,289042,-9.560319,0.6691875,10,
638524908201007061,289053,-9.560319,0.6691875,10,
638524908201107046,289064,-9.560319,0.6691875,10,
638524908201227058,289075,-9.560319,0.6691875,10,
638524908201337049,289086,-9.560319,0.6691875,10,
638524908201447049,289098,-9.560319,0.6691875,10,
638524908201557048,289109,-9.560319,0.6691875,10,
638524908201667041,289120,-9.560319,0.6691875,10,
638524908201777052,289131,-9.560319,0.6691875,10,
638524908201887050,289142,-9.560319,0.6691875,10,
638524908201997050,289153,-9.560319,0.6691875,10,
638524908202107054,289164,-9.560319,0.6691875,10,
638524908202217050,289175,-9.560319,0.6691875,10,
638524908202327048,289186,-9.560319,0.6691875,10,
638524908202447048,289197,-9.560319,0.6691875,10,
638524908202557053,289209,-9.560319,0.6691875,10,
638524908202667055,289220,-9.560319,0.6691875,10,
638524908202777051,289231,-9.560319,0.6691875,10,
638524908202887047,289242,-9.560319,0.6691875,10,
638524908202997060,289253,-9.560319,0.6691875,10,
