time(100ns),time_stamp(ms),object1.x,object1.y,object1.z,
638521426738335039,443792,0,5,10,
638521426738405040,443798,-0.04667949,4.938283,10,
638521426738485036,443807,-0.06758548,4.910642,10,
638521426738605050,443818,-0.0932329,4.876732,10,
638521426738715033,443830,-0.1272059,4.831815,10,
638521426738825039,443841,-0.1616747,4.786242,10,
638521426738935036,443852,-0.1944891,4.742857,10,
638521426739045027,443863,-0.2276577,4.699003,10,
638521426739155030,443874,-0.2609086,4.655041,10,
638521426739265053,443885,-0.2945175,4.610605,10,
638521426739375022,443896,-0.3278103,4.566587,10,
638521426739485027,443907,-0.3621271,4.521215,10,
638521426739595037,443918,-0.3944599,4.478467,10,
638521426739715038,443929,-0.4281813,4.433882,10,
638521426739825040,443940,-0.4619275,4.389265,10,
638521426739935031,443951,-0.4952302,4.345233,10,
638521426740045027,443963,-0.5286943,4.300989,10,
638521426740155029,443974,-0.5624109,4.256411,10,
638521426740265037,443985,-0.5955502,4.212596,10,
638521426740375030,443996,-0.6294981,4.167712,10,
638521426740485035,444007,-0.6627107,4.1238,10,
638521426740595035,444018,-0.6961788,4.07955,10,
638521426740715033,444029,-0.7295497,4.035429,10,
638521426740825042,444040,-0.7636092,3.990397,10,
638521426740935039,444052,-0.7965018,3.946909,10,
638521426741045021,444063,-0.8306102,3.901813,10,
638521426741155029,444074,-0.8637757,3.857963,10,
638521426741265037,444085,-0.8969738,3.81407,10,
638521426741375031,444096,-0.9308946,3.769222,10,
638521426741485037,444107,-0.9640722,3.725356,10,
638521426741595030,444118,-0.9977427,3.680839,10,
638521426741705027,444129,-1.031181,3.636629,10,
638521426741815028,444140,-1.064684,3.592333,10,
638521426741935047,444152,-1.098093,3.548161,10,
638521426742045028,444163,-1.132222,3.503038,10,
638521426742155038,444174,-1.166166,3.458158,10,
638521426742275037,444186,-1.200216,3.41314,10,
638521426742385028,444197,-1.23454,3.367759,10,
638521426742495039,444208,-1.268259,3.323177,10,
638521426742615044,444219,-1.302224,3.27827,10,
638521426742725037,444230,-1.336523,3.232922,10,
638521426742835024,444242,-1.370095,3.188535,10,
638521426742945039,444253,-1.404191,3.143456,10,
638521426743065033,444264,-1.4381,3.098622,10,
638521426743175049,444276,-1.472404,3.053268,10,
638521426743285033,444287,-1.506411,3.008306,10,
638521426743395038,444298,-1.540258,2.963554,10,
638521426743515045,444310,-1.574479,2.918309,10,
638521426743625029,444320,-1.608255,2.873652,10,
638521426743735049,444332,-1.641501,2.829697,10,
638521426743845034,444343,-1.675178,2.785171,10,
638521426743955034,444354,-1.708857,2.740642,10,
638521426744065034,444365,-1.742071,2.696729,10,
638521426744175042,444376,-1.775913,2.651985,10,
638521426744285038,444387,-1.809401,2.607708,10,
638521426744395032,444398,-1.843103,2.563149,10,
638521426744515040,444409,-1.876225,2.519358,10,
638521426744625044,444421,-1.909851,2.474899,10,
638521426744735036,444432,-1.943233,2.430763,10,
638521426744845032,444443,-1.976649,2.386582,10,
638521426744955044,444454,-2.010018,2.342463,10,
638521426745065032,444465,-2.043479,2.298223,10,
638521426745175051,444476,-2.077186,2.253658,10,
638521426745285042,444487,-2.110688,2.209363,10,
638521426745405036,444498,-2.144435,2.164745,10,
638521426745515044,444510,-2.178284,2.119991,10,
638521426745625038,444521,-2.212181,2.075175,10,
638521426745735029,444532,-2.244921,2.031888,10,
638521426745845028,444543,-2.278193,1.987897,10,
638521426745955036,444554,-2.311789,1.943479,10,
638521426746065032,444565,-2.345512,1.898892,10,
638521426746175034,444576,-2.378765,1.854927,10,
638521426746295044,444587,-2.412152,1.810784,10,
638521426746405041,444598,-2.44606,1.765953,10,
638521426746515036,444609,-2.479687,1.721493,10,
638521426746625033,444620,-2.512795,1.677719,10,
638521426746735038,444632,-2.546222,1.633523,10,
638521426746845052,444643,-2.579789,1.589143,10,
638521426746955036,444654,-2.613279,1.544865,10,
638521426747065036,444665,-2.646509,1.50093,10,
638521426747175044,444676,-2.680056,1.456575,10,
638521426747285041,444687,-2.713767,1.412005,10,
638521426747395029,444698,-2.747415,1.367518,10,
638521426747505032,444709,-2.780546,1.323713,10,
638521426747625030,444720,-2.814346,1.279024,10,
638521426747735037,444731,-2.847594,1.235065,10,
638521426747845037,444743,-2.881048,1.190834,10,
638521426747955038,444754,-2.914524,1.146574,10,
638521426748065030,444765,-2.948004,1.102309,10,
638521426748175032,444776,-2.981475,1.058055,10,
638521426748285054,444787,-3.015932,1.012498,10,
638521426748395035,444798,-3.048951,0.9688425,10,
638521426748515034,444809,-3.081949,0.9252148,10,
638521426748625031,444820,-3.11587,0.8803654,10,
638521426748735041,444832,-3.149472,0.8359389,10,
638521426748845030,444843,-3.183131,0.7914367,10,
638521426748955025,444854,-3.216218,0.7476916,10,
638521426749065030,444865,-3.249415,0.7037997,10,
638521426749175040,444876,-3.283121,0.6592355,10,
638521426749285041,444887,-3.316698,0.6148415,10,
638521426749395033,444898,-3.350408,0.570272,10,
638521426749505035,444909,-3.383941,0.5259371,10,
638521426749625028,444920,-3.416949,0.482295,10,
638521426749735030,444931,-3.451094,0.437151,10,
638521426749845039,444942,-3.484121,0.3934841,10,
638521426749955041,444954,-3.517545,0.3492937,10,
638521426750065036,444965,-3.551015,0.3050404,10,
638521426750175038,444976,-3.584323,0.2610035,10,
638521426750285030,444987,-3.617903,0.2166047,10,
638521426750395039,444998,-3.652026,0.1714897,10,
638521426750505029,445009,-3.685791,0.1268468,10,
638521426750615047,445020,-3.718788,0.08322001,10,
638521426750735036,445031,-3.751919,0.03941679,10,
638521426750845035,445042,-3.785672,-0.005209923,10,
638521426750955033,445053,-3.819233,-0.04958296,10,
638521426751065031,445065,-3.852351,-0.09336901,10,
638521426751175038,445076,-3.886038,-0.137908,10,
638521426751285033,445087,-3.920366,-0.1832948,10,
638521426751395053,445098,-3.953321,-0.2268658,10,
638521426751515050,445110,-3.987151,-0.2715945,10,
638521426751625056,445121,-4.022119,-0.3178267,10,
638521426751735030,445132,-4.054765,-0.36099,10,
638521426751845052,445143,-4.087645,-0.4044619,10,
638521426751955041,445154,-4.122742,-0.4508653,10,
638521426752065032,445165,-4.1542,-0.4924564,10,
638521426752175322,445176,-4.187373,-0.5363164,10,
638521426752285061,445187,-4.220988,-0.58076,10,
638521426752395027,445198,-4.254551,-0.6251349,10,
638521426752505042,445209,-4.287877,-0.6691961,10,
638521426752615028,445220,-4.321649,-0.7138481,10,
638521426752725024,445231,-4.355312,-0.7583556,10,
638521426752845031,445243,-4.388484,-0.8022127,10,
638521426752955033,445253,-4.423067,-0.8479371,10,
638521426753065043,445265,-4.455513,-0.8908348,10,
638521426753175034,445276,-4.489037,-0.9351587,10,
638521426753285035,445287,-4.522573,-0.9794998,10,
638521426753395027,445298,-4.556125,-1.023859,10,
638521426753505031,445309,-4.589698,-1.068248,10,
638521426753615037,445320,-4.623291,-1.112663,10,
638521426753735039,445332,-4.656527,-1.156605,10,
638521426753845032,445342,-4.691275,-1.202547,10,
638521426753955034,445353,-4.723552,-1.245222,10,
638521426754065043,445365,-4.756995,-1.289438,10,
638521426754175042,445376,-4.790503,-1.333741,10,
638521426754285042,445387,-4.824238,-1.378344,10,
638521426754395031,445398,-4.857659,-1.422531,10,
638521426754505039,445409,-4.891065,-1.466699,10,
638521426754615038,445420,-4.924489,-1.51089,10,
638521426754725028,445431,-4.958115,-1.555349,10,
638521426754845034,445443,-4.991477,-1.599459,10,
638521426754955033,445453,-5.025762,-1.644788,10,
638521426755065036,445464,-5.058545,-1.688132,10,
638521426755175032,445476,-5.092006,-1.732373,10,
638521426755285039,445487,-5.125354,-1.776463,10,
638521426755395033,445498,-5.159018,-1.820972,10,
638521426755505031,445509,-5.19236,-1.865056,10,
638521426755615030,445520,-5.225896,-1.909395,10,
638521426755725048,445531,-5.259494,-1.953816,10,
638521426755835029,445542,-5.292903,-1.997988,10,
638521426755955051,445554,-5.32669,-2.04266,10,
638521426756065038,445564,-5.361403,-2.088555,10,
638521426756175039,445576,-5.393341,-2.130781,10,
638521426756285028,445587,-5.426929,-2.17519,10,
638521426756395033,445598,-5.460495,-2.219568,10,
638521426756505039,445609,-5.493913,-2.263751,10,
638521426756615039,445620,-5.52745,-2.308092,10,
638521426756725032,445631,-5.561295,-2.35284,10,
638521426756835035,445642,-5.59466,-2.396954,10,
638521426756955044,445653,-5.627766,-2.440724,10,
638521426757065037,445665,-5.661557,-2.485401,10,
638521426757175041,445675,-5.695386,-2.530128,10,
638521426757285036,445687,-5.728372,-2.57374,10,
638521426757395046,445698,-5.76204,-2.618254,10,
638521426757505048,445709,-5.795749,-2.662823,10,
638521426757615038,445720,-5.828846,-2.706582,10,
638521426757725034,445731,-5.862355,-2.750885,10,
638521426757835036,445742,-5.895815,-2.795125,10,
638521426757945042,445753,-5.9295,-2.839662,10,
638521426758065040,445764,-5.963049,-2.884018,10,
638521426758175038,445775,-5.996719,-2.928535,10,
638521426758285031,445787,-6.029857,-2.972348,10,
638521426758395048,445798,-6.065058,-3.018888,10,
638521426758505028,445809,-6.097376,-3.061618,10,
638521426758615038,445820,-6.130381,-3.105255,10,
638521426758725039,445831,-6.16398,-3.149678,10,
638521426758835034,445842,-6.197428,-3.193901,10,
638521426758955035,445853,-6.230938,-3.238206,10,
638521426759065037,445864,-6.26498,-3.283214,10,
638521426759175038,445875,-6.298278,-3.327239,10,
638521426759285053,445887,-6.331567,-3.371252,10,
638521426759395039,445898,-6.365304,-3.415857,10,
638521426759505040,445909,-6.398426,-3.459649,10,
638521426759615028,445920,-6.432067,-3.504128,10,
638521426759725040,445931,-6.46546,-3.548279,10,
638521426759835033,445942,-6.498871,-3.592454,10,
638521426759945031,445953,-6.532413,-3.636801,10,
638521426760055038,445964,-6.566031,-3.681248,10,
638521426760175041,445975,-6.599403,-3.725371,10,
638521426760285047,445987,-6.632973,-3.769756,10,
638521426760395046,445998,-6.666631,-3.814257,10,
638521426760505038,446009,-6.70022,-3.858665,10,
638521426760615043,446020,-6.733499,-3.902664,10,
638521426760725029,446031,-6.766893,-3.946817,10,
638521426760835038,446042,-6.800265,-3.99094,10,
638521426760945038,446053,-6.833954,-4.035481,10,
638521426761055033,446064,-6.867253,-4.079507,10,
638521426761175044,446075,-6.900865,-4.123946,10,
638521426761285034,446087,-6.93463,-4.168589,10,
638521426761395037,446098,-6.968216,-4.212996,10,
638521426761505041,446109,-7.001566,-4.257089,10,
638521426761615030,446120,-7.034958,-4.301237,10,
638521426761725036,446131,-7.068465,-4.345537,10,
638521426761835035,446142,-7.10189,-4.389729,10,
638521426761945031,446153,-7.135355,-4.433976,10,
638521426762065039,446164,-7.168823,-4.478226,10,
638521426762165043,446175,-7.203312,-4.523827,10,
638521426762285039,446186,-7.235853,-4.566851,10,
638521426762395034,446197,-7.269527,-4.611373,10,
638521426762505027,446209,-7.302846,-4.655425,10,
638521426762615035,446220,-7.336685,-4.700165,10,
638521426762725033,446231,-7.370059,-4.744289,10,
638521426762845035,446242,-7.403422,-4.788401,10,
638521426762945048,446253,-7.437575,-4.833557,10,
638521426763055050,446264,-7.47081,-4.877499,10,
638521426763165033,446275,-7.504074,-4.921477,10,
638521426763285037,446286,-7.537297,-4.965403,10,
638521426763395036,446298,-7.571178,-5.0102,10,
638521426763505045,446309,-7.605431,-5.055487,10,
638521426763615039,446320,-7.637875,-5.098383,10,
638521426763725037,446331,-7.671533,-5.142883,10,
638521426763835028,446342,-7.705314,-5.187547,10,
638521426763945033,446353,-7.738166,-5.230982,10,
638521426764055036,446364,-7.77167,-5.275279,10,
638521426764165032,446375,-7.80576,-5.320351,10,
638521426764285043,446387,-7.838853,-5.364104,10,
638521426764395052,446397,-7.873107,-5.409393,10,
638521426764505047,446409,-7.906046,-5.452944,10,
638521426764615035,446420,-7.939269,-5.49687,10,
638521426764725027,446431,-7.973149,-5.541664,10,
638521426764835032,446442,-8.006425,-5.585659,10,
638521426764945029,446453,-8.040666,-5.630931,10,
638521426765055042,446464,-8.073821,-5.674767,10,
638521426765175037,446475,-8.107061,-5.718716,10,
638521426765285036,446487,-8.140553,-5.762997,10,
638521426765395040,446498,-8.174462,-5.807831,10,
638521426765505032,446509,-8.207711,-5.85179,10,
638521426765615035,446520,-8.240951,-5.895739,10,
638521426765725039,446531,-8.274248,-5.939762,10,
638521426765835040,446542,-8.307855,-5.984196,10,
638521426765945042,446553,-8.342442,-6.029925,10,
638521426766055034,446564,-8.374967,-6.072929,10,
638521426766165035,446575,-8.408358,-6.117077,10,
638521426766285031,446587,-8.442249,-6.161886,10,
638521426766385046,446597,-8.476171,-6.206736,10,
638521426766505044,446608,-8.508878,-6.249978,10,
638521426766615030,446620,-8.542371,-6.294261,10,
638521426766725032,446631,-8.575908,-6.338602,10,
638521426766835036,446642,-8.60936,-6.38283,10,
638521426766945031,446653,-8.642891,-6.427162,10,
638521426767055041,446664,-8.676343,-6.471391,10,
638521426767165037,446675,-8.710337,-6.516336,10,
638521426767275041,446686,-8.743504,-6.560187,10,
638521426767395044,446697,-8.776978,-6.604445,10,
638521426767505034,446708,-8.810528,-6.648804,10,
638521426767615036,446719,-8.843831,-6.692836,10,
638521426767725029,446731,-8.877152,-6.736893,10,
638521426767835034,446742,-8.910868,-6.781469,10,
638521426767945040,446753,-8.944268,-6.82563,10,
638521426768055040,446764,-8.977595,-6.869694,10,
638521426768165041,446775,-9.011264,-6.914209,10,
638521426768285034,446786,-9.044845,-6.958609,10,
638521426768395039,446797,-9.078981,-7.003742,10,
638521426768505048,446808,-9.112262,-7.047744,10,
638521426768615029,446819,-9.145394,-7.09155,10,
638521426768725039,446831,-9.178675,-7.135551,10,
638521426768835036,446842,-9.212319,-7.180035,10,
638521426768945037,446853,-9.245871,-7.224394,10,
638521426769055031,446864,-9.279265,-7.268547,10,
638521426769165028,446875,-9.312821,-7.312912,10,
638521426769285039,446886,-9.346437,-7.357356,10,
638521426769385043,446897,-9.380583,-7.402502,10,
638521426769505049,446908,-9.413301,-7.445759,10,
638521426769615037,446919,-9.447,-7.490314,10,
638521426769725045,446931,-9.480303,-7.534346,10,
638521426769835037,446942,-9.515003,-7.580225,10,
638521426769945033,446953,-9.547124,-7.622693,10,
638521426770055027,446964,-9.580721,-7.667113,10,
638521426770165037,446975,-9.614048,-7.711177,10,
638521426770275037,446986,-9.647704,-7.755674,10,
638521426770395037,446997,-9.681406,-7.800234,10,
638521426770495036,447008,-9.715389,-7.845165,10,
638521426770615032,447019,-9.748332,-7.88872,10,
638521426770725040,447031,-9.781692,-7.932826,10,
638521426770835034,447041,-9.815961,-7.978134,10,
638521426770945027,447053,-9.848616,-8.021309,10,
638521426771055035,447064,-9.882236,-8.065761,10,
638521426771165024,447075,-9.915702,-8.110006,10,
638521426771275034,447086,-9.948963,-8.153982,10,
638521426771385042,447097,-9.982782,-8.198695,10,
638521426771495040,447108,-10.01626,-8.242957,10,
638521426771605035,447119,-10.04983,-8.287341,10,
638521426771725030,447130,-10.08324,-8.331521,10,
638521426771835028,447142,-10.11675,-8.375824,10,
638521426771945037,447153,-10.15054,-8.420499,10,
638521426772055028,447164,-10.18379,-8.464461,10,
638521426772165033,447175,-10.2172,-8.508629,10,
638521426772285040,447186,-10.25082,-8.553081,10,
638521426772385048,447197,-10.28545,-8.598872,10,
638521426772495036,447208,-10.31762,-8.641406,10,
638521426772605027,447219,-10.3514,-8.686068,10,
638521426772725039,447230,-10.38479,-8.730207,10,
638521426772835035,447241,-10.41848,-8.774757,10,
638521426772945036,447253,-10.45162,-8.818568,10,
638521426773055041,447264,-10.48522,-8.86299,10,
638521426773165042,447275,-10.51932,-8.908078,10,
638521426773275042,447286,-10.55301,-8.952626,10,
638521426773385037,447297,-10.58646,-8.99685,10,
638521426773495043,447308,-10.61922,-9.040154,10,
638521426773605041,447319,-10.65291,-9.084705,10,
638521426773725039,447331,-10.68634,-9.128901,10,
638521426773835038,447341,-10.72028,-9.173773,10,
638521426773945041,447352,-10.75309,-9.217155,10,
638521426774055033,447364,-10.78662,-9.26149,10,
638521426774165045,447375,-10.8204,-9.306145,10,
638521426774275049,447386,-10.85402,-9.350598,10,
638521426774385035,447397,-10.88743,-9.394778,10,
638521426774505039,447409,-10.92043,-9.438403,10,
638521426774605039,447419,-10.95511,-9.484251,10,
638521426774725037,447430,-10.98756,-9.527164,10,
638521426774835030,447441,-11.02129,-9.571752,10,
638521426774945032,447452,-11.05453,-9.615708,10,
638521426775055046,447464,-11.08794,-9.659881,10,
638521426775165041,447475,-11.12179,-9.704626,10,
638521426775275033,447486,-11.15534,-9.748988,10,
638521426775385037,447497,-11.18885,-9.793297,10,
638521426775495036,447508,-11.2221,-9.837256,10,
638521426775605029,447519,-11.25554,-9.881463,10,
638521426775725045,447530,-11.28899,-9.925696,10,
638521426775835037,447542,-11.32273,-9.970299,10,
638521426775945029,447552,-11.3569,-10.01548,10,
638521426776055027,447564,-11.38951,-10.0586,10,
638521426776165046,447575,-11.42358,-10.10364,10,
638521426776275032,447586,-11.4566,-10.1473,10,
638521426776385035,447597,-11.49021,-10.19174,10,
638521426776495049,447608,-11.52361,-10.2359,10,
638521426776605030,447619,-11.55705,-10.2801,10,
638521426776725033,447630,-11.59059,-10.32445,10,
638521426776825035,447641,-11.62469,-10.36953,10,
638521426776945036,447652,-11.65771,-10.4132,10,
638521426777055036,447664,-11.69106,-10.45729,10,
638521426777165041,447675,-11.72475,-10.50184,10,
638521426777275034,447686,-11.75846,-10.54641,10,
638521426777385048,447697,-11.79175,-10.59041,10,
638521426777495035,447708,-11.82562,-10.6352,10,
638521426777605027,447719,-11.85882,-10.67909,10,
638521426777715026,447730,-11.89205,-10.72303,10,
638521426777825032,447741,-11.92537,-10.76708,10,
638521426777945037,447753,-11.95926,-10.81189,10,
638521426778055040,447763,-11.99307,-10.85659,10,
638521426778165037,447774,-12.02613,-10.9003,10,
638521426778275040,447786,-12.0594,-10.94429,10,
638521426778385040,447797,-12.09378,-10.98975,10,
638521426778495033,447808,-12.12687,-11.0335,10,
638521426778605034,447819,-12.16025,-11.07762,10,
638521426778715025,447830,-12.19416,-11.12246,10,
638521426778825032,447841,-12.22704,-11.16593,10,
638521426778935045,447852,-12.26074,-11.21048,10,
638521426779055039,447864,-12.29411,-11.25461,10,
638521426779165033,447874,-12.32809,-11.29953,10,
638521426779275033,447886,-12.36111,-11.34319,10,
638521426779385035,447897,-12.3949,-11.38786,10,
638521426779495033,447908,-12.42819,-11.43188,10,
638521426779605029,447919,-12.46162,-11.47608,10,
638521426779715042,447930,-12.49504,-11.52026,10,
638521426779825041,447941,-12.5286,-11.56463,10,
638521426779935045,447952,-12.56223,-11.6091,10,
638521426780055047,447963,-12.59537,-11.65291,10,
638521426780165031,447974,-12.62913,-11.69755,10,
638521426780275040,447986,-12.66256,-11.74175,10,
638521426780385040,447997,-12.69633,-11.78639,10,
638521426780495040,448008,-12.72956,-11.83034,10,
638521426780605027,448019,-12.76316,-11.87475,10,
638521426780715049,448030,-12.79638,-11.91868,10,
638521426780825047,448041,-12.83033,-11.96357,10,
638521426780935029,448052,-12.86392,-12.00798,10,
638521426781055037,448063,-12.89699,-12.0517,10,
638521426781165033,448074,-12.93071,-12.09628,10,
638521426781275036,448086,-12.96408,-12.14041,10,
638521426781385035,448097,-12.99791,-12.18514,10,
638521426781495045,448108,-13.03126,-12.22922,10,
638521426781605028,448119,-13.04781,-12.2511,10,
638521426781715029,448130,-13.03339,-12.19768,10,
638521426781825051,448141,-13.01891,-12.14405,10,
638521426781935040,448152,-13.00433,-12.09005,10,
638521426782045036,448163,-12.98993,-12.03668,10,
638521426782155047,448174,-12.97548,-11.98316,10,
638521426782275037,448186,-12.96103,-11.92962,10,
638521426782385049,448197,-12.94634,-11.87518,10,
638521426782495046,448208,-12.932,-11.82206,10,
638521426782605051,448219,-12.91759,-11.76867,10,
638521426782715040,448230,-12.90304,-11.71476,10,
638521426782825032,448241,-12.88862,-11.66136,10,
638521426782935033,448252,-12.87407,-11.60746,10,
638521426783045030,448263,-12.85966,-11.55408,10,
638521426783155035,448274,-12.84514,-11.50026,10,
638521426783275039,448286,-12.83082,-11.44721,10,
638521426783385042,448297,-12.81603,-11.39243,10,
638521426783495039,448308,-12.8016,-11.33898,10,
638521426783605035,448319,-12.78734,-11.28616,10,
638521426783715032,448330,-12.77288,-11.23256,10,
638521426783825032,448341,-12.7584,-11.17894,10,
638521426783935046,448352,-12.74377,-11.12471,10,
638521426784055048,448363,-12.72949,-11.07181,10,
638521426784165037,448375,-12.7148,-11.01741,10,
638521426784275040,448385,-12.70013,-10.96306,10,
638521426784385046,448397,-12.68605,-10.91088,10,
638521426784495032,448408,-12.67152,-10.85704,10,
638521426784605030,448419,-12.65704,-10.8034,10,
638521426784715052,448430,-12.64267,-10.75016,10,
638521426784825038,448441,-12.62812,-10.69627,10,
638521426784935043,448452,-12.61359,-10.64242,10,
638521426785045036,448463,-12.59917,-10.58902,10,
638521426785155054,448474,-12.58461,-10.53508,10,
638521426785275044,448486,-12.57023,-10.4818,10,
638521426785385040,448497,-12.55574,-10.42809,10,
638521426785495034,448508,-12.54123,-10.37436,10,
638521426785605029,448519,-12.52685,-10.32108,10,
638521426785715038,448530,-12.51237,-10.26745,10,
638521426785825040,448541,-12.49785,-10.21365,10,
638521426785935039,448552,-12.48343,-10.16022,10,
638521426786045035,448563,-12.46874,-10.10578,10,
638521426786155026,448574,-12.45441,-10.05272,10,
638521426786275054,448586,-12.44001,-9.999354,10,
638521426786375040,448596,-12.42508,-9.944057,10,
638521426786495032,448607,-12.4112,-9.892638,10,
638521426786605040,448619,-12.39668,-9.83884,10,
638521426786715038,448630,-12.38213,-9.784937,10,
638521426786825037,448641,-12.36766,-9.731307,10,
638521426786935030,448652,-12.35306,-9.67723,10,
638521426787045029,448663,-12.33877,-9.62429,10,
638521426787155048,448674,-12.32411,-9.569971,10,
638521426787275036,448685,-12.30969,-9.516554,10,
638521426787385032,448696,-12.29526,-9.463109,10,
638521426787495035,448708,-12.28084,-9.409678,10,
638521426787605023,448719,-12.26614,-9.355196,10,
638521426787715034,448730,-12.25184,-9.302246,10,
638521426787825034,448741,-12.23745,-9.248922,10,
638521426787935031,448752,-12.22301,-9.195426,10,
638521426788045027,448763,-12.20852,-9.141738,10,
638521426788155031,448774,-12.194,-9.087945,10,
638521426788275037,448785,-12.17951,-9.034266,10,
638521426788385036,448797,-12.16497,-8.980383,10,
638521426788495040,448807,-12.15022,-8.925752,10,
638521426788605035,448819,-12.13608,-8.873376,10,
638521426788715040,448830,-12.12163,-8.819822,10,
638521426788825039,448841,-12.10692,-8.765334,10,
638521426788965034,448855,-12.09232,-8.711262,10,
638521426789075034,448866,-12.07451,-8.645271,10,
638521426789185045,448877,-12.05978,-8.590706,10,
638521426789295025,448888,-12.04523,-8.536797,10,
638521426789415039,448900,-12.03094,-8.483859,10,
638521426789525032,448910,-12.01618,-8.429178,10,
638521426789635025,448921,-12.00204,-8.376792,10,
638521426789745034,448933,-11.98759,-8.323243,10,
638521426789855030,448944,-11.97306,-8.269425,10,
638521426789965026,448955,-11.95846,-8.215321,10,
638521426790075050,448966,-11.9442,-8.162503,10,
638521426790185036,448977,-11.92972,-8.108844,10,
638521426790305051,448988,-11.91509,-8.054667,10,
638521426790415035,448999,-11.90044,-8.00036,10,
638521426790575047,449016,-11.88608,-7.947165,10,
638521426790635037,449022,-11.86433,-7.866613,10,
638521426790715041,449030,-11.8566,-7.837975,10,
638521426790815037,449039,-11.84673,-7.801388,10,
638521426790925034,449050,-11.83383,-7.753617,10,
638521426791035027,449061,-11.8196,-7.700876,10,
638521426791145030,449073,-11.80512,-7.647259,10,
638521426791255034,449084,-11.79064,-7.593599,10,
638521426791365033,449095,-11.77621,-7.540135,10,
638521426791475037,449106,-11.76169,-7.486363,10,
638521426791585041,449117,-11.74724,-7.432793,10,
638521426791695036,449128,-11.73256,-7.378413,10,
638521426791805034,449139,-11.7183,-7.325584,10,
638521426791925031,449150,-11.70374,-7.271633,10,
638521426792035027,449161,-11.68926,-7.218014,10,
638521426792145036,449172,-11.67489,-7.164765,10,
638521426792255041,449184,-11.6605,-7.111439,10,
638521426792365032,449195,-11.64587,-7.057272,10,
638521426792475035,449206,-11.63126,-7.003117,10,
638521426792585042,449217,-11.6166,-6.948832,10,
638521426792695037,449228,-11.60259,-6.896913,10,
638521426792805038,449239,-11.58806,-6.843094,10,
638521426792925035,449250,-11.5736,-6.789516,10,
638521426793035028,449261,-11.55894,-6.735213,10,
638521426793145039,449273,-11.54458,-6.682014,10,
638521426793255028,449284,-11.5301,-6.628353,10,
638521426793365043,449295,-11.5157,-6.575018,10,
638521426793475040,449306,-11.50094,-6.520309,10,
638521426793585027,449317,-11.4865,-6.466816,10,
638521426793695029,449328,-11.47216,-6.413691,10,
638521426793805043,449339,-11.45784,-6.360642,10,
638521426793915031,449350,-11.44331,-6.306811,10,
638521426794035030,449361,-11.42891,-6.253475,10,
638521426794145027,449372,-11.41434,-6.199477,10,
638521426794255029,449384,-11.39988,-6.145937,10,
638521426794365027,449395,-11.38529,-6.091854,10,
638521426794475040,449406,-11.37067,-6.037688,10,
638521426794595050,449417,-11.35589,-5.982946,10,
638521426794705030,449429,-11.3413,-5.9289,10,
638521426794815055,449440,-11.32663,-5.874546,10,
638521426794925038,449451,-11.31208,-5.820658,10,
638521426795045042,449463,-11.29747,-5.766501,10,
638521426795155039,449474,-11.28251,-5.711088,10,
638521426795265039,449485,-11.26813,-5.65781,10,
638521426795375047,449496,-11.25351,-5.603638,10,
638521426795485040,449507,-11.23871,-5.548816,10,
638521426795595042,449518,-11.22449,-5.496147,10,
638521426795715038,449529,-11.21004,-5.442606,10,
638521426795825043,449541,-11.19552,-5.388828,10,
638521426795935038,449551,-11.18067,-5.333787,10,
638521426796045030,449563,-11.16663,-5.281787,10,
638521426796155048,449574,-11.15204,-5.227736,10,
638521426796265030,449585,-11.13758,-5.174175,10,
638521426796375040,449596,-11.12325,-5.121061,10,
638521426796485042,449607,-11.10873,-5.06728,10,
638521426796595029,449618,-11.09415,-5.013258,10,
638521426796705029,449629,-11.07971,-4.959776,10,
638521426796825037,449640,-11.06535,-4.906564,10,
638521426796935031,449652,-11.05075,-4.852486,10,
638521426797045027,449662,-11.03628,-4.798887,10,
638521426797155041,449674,-11.02195,-4.7458,10,
638521426797265048,449685,-11.00742,-4.691969,10,
638521426797375033,449696,-10.99301,-4.638563,10,
638521426797485044,449707,-10.97845,-4.58463,10,
638521426797605037,449719,-10.9636,-4.529629,10,
638521426797705028,449729,-10.94902,-4.475609,10,
638521426797825033,449740,-10.93507,-4.423916,10,
638521426797935037,449751,-10.92042,-4.369635,10,
638521426798045044,449763,-10.90613,-4.316702,10,
638521426798155031,449774,-10.89156,-4.262728,10,
638521426798265050,449785,-10.87717,-4.209421,10,
638521426798375037,449796,-10.86264,-4.155565,10,
638521426798485037,449807,-10.84831,-4.102501,10,
638521426798595029,449818,-10.83378,-4.048647,10,
638521426798705032,449829,-10.81921,-3.994692,10,
638521426798815035,449840,-10.80468,-3.940842,10,
638521426798935034,449851,-10.79037,-3.887823,10,
638521426799045036,449863,-10.77595,-3.834418,10,
638521426799155030,449874,-10.76134,-3.780291,10,
638521426799265031,449885,-10.74688,-3.726709,10,
638521426799375041,449896,-10.73232,-3.672785,10,
638521426799485039,449907,-10.7179,-3.61935,10,
638521426799595051,449918,-10.70352,-3.566076,10,
638521426799715039,449929,-10.68903,-3.512403,10,
638521426799825040,449940,-10.67447,-3.458437,10,
638521426799935034,449951,-10.65979,-3.404072,10,
638521426800045048,449963,-10.64563,-3.351622,10,
638521426800155047,449974,-10.63108,-3.297707,10,
638521426800265031,449985,-10.61588,-3.241403,10,
638521426800375037,449996,-10.60214,-3.190487,10,
638521426800485038,450007,-10.58728,-3.135437,10,
638521426800595030,450018,-10.57321,-3.083305,10,
638521426800705029,450029,-10.55872,-3.029644,10,
638521426800815045,450040,-10.5443,-2.976187,10,
638521426800925145,450051,-10.52979,-2.922442,10,
638521426801045151,450062,-10.51538,-2.869061,10,
638521426801155155,450074,-10.50085,-2.815219,10,
638521426801265156,450085,-10.48629,-2.761297,10,
638521426801375148,450096,-10.47184,-2.707762,10,
638521426801485151,450107,-10.45751,-2.654669,10,
638521426801595141,450118,-10.44305,-2.601083,10,
638521426801705145,450129,-10.42838,-2.546749,10,
638521426801815161,450140,-10.41401,-2.493503,10,
638521426801935152,450151,-10.39955,-2.439927,10,
638521426802045151,450163,-10.38492,-2.385758,10,
638521426802155153,450173,-10.37043,-2.332056,10,
638521426802265158,450185,-10.35627,-2.279587,10,
638521426802375153,450196,-10.34167,-2.2255,10,
638521426802485146,450207,-10.32717,-2.171803,10,
638521426802595147,450218,-10.31279,-2.118534,10,
638521426802705144,450229,-10.29809,-2.064067,10,
638521426802825155,450240,-10.28374,-2.010895,10,
638521426802925157,450251,-10.26919,-1.956972,10,
638521426803045163,450262,-10.25482,-1.903738,10,
638521426803155161,450274,-10.24045,-1.8505,10,
638521426803265150,450285,-10.22583,-1.796355,10,
638521426803375177,450296,-10.21146,-1.743132,10,
638521426803485161,450307,-10.19699,-1.689487,10,
638521426803595162,450318,-10.18219,-1.634656,10,
638521426803705154,450329,-10.1681,-1.582487,10,
638521426803815153,450340,-10.15359,-1.528726,10,
638521426803925154,450351,-10.13902,-1.474758,10,
638521426804035147,450362,-10.12452,-1.421017,10,
638521426804155151,450374,-10.11016,-1.367815,10,
638521426804265150,450385,-10.09556,-1.313749,10,
638521426804375148,450396,-10.08117,-1.260406,10,
638521426804485145,450407,-10.06677,-1.20709,10,
638521426804595153,450418,-10.05212,-1.152801,10,
638521426804705149,450429,-10.0378,-1.09975,10,
638521426804815146,450440,-10.02335,-1.046217,10,
638521426804925146,450451,-10.00884,-0.9924521,10,
638521426805045148,450462,-9.99432,-0.9386621,10,
638521426805155154,450474,-9.979735,-0.8846302,10,
638521426805265148,450485,-9.965264,-0.831018,10,
638521426805375160,450496,-9.950976,-0.7780862,10,
638521426805485155,450507,-9.936435,-0.7242126,10,
638521426805595144,450518,-9.922149,-0.6712875,10,
638521426805705150,450529,-9.907644,-0.6175537,10,
638521426805815164,450540,-9.893142,-0.5638266,10,
638521426805925148,450551,-9.878393,-0.5091872,10,
638521426806035144,450562,-9.864087,-0.4561863,10,
638521426806155151,450573,-9.849703,-0.4028974,10,
638521426806265152,450585,-9.835136,-0.3489337,10,
638521426806375149,450596,-9.820635,-0.2952089,10,
638521426806485161,450607,-9.806266,-0.2419748,10,
638521426806595145,450618,-9.791723,-0.1880989,10,
638521426806705155,450629,-9.777459,-0.135253,10,
638521426806815155,450640,-9.762825,-0.08103752,10,
638521426806925150,450651,-9.748498,-0.02796078,10,
638521426807035138,450662,-9.733922,0.02603817,10,
638521426807145163,450673,-9.719441,0.07968664,10,
638521426807265152,450684,-9.704912,0.1335139,10,
638521426807375260,450695,-9.690514,0.1868582,10,
638521426807485261,450707,-9.676082,0.2403264,10,
638521426807595266,450718,-9.661492,0.2943754,10,
638521426807705270,450729,-9.647072,0.3477988,10,
638521426807815262,450740,-9.632689,0.4010868,10,
638521426807925265,450751,-9.618005,0.4554868,10,
638521426808035263,450762,-9.603757,0.5082722,10,
638521426808145273,450773,-9.58917,0.562314,10,
638521426808265258,450785,-9.574683,0.615984,10,
