time(100ns),time_stamp(ms),object1.x,object1.y,object1.z,object2.x,object2.y,object2.z,object3.x,object3.y,object3.z,
638524921704975068,194349,-12.18956,-3.29451,20,-27.20399,3.019253,20,22.79005,-15.70104,20,
638524921705145081,194366,-12.16033,-3.28661,19.95204,-27.13876,3.012013,19.95204,22.73541,-15.66339,19.95204,
638524921705225079,194374,-12.12827,-3.277944,19.89944,-27.06721,3.004071,19.89944,22.67546,-15.62209,19.89944,
638524921705335170,194386,-12.11391,-3.274064,19.87588,-27.03517,3.000515,19.87588,22.64862,-15.6036,19.87588,
638524921705455166,194397,-12.09299,-3.268409,19.84155,-26.98847,2.995333,19.84155,22.6095,-15.57665,19.84155,
638524921705565171,194408,-12.07279,-3.262949,19.8084,-26.94338,2.990328,19.8084,22.57173,-15.55063,19.8084,
638524921705675168,194419,-12.05217,-3.257377,19.77458,-26.89738,2.985223,19.77458,22.53319,-15.52408,19.77458,
638524921705785163,194430,-12.03222,-3.251984,19.74184,-26.85285,2.98028,19.74184,22.49588,-15.49837,19.74184,
638524921705895163,194441,-12.0119,-3.246493,19.70851,-26.8075,2.975248,19.70851,22.4579,-15.4722,19.70851,
638524921706005173,194452,-11.99173,-3.241042,19.67541,-26.76249,2.970252,19.67541,22.42019,-15.44622,19.67541,
638524921706115169,194463,-11.97082,-3.235391,19.64111,-26.71583,2.965073,19.64111,22.3811,-15.41929,19.64111,
638524921706225168,194474,-11.95108,-3.230055,19.60871,-26.67177,2.960183,19.60871,22.34418,-15.39386,19.60871,
638524921706335276,194486,-11.93044,-3.224477,19.57485,-26.62571,2.955071,19.57485,22.3056,-15.36728,19.57485,
638524921706445280,194497,-11.91034,-3.219043,19.54186,-26.58084,2.950091,19.54186,22.26801,-15.34138,19.54186,
638524921706565274,194508,-11.89001,-3.213549,19.50851,-26.53547,2.945056,19.50851,22.23,-15.3152,19.50851,
638524921706715275,194523,-11.86954,-3.208016,19.47492,-26.48979,2.939986,19.47492,22.19173,-15.28883,19.47492,
638524921706785270,194530,-11.84138,-3.200404,19.42871,-26.42693,2.93301,19.42871,22.13907,-15.25255,19.42871,
638524921706895263,194541,-11.82942,-3.197173,19.4091,-26.40025,2.930048,19.4091,22.11672,-15.23715,19.4091,
638524921707005267,194552,-11.80888,-3.191623,19.37541,-26.35442,2.924962,19.37541,22.07833,-15.2107,19.37541,
638524921707115264,194563,-11.78863,-3.186148,19.34217,-26.30921,2.919945,19.34217,22.04045,-15.18461,19.34217,
638524921707225270,194574,-11.76836,-3.18067,19.30891,-26.26398,2.914924,19.30891,22.00256,-15.1585,19.30891,
638524921707345391,194586,-11.74768,-3.175081,19.27498,-26.21782,2.909802,19.27498,21.9639,-15.13186,19.27498,
638524921707445368,194597,-11.72676,-3.169427,19.24066,-26.17114,2.904621,19.24066,21.92479,-15.10492,19.24066,
638524921707555373,194608,-11.7074,-3.164193,19.20889,-26.12792,2.899824,19.20889,21.88858,-15.07998,19.20889,
638524921707675383,194619,-11.68716,-3.158723,19.17568,-26.08275,2.894811,19.17568,21.85074,-15.05391,19.17568,
638524921707785377,194630,-11.66639,-3.153111,19.14161,-26.03642,2.889668,19.14161,21.81193,-15.02716,19.14161,
638524921707895367,194641,-11.64653,-3.147742,19.10902,-25.99208,2.884748,19.10902,21.77478,-15.00157,19.10902,
638524921708005363,194652,-11.62633,-3.142284,19.07588,-25.94701,2.879745,19.07588,21.73702,-14.97556,19.07588,
638524921708115377,194663,-11.60588,-3.136757,19.04233,-25.90137,2.87468,19.04233,21.69879,-14.94922,19.04233,
638524921708275376,194679,-11.58545,-3.131236,19.00881,-25.85578,2.86962,19.00881,21.6606,-14.92291,19.00881,
638524921708335511,194685,-11.55686,-3.123507,18.96189,-25.79196,2.862537,18.96189,21.60713,-14.88607,18.96189,
638524921708445534,194696,-11.54521,-3.120358,18.94278,-25.76596,2.859651,18.94278,21.58535,-14.87106,18.94278,
638524921708555499,194708,-11.52463,-3.114795,18.90901,-25.72002,2.854553,18.90901,21.54687,-14.84455,18.90901,
638524921708675511,194719,-11.50435,-3.109316,18.87574,-25.67478,2.849532,18.87574,21.50896,-14.81844,18.87574,
638524921708785502,194730,-11.48358,-3.103702,18.84167,-25.62843,2.844387,18.84167,21.47013,-14.79169,18.84167,
638524921708895506,194741,-11.46277,-3.098077,18.80751,-25.58198,2.839231,18.80751,21.43122,-14.76488,18.80751,
638524921709005498,194752,-11.44278,-3.092675,18.77472,-25.53737,2.834281,18.77472,21.39385,-14.73913,18.77472,
638524921709115502,194763,-11.42246,-3.087183,18.74138,-25.49203,2.829248,18.74138,21.35586,-14.71296,18.74138,
638524921709225516,194775,-11.40206,-3.081668,18.7079,-25.44649,2.824194,18.7079,21.31771,-14.68668,18.7079,
638524921709335596,194786,-11.38175,-3.076181,18.67459,-25.40118,2.819165,18.67459,21.27975,-14.66053,18.67459,
638524921709455599,194797,-11.3614,-3.070679,18.64119,-25.35574,2.814123,18.64119,21.24169,-14.6343,18.64119,
638524921709565598,194808,-11.34115,-3.065206,18.60796,-25.31055,2.809107,18.60796,21.20383,-14.60822,18.60796,
638524921709676021,194819,-11.32074,-3.059691,18.57448,-25.26501,2.804053,18.57448,21.16568,-14.58194,18.57448,
638524921709826031,194835,-11.30043,-3.054202,18.54116,-25.21969,2.799023,18.54116,21.12771,-14.55578,18.54116,
638524921709896026,194841,-11.27199,-3.046515,18.49449,-25.15621,2.791978,18.49449,21.07453,-14.51914,18.49449,
638524921710006024,194852,-11.26012,-3.043307,18.47502,-25.12973,2.789038,18.47502,21.05234,-14.50386,18.47502,
638524921710116023,194863,-11.23963,-3.03777,18.4414,-25.084,2.783963,18.4414,21.01404,-14.47747,18.4414,
638524921710226020,194875,-11.21936,-3.03229,18.40814,-25.03875,2.778942,18.40814,20.97613,-14.45135,18.40814,
638524921710336133,194886,-11.19885,-3.026746,18.37448,-24.99297,2.773861,18.37448,20.93778,-14.42493,18.37448,
638524921710446120,194897,-11.1787,-3.021299,18.34142,-24.948,2.768869,18.34142,20.9001,-14.39897,18.34142,
638524921710566124,194908,2.706803,-22.51511,20,-24.90278,2.763851,18.30817,20.86222,-14.37287,18.30817,
638524921710676127,194919,2.702269,-22.47739,19.96649,-24.85721,2.758793,18.27467,20.82404,-14.34657,18.27467,
638524921710786119,194930,2.697725,-22.43959,19.93292,-24.81154,2.753725,18.24109,20.78579,-14.32021,18.24109,
638524921710896125,194941,2.693256,-22.40242,19.8999,-24.76663,2.74874,18.20808,20.74816,-14.29429,18.20808,
638524921711006119,194952,2.688772,-22.36512,19.86677,-24.72156,2.743738,18.17494,20.71041,-14.26828,18.17494,
638524921711116118,194963,2.684242,-22.32745,19.8333,-24.67603,2.738686,18.14148,20.67227,-14.24201,18.14148,
638524921711226141,194975,2.679736,-22.28996,19.8,-24.63074,2.733659,18.10818,20.63433,-14.21587,18.10818,
638524921711386225,194990,2.675137,-22.25171,19.76603,-24.58453,2.72853,18.0742,20.59561,-14.18919,18.0742,
638524921711446237,194997,2.668826,-22.19921,19.71939,-24.5211,2.72149,18.02757,20.54247,-14.15258,18.02757,
638524921711556226,195008,2.666258,-22.17785,19.70042,-24.49528,2.718625,18.00859,20.52085,-14.13768,18.00859,
638524921711676229,195019,2.661747,-22.14033,19.66709,-24.44995,2.713593,17.97526,20.48287,-14.11152,17.97526,
638524921711786227,195030,2.657239,-22.10283,19.63378,-24.40464,2.708565,17.94195,20.44491,-14.08537,17.94195,
638524921711896233,195041,2.652731,-22.06534,19.60047,-24.35934,2.703537,17.90865,20.40696,-14.05922,17.90865,
638524921712006235,195052,2.648227,-22.02787,19.56719,-24.31407,2.698513,17.87537,20.36904,-14.0331,17.87537,
638524921712116231,195064,2.64371,-21.9903,19.53382,-24.26868,2.693475,17.84199,20.33101,-14.0069,17.84199,
638524921712226229,195074,2.63908,-21.95179,19.49961,-24.22214,2.68831,17.80778,20.29203,-13.98004,17.80778,
638524921712336334,195085,2.634719,-21.91552,19.46739,-24.17831,2.683446,17.77556,20.25531,-13.95474,17.77556,
638524921712446336,195097,2.630187,-21.87781,19.4339,-24.13276,2.67839,17.74207,20.21715,-13.92845,17.74207,
638524921712556327,195108,2.625654,-21.84011,19.4004,-24.08721,2.673334,17.70858,20.17898,-13.90216,17.70858,
638524921712666330,195119,2.621134,-21.80251,19.367,-24.04178,2.668292,17.67518,20.14092,-13.87594,17.67518,
638524921712786326,195130,2.616645,-21.76517,19.33384,-23.99667,2.663285,17.64201,20.10313,-13.8499,17.64201,
638524921712936327,195145,2.61208,-21.7272,19.30011,-23.95079,2.658193,17.60828,20.0647,-13.82342,17.60828,
638524921713006339,195152,2.605903,-21.67582,19.25447,-23.88871,2.651303,17.56264,20.01269,-13.78759,17.56264,
638524921713115206,195163,2.603195,-21.6533,19.23446,-23.86149,2.648283,17.54263,19.98989,-13.77188,17.54263,
638524921713225213,195174,2.5986,-21.61507,19.20051,-23.81531,2.643157,17.50868,19.9512,-13.74523,17.50868,
638524921713335332,195186,2.594111,-21.57774,19.16734,-23.7702,2.63815,17.47552,19.91341,-13.71919,17.47552,
638524921713445309,195196,2.589533,-21.53965,19.13351,-23.72418,2.633044,17.44169,19.87486,-13.69264,17.44169,
638524921713565320,195208,2.585101,-21.50279,19.10077,-23.67964,2.6281,17.40894,19.83754,-13.66693,17.40894,
638524921713675308,195219,2.580499,-21.46451,19.06676,-23.63339,2.622967,17.37494,19.7988,-13.64023,17.37494,
638524921713785307,195230,2.576047,-21.42748,19.03387,-23.58865,2.618001,17.34205,19.76132,-13.61441,17.34205,
638524921713895311,195241,2.571544,-21.39002,19.0006,-23.5434,2.612978,17.30877,19.72341,-13.58829,17.30877,
638524921714005313,195252,2.567029,-21.35246,18.96724,-23.49801,2.607942,17.27541,19.68539,-13.5621,17.27541,
638524921714115305,195263,2.562543,-21.31515,18.93409,-23.45293,2.602938,17.24227,19.64762,-13.53608,17.24227,
638524921714225306,195274,2.558017,-21.27751,18.90065,-23.40745,2.59789,17.20883,19.60952,-13.50983,17.20883,
638524921714335401,195285,2.553543,-21.24029,18.8676,-23.36249,2.5929,17.17577,19.57185,-13.48388,17.17577,
638524921714485401,195301,2.548983,-21.20236,18.8339,-23.31665,2.587813,17.14207,19.53345,-13.45742,17.14207,
638524921714555418,195308,2.542867,-21.15149,18.78872,-23.25519,2.580992,17.09689,19.48196,-13.42195,17.09689,
638524921714675400,195319,2.540025,-21.12785,18.76771,-23.22662,2.577821,17.07589,19.45803,-13.40546,17.07589,
638524921714785401,195330,2.535468,-21.08994,18.73404,-23.18082,2.572738,17.04222,19.41966,-13.37903,17.04222,
638524921714895409,195341,2.530958,-21.05243,18.70072,-23.1355,2.567708,17.00889,19.38169,-13.35287,17.00889,
638524921715005397,195352,2.526397,-21.0145,18.66702,-23.08966,2.562621,16.9752,19.34329,-13.32642,16.9752,
638524921715115409,195364,2.521897,-20.97707,18.63377,-23.04444,2.557601,16.94195,19.3054,-13.30031,16.94195,
638524921715235405,195375,2.517255,-20.93845,18.59947,-22.99778,2.552423,16.90764,19.26631,-13.27338,16.90764,
638524921715345503,195386,2.512746,-20.90095,18.56616,-22.95247,2.547394,16.87433,19.22836,-13.24723,16.87433,
638524921715455498,195397,2.508233,-20.86341,18.53281,-22.9071,2.542359,16.84098,19.19035,-13.22105,16.84098,
638524921715565508,195408,2.503767,-20.82626,18.49981,-22.86223,2.537378,16.80799,19.15276,-13.19515,16.80799,
638524921715675499,195419,2.49913,-20.78769,18.46555,-22.81562,2.532206,16.77372,19.11371,-13.16825,16.77372,
638524921715785502,195430,2.494766,-20.75139,18.4333,-22.77176,2.527338,16.74148,19.07697,-13.14293,16.74148,
638524921715895506,195441,2.490198,-20.71339,18.39955,-22.72585,2.522243,16.70772,19.03851,-13.11644,16.70772,
638524921716055353,195457,2.485703,-20.676,18.36634,-22.68068,2.517229,16.67451,19.00067,-13.09037,16.67451,
638524921716115358,195463,2.479372,-20.62334,18.31956,-22.61705,2.510167,16.62773,18.94736,-13.05364,16.62773,
638524921716225349,195474,2.476773,-20.60172,18.30035,-22.59093,2.507268,16.60853,18.92548,-13.03856,16.60853,
638524921716335468,195486,2.472323,-20.5647,18.26747,-22.5462,2.502304,16.57565,18.88801,-13.01275,16.57565,
638524921716445448,195496,2.46769,-20.52617,18.23324,-22.49964,2.497137,16.54141,18.849,-12.98588,16.54141,
638524921716555448,195508,2.463298,-20.48964,18.20079,-22.4555,2.492238,16.50896,18.81203,-12.9604,16.50896,
638524921716675451,195519,2.458796,-20.45219,18.16752,-22.41025,2.487216,16.4757,18.77412,-12.93429,16.4757,
638524921716785449,195530,2.454243,-20.41431,18.13388,-22.36449,2.482137,16.44205,18.73578,-12.90788,16.44205,
638524921716895452,195541,2.449673,-20.3763,18.10011,-7.626991,-18.26094,20,18.69731,-12.88137,16.40829,
638524921717005451,195552,2.445262,-20.33961,18.06752,-7.614562,-18.23118,19.96741,18.66017,-12.85578,16.37569,
638524921717116953,195563,2.440749,-20.30207,18.03418,-7.601846,-18.20074,19.93406,18.62217,-12.8296,16.34235,
638524921717226955,195574,2.436248,-20.26463,18.00092,-7.589164,-18.17037,19.90081,18.58428,-12.8035,16.3091,
638524921717337056,195585,2.431734,-20.22708,17.96756,-7.576443,-18.13991,19.86745,18.54626,-12.77731,16.27574,
638524921717447060,195597,2.427237,-20.18967,17.93434,-7.563772,-18.10958,19.83422,18.5084,-12.75122,16.24251,
638524921717607059,195613,2.422639,-20.15143,17.90036,-7.550816,-18.07856,19.80025,18.46969,-12.72455,16.20854,
638524921717667056,195618,2.41611,-20.09712,17.85213,-7.532421,-18.03451,19.75201,18.41472,-12.68668,16.1603,
638524921717777052,195629,2.413769,-20.07765,17.83482,-7.525824,-18.01872,19.73471,18.39501,-12.6731,16.143,
638524921717887051,195640,2.409407,-20.04136,17.80259,-7.513533,-17.98929,19.70248,18.35828,-12.6478,16.11077,
638524921717997062,195652,2.404917,-20.00402,17.76942,-7.500884,-17.959,19.66931,18.32049,-12.62176,16.0776,
638524921718107057,195663,2.400386,-19.96633,17.73594,-7.488115,-17.92843,19.63583,18.28233,-12.59547,16.04412,
638524921718217049,195674,2.395884,-19.92888,17.70267,-7.475429,-17.89806,19.60256,18.24442,-12.56936,16.01085,
638524921718327157,195685,2.391385,-19.89146,17.66944,-7.462753,-17.86771,19.56932,18.20655,-12.54326,15.97761,
638524921718437142,195696,2.38688,-19.85399,17.63615,-7.450059,-17.83731,19.53603,18.16862,-12.51713,15.94432,
638524921718557161,195707,2.382348,-19.81629,17.60266,-7.437288,-17.80674,19.50254,18.13046,-12.49084,15.91083,
638524921718667153,195718,2.377818,-19.77861,17.56919,-7.424525,-17.77618,19.46908,18.09232,-12.46457,15.87737,
638524921718777142,195729,2.37336,-19.74153,17.53625,-7.411963,-17.74611,19.43614,18.05479,-12.43871,15.84443,
638524921718887157,195741,2.368845,-19.70397,17.50289,-7.399242,-17.71565,19.40278,18.01678,-12.41252,15.81107,
638524921718997143,195751,2.364217,-19.66547,17.46869,-7.3862,-17.68442,19.36858,17.97781,-12.38567,15.77687,
638524921719147244,195767,2.359798,-19.62872,17.43605,-7.373751,-17.65462,19.33593,17.94061,-12.36004,15.74422,
638524921719217243,195773,2.353596,-19.57713,17.39022,-7.356274,-17.61277,19.2901,17.88838,-12.32406,15.69839,
638524921719327343,195785,2.350865,-19.55441,17.37004,-7.348577,-17.59434,19.26992,17.86539,-12.30822,15.67821,
638524921719437330,195796,2.34628,-19.51628,17.33616,-7.33566,-17.56342,19.23605,17.82679,-12.28163,15.64434,
638524921719547334,195807,2.341774,-19.4788,17.30287,-7.322965,-17.53302,19.20275,17.78885,-12.25549,15.61105,
638524921719667341,195818,2.337278,-19.4414,17.26964,-7.310294,-17.50268,19.16953,17.75099,-12.22941,15.57782,
638524921719777331,195829,2.332723,-19.40351,17.23599,-7.29746,-17.47195,19.13587,17.71264,-12.20299,15.54417,
638524921719887333,195840,2.328242,-19.36624,17.20288,-7.284835,-17.44173,19.10277,17.67492,-12.177,15.51106,
638524921719997332,195851,2.323753,-19.3289,17.16971,-7.272185,-17.41144,19.0696,17.63712,-12.15096,15.47789,
638524921720107332,195862,2.319217,-19.29116,17.13619,-7.259403,-17.38084,19.03608,17.59893,-12.12464,15.44437,
638524921720217340,195874,2.314731,-19.25385,17.10305,-7.246762,-17.35057,19.00293,17.56116,-12.09862,15.41122,
638524921720327441,195885,2.310208,-19.21623,17.06963,-7.234018,-17.32006,18.96951,17.52308,-12.07239,15.37781,
638524921720437431,195896,2.305686,-19.17861,17.03622,-7.221277,-17.28955,18.9361,17.485,-12.04616,15.34439,
638524921720557429,195907,2.301162,-19.14099,17.00279,-7.20853,-17.25903,18.90268,17.44691,-12.01992,15.31097,
638524921720717437,195923,2.296638,-19.10336,16.96937,-7.195783,-17.22851,18.86925,17.40882,-11.99368,15.27754,
638524921720777444,195929,2.289967,-19.04786,16.92007,-7.176985,-17.18351,18.81996,17.35266,-11.95498,15.22825,
638524921720877432,195940,2.287522,-19.02752,16.90201,-7.170095,-17.16701,18.80189,17.33207,-11.94079,15.21018,
638524921720997438,195951,2.283253,-18.99202,16.87046,-7.158067,-17.13821,18.77035,17.29613,-11.91603,15.17864,
638524921721101302,195962,2.278743,-18.9545,16.83714,-7.14536,-17.10779,18.73703,17.25816,-11.88987,15.14532,
638524921721211300,195973,2.274221,-18.91689,16.80373,-7.132619,-17.07728,18.70362,17.22009,-11.86365,15.11191,
638524921721330340,195984,2.269735,-18.87958,16.77059,-7.119979,-17.04702,18.67047,17.18232,-11.83762,15.07876,
638524921721440330,195995,2.265227,-18.84208,16.73728,-7.107277,-17.01661,18.63717,17.14436,-11.81148,15.04546,
638524921721550333,196007,2.260687,-18.80431,16.70373,-7.094483,-16.98598,18.60361,17.10613,-11.78514,15.01191,
638524921721665531,196018,2.256208,-18.76706,16.67064,-7.081863,-16.95576,18.57052,17.06842,-11.75916,14.97881,
638524921721765535,196029,2.251662,-18.72924,16.63704,-7.069053,-16.92509,18.53693,17.03014,-11.73279,14.94522,
638524921721885529,196040,2.247173,-18.6919,16.60388,-7.056404,-16.89481,18.50376,16.99235,-11.70675,14.91205,
638524921721995521,196051,2.242629,-18.65411,16.57031,-7.043602,-16.86415,18.47019,16.9541,-11.68039,14.87848,
638524921722105438,196062,2.238175,-18.61706,16.5374,-7.031051,-16.8341,18.43728,16.91659,-11.65456,14.84557,
638524921722265450,196079,2.23359,-18.57893,16.50352,-7.018133,-16.80317,18.40341,16.87799,-11.62796,14.8117,
638524921722325450,196085,2.226962,-18.52379,16.45455,-6.999456,-16.75846,18.35443,16.82219,-11.58951,14.76272,
638524921722435439,196095,2.224547,-18.50371,16.4367,-6.992652,-16.74217,18.33659,16.80185,-11.57551,14.74488,
638524921722545440,196107,2.220098,-18.4667,16.40383,-6.980116,-16.71215,18.30371,16.76439,-11.5497,14.71201,
638524921722655538,196118,2.215603,-18.42931,16.37062,-6.96745,-16.68183,18.2705,16.72655,-11.52363,14.67879,
638524921722775538,196129,2.211066,-18.39157,16.33709,-6.954665,-16.65122,18.23697,16.68834,-11.49731,14.64527,
638524921722885540,196140,2.206565,-18.35413,16.30383,-6.941983,-16.62085,18.20372,16.65045,-11.4712,14.61201,
638524921722995537,196151,2.202098,-18.31697,16.27083,-6.929395,-16.59071,18.17071,16.61284,-11.44529,14.579,
638524921723105536,196162,2.1976,-18.27955,16.23759,-6.916721,-16.56037,18.13748,16.57497,-11.4192,14.54577,
638524921723215548,196173,2.193071,-18.24189,16.20413,-6.903961,-16.52982,18.10402,16.53684,-11.39293,14.51231,
638524921723325537,196184,2.188554,-18.20431,16.17075,-6.891233,-16.49934,18.07064,16.49881,-11.36672,14.47893,
638524921723436358,196195,2.184026,-18.16665,16.13729,-6.878473,-16.46879,18.03718,16.46068,-11.34046,14.44547,
638524921723546369,196207,2.179503,-18.12902,16.10388,-6.86573,-16.43828,18.00376,16.4226,-11.31422,14.41206,
638524921723656364,196218,2.174922,-18.09092,16.07003,-6.852821,-16.40738,17.96991,16.38403,-11.28765,14.37821,
638524921723816361,196233,2.170485,-18.05401,16.03724,-6.840319,-16.37744,17.93713,16.34667,-11.26191,14.34542,
638524921723876352,196240,2.164148,-18.0013,15.99042,-6.822464,-16.33469,17.89031,16.29332,-11.22515,14.2986,
638524921723996357,196251,2.161606,-17.98015,15.97164,-6.8153,-16.31754,17.87152,16.27191,-11.21041,14.27981,
638524921724106366,196262,2.157013,-17.94195,15.9377,-6.802359,-16.28655,17.83759,16.23324,-11.18377,14.24588,
638524921724216361,196273,2.152436,-17.90388,15.90389,-6.789464,-16.25568,17.80377,16.19471,-11.15722,14.21206,
638524921724326362,196284,2.147979,-17.86681,15.87095,-6.776904,-16.22561,17.77084,16.15718,-11.13136,14.17913,
638524921724436352,196295,2.143363,-17.82842,15.83685,-6.7639,-16.19447,17.73674,16.11832,-11.10459,14.14503,
638524921724546365,196307,2.138876,-17.79109,15.8037,-6.751256,-16.1642,17.70358,16.08054,-11.07856,14.11187,
638524921724657158,196318,2.134391,-17.75378,15.77055,-6.738617,-16.13394,17.67044,16.04277,-11.05254,14.07873,
638524921724767167,196329,2.129899,-17.71642,15.73736,-6.72596,-16.10364,17.63725,16.00496,-11.02649,14.04554,
638524921724877153,196340,2.125375,-17.67879,15.70394,-6.713212,-16.07311,17.60382,15.96686,-11.00025,14.01211,
638524921724997157,196351,2.120863,-17.64126,15.6706,-6.7005,-16.04268,17.57048,15.92888,-10.97408,13.97878,
638524921725107160,196362,2.116354,-17.60376,15.63729,-6.687796,-16.01226,17.53717,15.89092,-10.94792,13.94546,
638524921725217161,196373,2.111837,-17.56618,15.60391,-6.675067,-15.98178,17.50379,15.85288,-10.92172,13.91209,
638524921725367162,196388,2.107334,-17.52873,15.57064,-6.662381,-15.95141,17.47053,15.81497,-10.8956,13.87882,
638524921725437165,196395,2.10121,-17.47778,15.52539,-6.645123,-15.91009,17.42527,15.76341,-10.86008,13.83356,
638524921725547149,196407,2.098361,-17.45409,15.50434,-6.637097,-15.89087,17.40423,15.73942,-10.84355,13.81252,
638524921725657160,196418,2.093789,-17.41605,15.47055,-6.624212,-15.86002,17.37044,15.70092,-10.81703,13.77873,
638524921725767167,196429,2.089347,-17.37911,15.43774,-6.611698,-15.83006,17.33762,15.66353,-10.79127,13.74591,
638524921725887166,196440,2.084794,-17.34123,15.40409,-6.598866,-15.79934,17.30398,15.62519,-10.76485,13.71227,
638524921725997166,196451,2.08016,-17.30269,15.36985,-6.58581,-15.76808,17.26974,15.58618,-10.73798,13.67803,
638524921726105952,196463,2.075657,-17.26523,15.33658,-6.573121,-15.7377,17.23647,15.54826,-10.71185,13.64476,
638524921726215954,196474,2.071039,-17.22683,15.30246,-6.560111,-15.70655,17.20235,15.50938,-10.68507,13.61064,
638524921726325956,196485,2.066531,-17.18933,15.26916,-30.95245,13.04974,20,15.47143,-10.65892,13.57733,
638524921726445953,196496,2.062038,-17.15195,15.23595,-30.90107,13.02807,19.9668,15.4336,-10.63286,13.54413,
638524921726555953,196507,2.057494,-17.11416,15.20238,-30.84911,13.00617,19.93323,15.39534,-10.6065,13.51056,
638524921726665952,196518,2.052985,-17.07665,15.16907,-30.79755,12.98443,19.89991,15.35738,-10.58035,13.47724,
638524921726775950,196529,2.048478,-17.03917,15.13577,-30.74601,12.9627,19.86661,15.31943,-10.5542,13.44394,
638524921726935964,196545,2.043933,-17.00136,15.10218,-30.69404,12.94079,19.83303,15.28117,-10.52784,13.41036,
638524921726995987,196551,2.037512,-16.94795,15.05474,-30.62062,12.90983,19.78558,15.2271,-10.49059,13.36292,
638524921727104007,196562,2.035045,-16.92743,15.03651,-30.5924,12.89794,19.76735,15.20633,-10.47628,13.34469,
638524921727214007,196574,2.030493,-16.88957,15.00288,-30.54035,12.87599,19.73372,15.168,-10.44988,13.31105,
638524921727334009,196585,2.02598,-16.85203,14.96953,-30.48875,12.85424,19.70038,15.13001,-10.4237,13.27771,
638524921727444002,196596,2.021439,-16.81425,14.93598,-30.43682,12.83234,19.66682,15.09177,-10.39736,13.24415,
638524921727554003,196607,2.016976,-16.77713,14.903,-30.38578,12.81083,19.63384,15.0542,-10.37147,13.21118,
638524921727664143,196618,2.012464,-16.7396,14.86966,-30.33419,12.78907,19.6005,15.0162,-10.3453,13.17784,
638524921727774140,196629,2.007787,-16.7007,14.83511,-30.28071,12.76653,19.56595,14.97683,-10.31817,13.14329,
638524921727884133,196640,2.003404,-16.66424,14.80272,-30.23059,12.74539,19.53356,14.93992,-10.29275,13.1109,
638524921727994131,196651,1.998935,-16.62707,14.7697,-30.17949,12.72385,19.50054,14.9023,-10.26683,13.07788,
638524921728104134,196662,1.994421,-16.58952,14.73635,-30.12787,12.70209,19.46719,14.8643,-10.24064,13.04453,
638524921728214133,196673,1.989893,-16.55186,14.70289,-30.07609,12.68026,19.43373,14.82617,-10.21438,13.01107,
638524921728334134,196685,1.985427,-16.51471,14.6699,-30.02503,12.65873,19.40074,14.78857,-10.18847,12.97807,
638524921728494132,196701,1.980835,-16.47651,14.63597,-29.97252,12.63659,19.36681,14.74991,-10.16184,12.94415,
638524921728554144,196707,1.974032,-16.41993,14.5857,-29.89473,12.60379,19.31654,14.69263,-10.12238,12.89388,
638524921728654236,196717,1.971748,-16.40092,14.56882,-29.8686,12.59277,19.29966,14.6734,-10.10912,12.877,
638524921728764233,196728,1.967799,-16.36808,14.53965,-29.82345,12.57374,19.27049,14.64015,-10.08622,12.84782,
638524921728874227,196739,1.96326,-16.33033,14.50611,-29.77155,12.55186,19.23695,14.60194,-10.05989,12.81429,
638524921728984239,196750,1.958772,-16.29299,14.47294,-29.72022,12.53022,19.20378,14.56415,-10.03385,12.78112,
638524921729094239,196762,1.954243,-16.25532,14.43948,-29.66843,12.50838,19.17032,14.52601,-10.00758,12.74766,
638524921729204238,196772,1.949663,-16.21722,14.40564,-29.61606,12.4863,19.13648,14.48745,-9.981018,12.71382,
638524921729314230,196784,1.945241,-16.18044,14.37297,-29.56549,12.46498,19.10381,14.45022,-9.955367,12.68114,
638524921729434236,196795,1.940732,-16.14294,14.33965,-29.51394,12.44325,19.0705,14.41226,-9.929216,12.64783,
638524921729544238,196806,1.936159,-16.1049,14.30586,-29.46165,12.4212,19.03671,14.37376,-9.902689,12.61404,
638524921729654332,196817,1.931697,-16.06778,14.27289,-29.41061,12.39969,19.00373,14.33619,-9.876802,12.58107,
638524921729764332,196828,1.927193,-16.03032,14.23961,-29.35911,12.37797,18.97046,14.29827,-9.850678,12.54779,
638524921729874335,196839,1.922679,-15.99277,14.20626,-29.30749,12.35621,18.9371,14.26026,-9.824493,12.51444,
638524921730024341,196854,1.918136,-15.95499,14.1727,-29.25555,12.33431,18.90354,14.22202,-9.798146,12.48088,
638524921730094341,196861,32.2606,-5.973064,20,-29.18473,12.30446,18.85778,14.16987,-9.762222,12.43511,
638524921730204334,196872,32.22784,-5.967,19.97969,-29.15331,12.29121,18.83747,14.14673,-9.746281,12.41481,
638524921730314334,196883,32.17361,-5.956958,19.94607,-29.10127,12.26927,18.80385,14.10842,-9.719885,12.38119,
638524921730434341,196895,32.11996,-5.947025,19.91281,-29.0498,12.24757,18.77059,14.07052,-9.693775,12.34793,
638524921730544336,196906,32.0658,-5.936996,19.87923,-28.99783,12.22566,18.73701,14.03226,-9.667414,12.31435,
638524921730654436,196917,32.01209,-5.927052,19.84594,-28.9463,12.20393,18.70372,13.99432,-9.641274,12.28105,
638524921730764444,196928,31.95877,-5.91718,19.81288,-28.89515,12.18236,18.67066,13.95665,-9.615324,12.248,
638524921730874437,196939,31.90489,-5.907203,19.77948,-28.84345,12.16057,18.63726,13.91858,-9.5891,12.21459,
638524921730984441,196950,31.85107,-5.897239,19.74611,-28.79181,12.1388,18.60389,13.88057,-9.562906,12.18123,
638524921731094440,196961,31.79715,-5.887256,19.71269,-28.74008,12.11699,18.57047,13.84248,-9.536666,12.1478,
638524921731204430,196972,31.74379,-5.877376,19.6796,-28.68888,12.0954,18.53738,13.80478,-9.510694,12.11472,
638524921731314454,196983,31.6902,-5.867454,19.64638,-28.63747,12.07372,18.50416,13.76692,-9.484613,12.0815,
638524921731434441,196995,31.63627,-5.857469,19.61295,-28.58573,12.05191,18.47073,13.72882,-9.458365,12.04806,
638524921731574431,197010,31.58176,-5.847375,19.57915,-28.53342,12.02986,18.43694,13.69032,-9.431834,12.01427,
638524921731644435,197017,31.50981,-5.834054,19.53455,-28.46439,12.00075,18.39233,13.63949,-9.396817,11.96966,
638524921731764443,197028,31.47604,-5.827802,19.51362,-28.43199,11.9871,18.3714,13.61563,-9.380383,11.94873,
638524921731874430,197039,31.42072,-5.817559,19.47932,-28.37891,11.96472,18.3371,13.57655,-9.353458,11.91443,
638524921731984432,197050,31.36753,-5.80771,19.44634,-28.32788,11.9432,18.30412,13.53897,-9.327569,11.88145,
638524921732094433,197062,31.31397,-5.797795,19.41314,-28.2765,11.92154,18.27092,13.50114,-9.301507,11.84825,
638524921732214440,197073,31.2583,-5.787487,19.37863,-28.22308,11.89902,18.23641,13.46181,-9.27441,11.81374,
638524921732324434,197084,31.20391,-5.777416,19.34491,-28.17089,11.87701,18.20269,13.42339,-9.247938,11.78002,
638524921732434450,197095,31.1496,-5.767362,19.31124,-28.11879,11.85505,18.16902,13.38503,-9.221508,11.74635,
638524921732544445,197107,31.09417,-5.757099,19.27688,-28.06561,11.83262,18.13466,13.34587,-9.19453,11.71198,
638524921732664434,197118,31.04005,-5.747079,19.24333,-28.01369,11.81073,18.10111,13.30764,-9.168193,11.67844,
638524921732774439,197129,30.9854,-5.736959,19.20944,-27.96125,11.78863,18.06722,13.26903,-9.141592,11.64455,
638524921732884452,197141,30.93075,-5.726842,19.17557,-27.90882,11.76652,18.03335,13.23043,-9.114997,11.61068,
638524921733004441,197152,30.87605,-5.716714,19.14165,-27.85634,11.74439,17.99944,13.19178,-9.088374,11.57676,
638524921733154438,197167,30.82199,-5.706706,19.10814,-27.80447,11.72253,17.96592,13.15359,-9.062065,11.54325,
638524921733214436,197174,30.7479,-5.692987,19.06221,-27.73338,11.69256,17.91999,13.10125,-9.026004,11.49732,
638524921733334432,197185,30.71584,-5.687051,19.04233,-27.70262,11.67959,17.90011,13.0786,-9.010401,11.47744,
638524921733444432,197196,30.66146,-5.676982,19.00862,-27.65045,11.65759,17.8664,13.04019,-8.983932,11.44373,
638524921733554437,197207,30.60785,-5.667057,18.97539,-27.59901,11.63591,17.83317,13.00232,-8.957843,11.41049,
638524921733664434,197218,30.55343,-5.65698,18.94164,-27.5468,11.61389,17.79943,12.96387,-8.931355,11.37675,
638524921733774431,197229,30.50038,-5.647158,18.90876,-27.4959,11.59243,17.76654,12.9264,-8.905537,11.34387,
638524921733884436,197240,30.44664,-5.637208,18.87544,-27.44434,11.57069,17.73322,12.88843,-8.879381,11.31055,
638524921733994430,197252,30.39282,-5.627243,18.84207,-27.3927,11.54892,17.69985,12.85041,-8.853186,11.27718,
638524921734114432,197263,30.339,-5.617279,18.80871,-27.34106,11.52715,17.66649,12.81239,-8.826994,11.24382,
638524921734224434,197274,30.28494,-5.607269,18.77519,-27.2892,11.50528,17.63297,12.7742,-8.800683,11.2103,
638524921734334437,197285,30.23154,-5.597383,18.74209,-27.23797,11.48368,17.59987,12.73648,-8.774696,11.1772,
638524921734444442,197296,30.17748,-5.587373,18.70857,-27.18609,11.46181,17.56635,12.69829,-8.748383,11.14368,
638524921734554433,197307,30.12407,-5.577484,18.67546,-27.13485,11.44021,17.53324,12.66056,-8.722389,11.11057,
638524921734704440,197322,30.07018,-5.567506,18.64205,-27.08315,11.41841,17.49983,12.62249,-8.696161,11.07716,
638524921734774436,197329,29.99657,-5.553878,18.59642,-27.01252,11.38863,17.4542,12.57049,-8.660336,11.03153,
638524921734884452,197340,29.96327,-5.547713,18.57578,-26.98057,11.37516,17.43356,12.54696,-8.644131,11.01089,
638524921734994432,197352,29.90878,-5.537623,18.54199,-26.92829,11.35312,17.39977,12.50847,-8.617609,10.9771,
638524921735114442,197363,29.85493,-5.527653,18.50861,-26.87662,11.33134,17.36639,12.47043,-8.5914,10.94372,
638524921735224429,197374,29.80037,-5.517552,18.47479,-26.82428,11.30927,17.33257,12.43188,-8.564848,10.90989,
638524921735334437,197385,29.74795,-5.507846,18.44229,-26.77398,11.28806,17.30007,12.39485,-8.539335,10.8774,
638524921735444442,197396,29.69405,-5.497866,18.40887,-26.72227,11.26626,17.26665,12.35678,-8.513102,10.84398,
638524921735554437,197407,29.63974,-5.48781,18.3752,-26.67016,11.24429,17.23298,12.31841,-8.486669,10.81031,
638524921735664558,197418,29.58652,-5.477956,18.34221,-26.61909,11.22276,17.19999,12.28081,-8.460765,10.77731,
638524921735774570,197429,29.53302,-5.468051,18.30904,-26.56777,11.20112,17.16682,12.24302,-8.43473,10.74415,
638524921735884576,197440,29.47875,-5.458002,18.2754,-26.51569,11.17917,17.13318,12.20468,-8.408314,10.7105,
638524921735994568,197452,29.4252,-5.448088,18.2422,-26.46432,11.15751,17.09998,12.16685,-8.382253,10.67731,
638524921736104556,197463,29.37131,-5.438109,18.20879,-26.41261,11.13571,17.06657,12.12878,-8.356024,10.6439,
638524921736264570,197478,29.31774,-5.428191,18.17558,-26.36121,11.11404,17.03336,12.09093,-8.32995,10.61068,
638524921736324566,197485,29.24422,-5.414578,18.13,-26.29067,11.0843,16.98778,12.03899,-8.294168,10.5651,
638524921736444565,197496,29.21101,-5.408429,18.10941,-26.25881,11.07086,16.96719,12.01553,-8.278005,10.54451,
638524921736554568,197507,29.15676,-5.398385,18.07578,-26.20676,11.04892,16.93356,11.97721,-8.251601,10.51088,
638524921736664661,197518,29.10317,-5.388463,18.04255,-26.15534,11.02724,16.90033,11.93935,-8.22552,10.47766,
638524921736774656,197529,29.04942,-5.378511,18.00923,-26.10377,11.0055,16.86701,11.90138,-8.19936,10.44434,
638524921736884657,197540,28.99467,-5.368375,17.97529,-26.05124,10.98335,16.83307,11.8627,-8.172716,10.4104,
638524921736994659,197552,28.94108,-5.358452,17.94206,-25.99982,10.96167,16.79984,11.82484,-8.146632,10.37717,
638524921737114660,197563,28.88724,-5.348484,17.90869,-25.94817,10.93989,16.76647,11.78681,-8.120429,10.34379,
638524921737224663,197574,28.83262,-5.338372,17.87483,-25.89577,10.9178,16.73261,11.74823,-8.093849,10.30994,
638524921737334662,197585,28.77961,-5.328557,17.84196,-25.84491,10.89636,16.69975,11.71078,-8.068049,10.27707,
638524921737444661,197596,28.726,-5.31863,17.80873,-25.79347,10.87467,16.66651,11.6729,-8.041955,10.24383,
638524921737554659,197607,28.67194,-5.308622,17.77521,-25.7416,10.85281,16.63299,11.63472,-8.015646,10.21032,
638524921737664764,197618,28.61883,-5.298788,17.74228,-25.69064,10.83132,16.60007,11.59719,-7.989795,10.17739,
638524921737834771,197635,28.56485,-5.288794,17.70882,-25.63885,10.80948,16.5666,11.55906,-7.963524,10.14393,
638524921737894796,197641,28.48188,-5.273431,17.65738,-25.55924,10.77592,16.51517,11.50045,-7.923141,10.09249,
638524921737974773,197649,28.45217,-5.267931,17.63897,-25.53074,10.7639,16.49675,11.47946,-7.908682,10.07407,
638524921738094772,197661,28.41308,-5.260694,17.61473,-25.49324,10.74809,16.47252,11.45185,-7.88966,10.04984,
638524921738204771,197672,28.35869,-5.250623,17.58101,-25.44105,10.72609,16.4388,11.41343,-7.863188,10.01612,
638524921738314765,197683,28.30502,-5.240687,17.54774,-25.38956,10.70438,16.40553,11.37551,-7.837069,9.982849,
638524921738424769,197694,28.25146,-5.23077,17.51454,-25.33817,10.68272,16.37232,11.33768,-7.811,9.949643,
638524921738534768,197705,28.19758,-5.220793,17.48113,-25.28647,10.66092,16.33891,11.29961,-7.784775,9.916237,
638524921738644872,197716,28.14398,-5.21087,17.44791,-25.23505,10.63924,16.30569,11.26175,-7.758692,9.883012,
638524921738754861,197727,28.09046,-5.20096,17.41473,-25.1837,10.61759,16.27251,11.22394,-7.732643,9.849832,
638524921738864862,197738,28.0358,-5.190839,17.38084,-25.13126,10.59548,16.23862,11.18533,-7.706039,9.815944,
638524921738974864,197750,27.98266,-5.181,17.34789,-25.08027,10.57398,16.20567,11.14778,-7.680175,9.782997,
638524921739094866,197761,27.9286,-5.170991,17.31438,-25.0284,10.55212,16.17216,11.1096,-7.653866,9.749485,
638524921739204863,197772,27.87412,-5.160904,17.28061,-24.97613,10.53008,16.13839,11.07111,-7.62735,9.715709,
638524921739354870,197787,27.82047,-5.15097,17.24734,-24.92465,10.50838,16.10512,11.03321,-7.601236,9.682446,
638524921739424870,197794,27.74558,-5.137105,17.20092,-24.8528,10.47808,16.0587,20.96814,-29.71328,20,
638524921739534870,197805,27.71451,-5.131352,17.18166,-24.82299,10.46552,16.03944,20.94795,-29.68467,19.98074,
638524921739644978,197816,27.65983,-5.121229,17.14776,-24.77053,10.4434,16.00554,20.91241,-29.6343,19.94684,
638524921739754985,197827,27.6065,-5.111354,17.1147,-24.71936,10.42182,15.97248,20.87774,-29.58518,19.91378,
638524921739865005,197838,27.55238,-5.101334,17.08115,-24.66744,10.39993,15.93893,20.84257,-29.53534,19.88023,
638524921739974982,197850,27.49874,-5.091402,17.04789,-24.61597,10.37823,15.90567,20.8077,-29.48593,19.84697,
638524921740089879,197861,27.44487,-5.081428,17.01449,-24.56429,10.35644,15.87227,20.77269,-29.43631,19.81358,
638524921740199869,197872,27.39051,-5.071364,16.98079,-24.51214,10.33445,15.83858,20.73736,-29.38625,19.77988,
638524921740309868,197883,27.33785,-5.061613,16.94815,-24.46161,10.31315,15.80593,20.70313,-29.33775,19.74723,
638524921740429874,197894,27.28359,-5.051568,16.91451,-24.40955,10.2912,15.77229,20.66787,-29.28777,19.71359,
638524921740529864,197905,27.22938,-5.04153,16.8809,-24.35754,10.26927,15.73868,20.63263,-29.23784,19.67998,
638524921740645296,197916,27.17609,-5.031663,16.84786,-24.30641,10.24772,15.70564,20.59799,-29.18876,19.64695,
638524921740765303,197928,27.12259,-5.021758,16.8147,-24.25508,10.22608,15.67248,20.56322,-29.13948,19.61378,
638524921740915298,197943,27.06666,-5.011404,16.78003,-24.20142,10.20345,15.6378,20.52687,-29.08797,19.57911,
638524921740975298,197950,26.99203,-4.997585,16.73376,-24.12981,10.17326,15.59153,20.47836,-29.01923,19.53284,
638524921741085299,197961,26.96093,-4.991827,16.71448,-24.09997,10.16069,15.57226,20.45815,-28.99059,19.51356,
638524921741195297,197972,26.90722,-4.981884,16.68118,-24.04844,10.13896,15.53896,20.42324,-28.94113,19.48026,
638524921741305311,197983,26.85393,-4.972016,16.64814,-23.99731,10.1174,15.50592,20.38861,-28.89204,19.44723,
638524921741425298,197994,26.80051,-4.962126,16.61503,-23.94606,10.0958,15.47281,20.35389,-28.84284,19.41411,
638524921741535300,198006,26.74517,-4.95188,16.58072,-23.89296,10.07341,15.4385,20.31791,-28.79187,19.3798,
638524921741655300,198017,26.68968,-4.941606,16.54631,-23.83972,10.05096,15.40409,20.28185,-28.74076,19.3454,
638524921741765304,198028,26.63593,-4.931653,16.51299,-23.78815,10.02922,15.37077,20.24691,-28.69125,19.31207,
638524921741875294,198039,26.58114,-4.92151,16.47903,-23.73559,10.00706,15.33681,20.2113,-28.64079,19.27811,
638524921741985296,198051,26.52637,-4.911368,16.44507,-23.68303,9.9849,15.30285,20.1757,-28.59034,19.24415,
638524921742105303,198062,26.4721,-4.90132,16.41142,-23.63097,9.962949,15.26921,20.14043,-28.54036,19.21051,
638524921742215296,198073,26.41798,-4.8913,16.37787,-23.57904,9.941057,15.23565,20.10525,-28.49051,19.17696,
638524921742325298,198084,26.36456,-4.881409,16.34476,-23.52779,9.919447,15.20253,20.07053,-28.44131,19.14384,
638524921742475315,198099,26.3104,-4.871381,16.31118,-23.47582,9.897539,15.16896,20.03533,-28.39143,19.11026,
638524921742545306,198106,26.23597,-4.8576,16.26504,-23.40441,9.867432,15.12281,19.98695,-28.32287,19.06412,
638524921742655437,198117,26.20414,-4.851708,16.24531,-23.37387,9.854558,15.10308,19.96627,-28.29356,19.04439,
638524921742765423,198128,26.14923,-4.84154,16.21126,-23.32118,9.832343,15.06904,19.93057,-28.24298,19.01035,
638524921742875429,198140,26.09592,-4.831671,16.17822,-23.27004,9.810781,15.03599,19.89593,-28.19388,18.9773,
638524921743015449,198154,26.04186,-4.821661,16.1447,-23.21817,9.788912,15.00247,19.86079,-28.14409,18.94378,
638524921743125441,198165,25.97448,-4.809186,16.10293,-23.15353,9.761659,14.96071,19.817,-28.08203,18.90201,
638524921743245442,198176,25.92018,-4.799131,16.06926,-23.10143,9.739692,14.92704,19.7817,-28.03201,18.86835,
638524921743425436,198194,25.86589,-4.789079,16.03561,-23.04934,9.717731,14.89338,19.74641,-27.98201,18.83469,
638524921743495438,198201,25.77869,-4.772935,15.98155,-22.96568,9.68246,14.83932,19.68974,-27.9017,18.78063,
638524921743555452,198208,25.7427,-4.766271,15.95924,-22.93114,9.667901,14.81701,19.66634,-27.86855,18.75832,
638524921743644449,198216,25.71284,-4.760742,15.94072,-22.90249,9.655821,14.7985,19.64693,-27.84105,18.73981,
638524921743754441,198227,25.67296,-4.753359,15.916,-22.86423,9.639691,14.77378,19.62102,-27.80432,18.71509,
638524921743864441,198238,25.61908,-4.743382,15.8826,-22.81253,9.617895,14.74037,19.58599,-27.75469,18.68168,
638524921744015680,198254,25.56496,-4.733362,15.84904,-22.76061,9.596003,14.70682,19.55082,-27.70484,18.64813,
638524921744085533,198260,25.48957,-4.719404,15.80231,-22.68828,9.565508,14.66008,19.50182,-27.63541,18.60139,
638524921744195521,198271,25.45785,-4.713531,15.78265,-22.65785,9.552677,14.64042,19.4812,-27.6062,18.58173,
638524921744305523,198282,25.40388,-4.703538,15.74919,-22.60607,9.530846,14.60696,19.44612,-27.55649,18.54827,
638524921744415524,198294,25.3501,-4.693581,15.71584,-22.55446,9.509089,14.57362,19.41117,-27.50695,18.51493,
638524921744525524,198305,25.29566,-4.683502,15.6821,-22.50224,9.48707,14.53987,19.37579,-27.45682,18.48118,
638524921744645634,198316,25.24267,-4.67369,15.64924,-22.45139,9.465635,14.50702,19.34134,-27.40801,18.44833,
638524921744755632,198327,25.18896,-4.663746,15.61595,-22.39986,9.44391,14.47372,19.30644,-27.35854,18.41503,
638524921744865634,198338,25.13493,-4.653741,15.58245,-22.34802,9.422052,14.44022,19.27132,-27.30877,18.38153,
638524921744975634,198349,25.08078,-4.643715,15.54888,-22.29606,9.400147,14.40665,19.23612,-27.2589,18.34796,
638524921745089908,198361,25.02757,-4.633863,15.51589,-22.24501,9.378623,14.37366,19.20154,-27.20989,18.31497,
638524921745199903,198371,24.97278,-4.62372,15.48193,-22.19245,9.356462,14.3397,19.16593,-27.15943,18.28101,
638524921745309900,198382,24.92012,-4.613969,15.44928,-22.14192,9.335159,14.30705,19.1317,-27.11092,18.24836,
638524921745419904,198394,24.86668,-4.604076,15.41615,-22.09065,9.313544,14.27392,19.09697,-27.06171,18.21523,
638524921745569917,198409,24.81238,-4.594021,15.38248,-22.03855,9.291577,14.24026,19.06167,-27.01169,18.18157,
638524921745640026,198416,24.73794,-4.580239,15.33634,-21.96712,9.261465,14.19411,19.01329,-26.94313,18.13542,
638524921745750023,198427,24.7054,-4.574214,15.31616,-21.9359,9.248301,14.17393,18.99214,-26.91315,18.11524,
638524921745860024,198438,24.6512,-4.564179,15.28256,-21.88391,9.226379,14.14034,18.95691,-26.86324,18.08164,
638524921745970027,198449,24.59772,-4.554276,15.2494,-21.83259,9.204744,14.10718,18.92215,-26.81398,18.04849,
638524921746090026,198460,24.54368,-4.544271,15.2159,-21.78074,9.182886,14.07368,18.88703,-26.76421,18.01499,
638524921746199956,198471,24.49004,-4.534339,15.18265,-21.72928,9.161186,14.04042,18.85216,-26.7148,17.98173,
638524921746309962,198482,24.43636,-4.524401,15.14937,-21.67777,9.139473,14.00714,18.81727,-26.66536,17.94845,
638524921746419968,198494,24.38265,-4.514457,15.11607,-21.62625,9.117748,13.97385,18.78237,-26.6159,17.91516,
638524921746529959,198505,24.32892,-4.504509,15.08276,-21.5747,9.096015,13.94054,18.74744,-26.56641,17.88185,
638524921746645637,198516,24.27506,-4.494537,15.04937,-21.52302,9.074228,13.90715,18.71244,-26.5168,17.84846,
638524921746755645,198527,24.22147,-4.484614,15.01615,-21.4716,9.05255,13.87393,18.6776,-26.46744,17.81524,
638524921746865636,198538,-0.4992561,-23.85751,20,-21.41916,9.03044,13.84004,18.64208,-26.4171,17.78135,
638524921746975635,198549,-0.4984415,-23.81858,19.96737,-21.36866,9.009148,13.80741,18.60787,-26.36862,17.74872,
638524921747125651,198565,-0.4976005,-23.77839,19.93367,-21.31651,8.987164,13.77371,18.57254,-26.31856,17.71502,
638524921747195635,198572,-0.4964465,-23.72324,19.88745,-21.24497,8.957001,13.72749,18.52408,-26.24988,17.66879,
638524921747315641,198583,-0.4959204,-23.6981,19.86637,-21.21235,8.94325,13.70641,18.50198,-26.21857,17.64772,
638524921747425639,198594,-0.4950628,-23.65712,19.83202,-21.15919,8.920835,13.67206,18.46597,-26.16753,17.61337,
638524921747535639,198606,-0.4942147,-23.61659,19.79804,-21.1066,8.898664,13.63808,18.43034,-26.11705,17.57939,
638524921747655648,198617,-0.4933602,-23.57576,19.76381,-21.05363,8.87633,13.60385,18.39445,-26.0662,17.54516,
638524921747765641,198628,-0.4925244,-23.53582,19.73033,-21.00181,8.854484,13.57037,18.35935,-26.01646,17.51168,
638524921747875658,198640,-0.4916696,-23.49498,19.69609,-20.94882,8.832142,13.53613,18.32345,-25.96559,17.47744,
638524921747995639,198651,-0.4908227,-23.45451,19.66216,-20.89631,8.810005,13.5022,18.28788,-25.91518,17.44351,
638524921748105644,198662,-0.4899802,-23.41425,19.62841,-20.84408,8.787985,13.46845,18.2525,-25.86504,17.40976,
638524921748215640,198673,-0.4891333,-23.37378,19.59448,-20.79158,8.765847,13.43452,18.21693,-25.81464,17.37583,
638524921748325649,198685,-0.4883001,-23.33397,19.56111,-20.73993,8.744071,13.40115,18.18194,-25.76505,17.34246,
638524921748435636,198695,-0.4874638,-23.294,19.52761,-20.68807,8.722211,13.36765,18.14682,-25.71528,17.30895,
638524921748545641,198706,-0.4866453,-23.25489,19.49482,-20.63733,8.700816,13.33486,18.11244,-25.66657,17.27617,
638524921748705642,198722,-0.4858177,-23.21534,19.46166,-20.58602,8.679185,13.3017,18.07768,-25.61731,17.24301,
638524921748765647,198729,-0.4846655,-23.16028,19.41551,-20.51459,8.649068,13.25555,18.02929,-25.54874,17.19686,
638524921748875636,198740,-0.4841629,-23.13626,19.39537,-20.48343,8.635931,13.23541,18.00818,-25.51883,17.17672,
638524921748995639,198751,-0.4833263,-23.09628,19.36186,-20.43156,8.614062,13.2019,17.97305,-25.46903,17.14321,
638524921749105639,198762,-0.4824973,-23.05667,19.32865,-20.38017,8.592396,13.16869,17.93823,-25.4197,17.11,
638524921749215639,198773,-0.4816673,-23.01701,19.2954,-20.32871,8.570701,13.13544,17.90338,-25.3703,17.07675,
638524921749325640,198784,-0.4808383,-22.9774,19.26219,-20.27732,8.54903,13.10223,17.86856,-25.32096,17.04354,
638524921749435644,198795,-0.4799907,-22.93689,19.22824,-20.22476,8.526875,13.06828,17.83296,-25.27052,17.00958,
638524921749545640,198806,-0.479169,-22.89762,19.19532,-20.17382,8.505398,13.03536,17.79845,-25.22161,16.97667,
638524921749655635,198817,-0.4783398,-22.858,19.1621,-20.12241,8.483723,13.00214,17.76362,-25.17226,16.94345,
638524921749765650,198829,-0.4775122,-22.81845,19.12895,-20.07111,8.462092,12.96899,17.72886,-25.12301,16.9103,
638524921749875644,198840,-0.4766735,-22.77837,19.09535,-20.01911,8.440167,12.93539,17.69363,-25.07309,16.8767,
638524921749995647,198851,-0.4758417,-22.73862,19.06203,-19.96754,8.418427,12.90207,17.6587,-25.02359,16.84338,
638524921750105643,198862,-0.4749939,-22.69811,19.02806,-19.91498,8.396266,12.8681,17.62309,-24.97313,16.80941,
638524921750255639,198878,-0.4741734,-22.6589,18.9952,-19.86411,8.37482,12.83524,17.58863,-24.9243,16.77654,
638524921750325648,198884,-0.4729898,-22.60234,18.94778,-19.79073,8.343883,12.78782,17.53892,-24.85386,16.72913,
638524921750435639,198895,-0.4725266,-22.58021,18.92923,-19.76201,8.331775,12.76927,17.51947,-24.82629,16.71058,
638524921750535636,198906,-0.4717147,-22.54141,18.8967,-19.71168,8.310554,12.73674,17.48537,-24.77797,16.67805,
638524921750655638,198917,-0.4708935,-22.50217,18.8638,-19.66076,8.289088,12.70385,17.45088,-24.7291,16.64515,
638524921750765634,198928,-0.4700575,-22.46222,18.83031,-19.60893,8.267238,12.67036,17.41577,-24.67934,16.61166,
638524921750875643,198939,-0.4692212,-22.42226,18.79681,-19.55709,8.245378,12.63686,17.38065,-24.62957,16.57816,
638524921750985649,198950,-0.4683897,-22.38252,18.7635,-19.50554,8.223644,12.60355,17.34573,-24.58009,16.54485,
638524921751095639,198961,-0.4675505,-22.34242,18.72989,-19.45351,8.201709,12.56993,17.31048,-24.53014,16.51123,
638524921751205648,198972,-0.4667313,-22.30327,18.69707,-19.40272,8.180295,12.53711,17.27608,-24.48138,16.47842,
638524921751315644,198984,-0.4658929,-22.26321,18.66348,-19.35074,8.158379,12.50352,17.24086,-24.43148,16.44483,
638524921751425637,198995,-0.4650677,-22.22378,18.63042,-19.29958,8.136809,12.47046,17.20621,-24.38237,16.41177,
638524921751535643,199006,-0.4642354,-22.18401,18.59708,-19.24798,8.115056,12.43713,17.17125,-24.33284,16.37843,
638524921751655638,199017,-0.4634025,-22.14421,18.56372,-19.19635,8.093286,12.40376,17.13627,-24.28327,16.34507,
638524921751815635,199033,-0.4625649,-22.10418,18.53016,-19.14441,8.071391,12.37021,17.10109,-24.23342,16.31151,
638524921751865635,199039,-0.4613668,-22.04692,18.48217,-19.07014,8.040074,12.32221,17.05077,-24.16212,16.26352,
638524921751985645,199050,-0.4609297,-22.02604,18.46465,-19.04303,8.028648,12.3047,17.03242,-24.1361,16.246,
638524921752095635,199061,-0.4600854,-21.98569,18.43083,-18.99069,8.00658,12.27088,16.99696,-24.08585,16.21218,
638524921752205645,199072,-0.4592617,-21.94633,18.39784,-18.93963,7.985052,12.23788,16.96236,-24.03683,16.17919,
638524921752315644,199083,-0.4584302,-21.9066,18.36453,-18.88808,7.963318,12.20457,16.92744,-23.98735,16.14588,
638524921752425651,199094,-0.457593,-21.86659,18.33099,-18.83617,7.941434,12.17103,16.89228,-23.93752,16.11234,
638524921752535642,199106,-0.456762,-21.82688,18.2977,-18.78465,7.919714,12.13774,16.85738,-23.88807,16.07905,
638524921752645648,199117,-0.4559217,-21.78673,18.26404,-18.73256,7.897749,12.10408,16.82209,-23.83805,16.04539,
638524921752765645,199128,-0.4550999,-21.74745,18.23112,-18.6816,7.876267,12.07116,16.78757,-23.78914,16.01247,
638524921752875634,199139,-0.4542629,-21.70746,18.19759,-18.62971,7.854391,12.03763,16.75242,-23.73933,15.97894,
638524921752985641,199150,-0.4534314,-21.66772,18.16428,-18.57816,7.832656,12.00432,16.7175,-23.68984,15.94563,
638524921753095638,199161,-0.4526091,-21.62843,18.13134,-18.52719,7.811163,11.97138,16.68296,-23.6409,15.91269,
638524921753205637,199172,-0.4517664,-21.58816,18.09759,-18.47494,7.789137,11.93762,16.64757,-23.59075,15.87893,
638524921753355641,199187,-0.4509399,-21.54866,18.06447,-18.4237,7.767532,11.90451,16.61286,-23.54156,15.84582,
638524921753425637,199194,-0.4498018,-21.49428,18.01888,-18.35314,7.737785,11.85892,16.56506,-23.47383,15.80023,
638524921753535641,199206,-0.4492802,-21.46935,17.99799,-18.3208,7.724151,11.83803,16.54315,-23.44278,15.77934,
638524921753655649,199217,-0.4484452,-21.42945,17.96454,-18.26903,7.702325,11.80457,16.50808,-23.39309,15.74588,
638524921753755641,199228,-0.4476039,-21.38925,17.93084,-18.21688,7.680337,11.77088,16.47275,-23.34302,15.71219,
638524921753875645,199239,-0.4467838,-21.35006,17.89798,-18.16603,7.658899,11.73802,16.43831,-23.29421,15.67933,
638524921753985641,199250,-0.4459495,-21.31019,17.86456,-18.11431,7.637094,11.7046,16.40327,-23.24456,15.64591,
638524921754095641,199261,-0.4451202,-21.27056,17.83134,-18.06289,7.615416,11.67138,16.36844,-23.1952,15.61269,
638524921754205634,199272,-0.4442855,-21.23068,17.7979,-18.01114,7.593598,11.63794,16.33338,-23.14552,15.57925,
638524921754315644,199283,-0.4434527,-21.19088,17.76455,-17.95952,7.571832,11.60458,16.29841,-23.09596,15.54589,
638524921754425642,199294,-0.4426268,-21.15141,17.73146,-17.90831,7.550244,11.5715,16.26372,-23.04681,15.51281,
638524921754535636,199305,-0.4417905,-21.11145,17.69796,-17.85646,7.528384,11.53799,16.2286,-22.99703,15.4793,
638524921754645639,199317,-0.4409644,-21.07197,17.66486,-17.80525,7.50679,11.5049,16.1939,-22.94787,15.44621,
638524921754765650,199328,-0.4401314,-21.03217,17.63149,-17.7536,7.485017,11.47153,16.15892,-22.89829,15.41284,
638524921754925644,199344,-0.439288,-20.99187,17.59771,-17.70132,7.462974,11.43775,16.1235,-22.8481,15.37906,
