time(100ns),time_stamp(ms),object1.x,object1.y,object1.z,object2.x,object2.y,object2.z,object3.x,object3.y,object3.z,
638524908554680147,324421,-17.98634,3.062134,20,-33.68398,-34.63966,20,-7.120099,-34.54599,20,
638524908554730150,324426,-17.93996,3.054238,19.94843,-33.59712,-34.55033,19.94843,-7.10174,-34.45691,19.94843,
638524908554800160,324433,-17.92611,3.051881,19.93303,-33.57119,-34.52367,19.93303,-7.096259,-34.43032,19.93303,
638524908554910173,324444,-17.9071,3.048644,19.91189,-33.53558,-34.48706,19.91189,-7.088733,-34.39381,19.91189,
638524908555020139,324456,-17.87687,3.043499,19.87828,-33.47898,-34.42884,19.87828,-7.076768,-34.33575,19.87828,
638524908555140144,324467,-17.84699,3.038411,19.84506,-33.42302,-34.3713,19.84506,-7.064939,-34.27836,19.84506,
638524908555250139,324478,-17.81633,3.033191,19.81096,-33.36559,-34.31224,19.81096,-7.0528,-34.21947,19.81096,
638524908555360184,324489,-17.78706,3.028208,19.77842,-33.31078,-34.25587,19.77842,-7.041214,-34.16325,19.77842,
638524908555470140,324500,-17.75706,3.023101,19.74506,-33.2546,-34.1981,19.74506,-7.02934,-34.10564,19.74506,
638524908555580152,324511,-17.72684,3.017955,19.71145,-33.19799,-34.13989,19.71145,-7.017375,-34.04758,19.71145,
638524908555690151,324522,-17.69719,3.012908,19.67849,-33.14248,-34.0828,19.67849,-7.005639,-33.99065,19.67849,
638524908555800147,324533,-17.66646,3.007677,19.64432,-33.08493,-34.02362,19.64432,-6.993475,-33.93163,19.64432,
638524908555910162,324544,-17.63742,3.002733,19.61203,-33.03054,-33.96769,19.61203,-6.981978,-33.87585,19.61203,
638524908556020142,324555,-17.60744,2.997629,19.57869,-32.9744,-33.90995,19.57869,-6.970111,-33.81827,19.57869,
638524908556140150,324567,-17.57734,2.992504,19.54522,-32.91803,-33.85199,19.54522,-6.958196,-33.76046,19.54522,
638524908556250145,324578,-17.54702,2.987342,19.51151,-32.86125,-33.79359,19.51151,-6.946193,-33.70222,19.51151,
638524908556360162,324589,-17.51733,2.982287,19.47849,-32.80564,-33.7364,19.47849,-6.934438,-33.64519,19.47849,
638524908556470147,324600,-17.4876,2.977226,19.44544,-32.74997,-33.67916,19.44544,-6.922671,-33.5881,19.44544,
638524908556580139,324611,-17.45743,2.972089,19.41189,-32.69347,-33.62105,19.41189,-6.910727,-33.53014,19.41189,
638524908556690146,324622,-17.42743,2.966981,19.37853,-32.63728,-33.56327,19.37853,-6.89885,-33.47252,19.37853,
638524908556800148,324633,-17.39786,2.961947,19.34564,-32.5819,-33.50632,19.34564,-6.887143,-33.41572,19.34564,
638524908556910144,324644,-17.3678,2.95683,19.31222,-32.52561,-33.44843,19.31222,-6.875246,-33.35799,19.31222,
638524908557020149,324655,-17.3377,2.951706,19.27876,-32.46925,-33.39047,19.27876,-6.863331,-33.30018,19.27876,
638524908557130141,324667,-17.30773,2.946603,19.24543,-32.41311,-33.33274,19.24543,-6.851466,-33.24261,19.24543,
638524908557250147,324678,-17.27788,2.941521,19.21224,-32.35722,-33.27526,19.21224,-6.839651,-33.18528,19.21224,
638524908557360159,324689,-17.24756,2.936359,19.17853,-32.30043,-33.21687,19.17853,-6.827648,-33.12705,19.17853,
638524908557470145,324700,-17.21794,2.931317,19.14559,-32.24496,-33.15982,19.14559,-6.815922,-33.07016,19.14559,
638524908557580141,324711,-17.18797,2.926214,19.11226,-32.18884,-33.1021,19.11226,-6.804059,-33.0126,19.11226,
638524908557690153,324722,-17.15781,2.921079,19.07872,-32.13235,-33.04401,19.07872,-6.792118,-32.95466,19.07872,
638524908557800141,324733,-17.12766,2.915946,19.0452,-32.07589,-32.98595,19.0452,-6.780184,-32.89676,19.0452,
638524908557910150,324744,-17.09813,2.910918,19.01236,-32.02057,-32.92906,19.01236,-6.768491,-32.84003,19.01236,
638524908558020143,324755,-17.0682,2.905823,18.97908,-31.96453,-32.87143,18.97908,-6.756643,-32.78254,18.97908,
638524908558130162,324767,-17.03793,2.90067,18.94542,-31.90785,-32.81314,18.94542,-6.744662,-32.72441,18.94542,
638524908558250144,324778,-17.00792,2.895561,18.91205,-31.85164,-32.75534,18.91205,-6.732782,-32.66677,18.91205,
638524908558360148,324789,-16.97766,2.890408,18.8784,-31.79496,-32.69705,18.8784,-6.720801,-32.60864,18.8784,
638524908558480155,324801,-16.94703,2.885194,18.84435,-31.73761,-32.63807,18.84435,-6.708678,-32.54982,18.84435,
638524908558590147,324812,-16.91604,2.879919,18.80989,-31.67958,-32.57839,18.80989,-6.696411,-32.49031,18.80989,
638524908558700159,324823,-16.88595,2.874796,18.77643,-31.62323,-32.52044,18.77643,-6.6845,-32.43251,18.77643,
638524908558810140,324834,-16.85534,2.869584,18.74239,-31.5659,-32.46149,18.74239,-6.672382,-32.37372,18.74239,
638524908558930146,324846,-16.82479,2.864382,18.70841,-31.50868,-32.40264,18.70841,-6.660286,-32.31503,18.70841,
638524908559040148,324857,-16.79429,2.85919,18.6745,-31.45156,-32.34391,18.6745,-6.648213,-32.25645,18.6745,
638524908559150141,324868,-16.76384,2.854007,18.64065,-31.39454,-32.28527,18.64065,-6.63616,-32.19798,18.64065,
638524908559260137,324880,-16.73352,2.848844,18.60693,-31.33776,-32.22688,18.60693,-6.624157,-32.13974,18.60693,
638524908559380151,324891,-16.703,2.843647,18.57299,-31.28059,-32.16809,18.57299,-6.612073,-32.08111,18.57299,
638524908559490131,324902,-16.67239,2.838437,18.53896,-31.22328,-32.10915,18.53896,-6.599958,-32.02233,18.53896,
638524908559600145,324914,-16.64173,2.833218,18.50487,-31.16586,-32.0501,18.50487,-6.587821,-31.96344,18.50487,
638524908559720147,324925,-16.61117,2.828014,18.47088,-31.10862,-31.99124,18.47088,-6.575722,-31.90474,18.47088,
638524908559830137,324936,-16.58048,2.82279,18.43676,-31.05116,-31.93214,18.43676,-6.563575,-31.8458,18.43676,
638524908559940148,324948,-16.55037,2.817663,18.40328,-30.99476,-31.87415,18.40328,-6.551653,-31.78796,18.40328,
638524908560060141,324959,-16.51948,2.812405,18.36893,-30.93692,-31.81467,18.36893,-6.539427,-31.72864,18.36893,
638524908560170137,324970,-16.48924,2.807257,18.33531,-30.88028,-31.75642,18.33531,-6.527456,-31.67056,18.33531,
638524908560280147,324981,-16.45876,2.802066,18.30141,-30.82318,-31.69771,18.30141,-6.515387,-31.612,18.30141,
638524908560390141,324993,-16.42833,2.796885,18.26757,-30.7662,-31.6391,18.26757,-6.50334,-31.55355,18.26757,
638524908560510151,325004,-16.39824,2.791764,18.23412,-30.70986,-31.58117,18.23412,-6.491432,-31.49578,18.23412,
638524908560620146,325015,-16.36731,2.786497,18.19972,-30.65192,-31.52158,18.19972,-6.479185,-31.43635,18.19972,
638524908560730142,325026,-16.3378,2.781474,18.16691,-30.59667,-31.46477,18.16691,-6.467505,-31.37969,18.16691,
638524908560840143,325037,-16.30834,2.776458,18.13415,-30.54149,-31.40802,18.13415,-6.455841,-31.32309,18.13415,
638524908560950152,325048,-16.27837,2.771355,18.10082,-30.48536,-31.3503,18.10082,-6.443977,-31.26553,18.10082,
638524908561060141,325059,-16.24826,2.766229,18.06734,-30.42898,-31.29231,18.06734,-6.432058,-31.2077,18.06734,
638524908561180155,325071,-16.21836,2.761139,18.03409,-30.37298,-31.23473,18.03409,-6.420222,-31.15027,18.03409,
638524908561280155,325081,-16.18733,2.755856,17.99959,-30.31487,-31.17497,17.99959,-6.407939,-31.09067,17.99959,
638524908561390154,325093,-16.15837,2.750925,17.96738,-30.26063,-31.11919,17.96738,-6.396473,-31.03504,17.96738,
638524908561510145,325104,-16.12837,2.745819,17.93403,-30.20446,-31.06143,17.93403,-6.3846,-30.97744,17.93403,
638524908561620143,325115,32.96899,19.64246,20,-30.14753,-31.00288,17.90023,-6.372565,-30.91904,17.90023,
638524908561730155,325126,32.9146,19.61006,19.96701,-30.09196,-30.94574,17.86724,-6.36082,-30.86206,17.86724,
638524908561840151,325137,32.86054,19.57785,19.93421,-30.03672,-30.88893,17.83444,-6.349144,-30.80541,17.83444,
638524908561960152,325149,32.80405,19.5442,19.89995,-29.97902,-30.82959,17.80017,-6.336946,-30.74622,17.80017,
638524908562060134,325159,32.7476,19.51056,19.8657,-29.92134,-30.77027,17.76592,-6.324753,-30.68707,17.76592,
638524908562170137,325170,32.69554,19.47955,19.83412,-29.86815,-30.71558,17.73435,-6.313511,-30.63252,17.73435,
638524908562290148,325182,32.64037,19.44667,19.80065,-29.81178,-30.65761,17.70088,-6.301596,-30.57471,17.70088,
638524908562390143,325192,32.58482,19.41358,19.76695,-29.75503,-30.59924,17.66718,-6.289599,-30.5165,17.66718,
638524908562500150,325204,32.53074,19.38136,19.73415,-29.69978,-30.54243,17.63438,-6.277922,-30.45984,17.63438,
638524908562620152,325215,32.47605,19.34878,19.70097,-29.6439,-30.48497,17.6012,-6.26611,-30.40253,17.6012,
638524908562730151,325226,32.4209,19.31592,19.66751,-29.58755,-30.42702,17.56774,-6.254199,-30.34474,17.56774,
638524908562840145,325237,32.36533,19.28281,19.63381,-29.53078,-30.36864,17.53403,-6.242199,-30.28651,17.53403,
638524908562950141,325248,32.31128,19.2506,19.60101,-29.47555,-30.31184,17.50124,-6.230524,-30.22987,17.50124,
638524908563060137,325259,32.25633,19.21787,19.56768,-29.41941,-30.2541,17.46791,-6.218657,-30.17229,17.46791,
638524908563170140,325270,32.20071,19.18473,19.53394,-29.36259,-30.19567,17.43417,-6.206646,-30.11402,17.43417,
638524908563280146,325281,32.14565,19.15192,19.50053,-29.30633,-30.13781,17.40076,-6.194753,-30.05631,17.40076,
638524908563430140,325296,32.09181,19.11985,19.46788,-29.25133,-30.08125,17.3681,-6.183127,-29.9999,17.3681,
638524908563530144,325307,32.01937,19.07669,19.42393,-29.17731,-30.00514,17.32416,-6.167482,-29.924,17.32416,
638524908563650167,325318,31.96694,19.04545,19.39212,-29.12374,-29.95005,17.29235,-6.156159,-29.86906,17.29235,
638524908563810135,325334,31.91162,19.0125,19.35856,-29.06722,-29.89193,17.25879,-6.144212,-29.81109,17.25879,
638524908563870145,325340,31.82986,18.96379,19.30897,-28.9837,-29.80603,17.2092,-6.126556,-29.72543,17.2092,
638524908563950154,325348,31.80072,18.94642,19.29129,-28.95392,-29.7754,17.19151,-6.120262,-29.69489,17.19151,
638524908564050145,325358,31.76267,18.92375,19.26821,-28.91504,-29.73543,17.16843,-6.112044,-29.65502,17.16843,
638524908564160147,325369,31.71278,18.89403,19.23794,-28.86407,-29.68301,17.13817,-6.101271,-29.60274,17.13817,
638524908564270139,325380,31.65745,18.86106,19.20438,-28.80755,-29.62488,17.10461,-6.089322,-29.54477,17.10461,
638524908564380149,325391,31.60294,18.82859,19.17131,-28.75186,-29.56761,17.07154,-6.077549,-29.48765,17.07154,
638524908564490138,325403,31.54797,18.79584,19.13796,-28.69569,-29.50985,17.03819,-6.065677,-29.43005,17.03819,
638524908564600143,325413,31.4925,18.76279,19.10431,-28.63902,-29.45157,17.00454,-6.053698,-29.37193,17.00454,
638524908564710144,325425,31.43822,18.73045,19.07139,-28.58356,-29.39454,16.97161,-6.041976,-29.31505,16.97161,
638524908564830140,325436,31.38275,18.6974,19.03774,-28.52689,-29.33626,16.93797,-6.029996,-29.25693,16.93797,
638524908564940145,325447,31.32716,18.66428,19.00401,-28.47009,-29.27785,16.90424,-6.017991,-29.19868,16.90424,
638524908565050147,325458,31.27352,18.63232,18.97147,-28.41529,-29.22149,16.8717,-6.006406,-29.14247,16.8717,
638524908565160151,325469,31.21831,18.59943,18.93798,-28.35888,-29.16348,16.83821,-5.994483,-29.08462,16.83821,
638524908565270149,325480,31.16334,18.56668,18.90464,-28.30272,-29.10573,16.80486,-5.982612,-29.02702,16.80486,
638524908565380147,325491,31.10833,18.53391,18.87127,-28.24652,-29.04794,16.77149,-5.970733,-28.96939,16.77149,
638524908565490145,325502,31.05349,18.50124,18.838,-28.19049,-28.99032,16.73823,-5.958889,-28.91192,16.73823,
638524908565600146,325513,30.99869,18.46859,18.80476,-28.1345,-28.93274,16.70498,-5.947054,-28.8545,16.70498,
638524908565710150,325524,30.94325,18.43556,18.77112,-28.07786,-28.87449,16.67135,-5.935081,-28.79641,16.67135,
638524908565820148,325536,30.88854,18.40296,18.73793,-28.02196,-28.817,16.63816,-5.923265,-28.73907,16.63816,
638524908565940147,325547,30.83371,18.37029,18.70467,-27.96594,-28.7594,16.6049,-5.911424,-28.68163,16.6049,
638524908566050148,325558,30.77895,18.33767,18.67145,-27.90999,-28.70186,16.57168,-5.899597,-28.62424,16.57168,
638524908566160154,325569,30.7242,18.30505,18.63824,-27.85405,-28.64433,16.53846,-5.887773,-28.56687,16.53846,
638524908566267184,325580,30.66959,18.27251,18.60511,-27.79826,-28.58696,16.50534,-5.87598,-28.50965,16.50534,
638524908566377191,325591,30.61365,18.23918,18.57117,-27.7411,-28.52818,16.4714,-5.863897,-28.45103,16.4714,
638524908566487187,325602,30.55839,18.20626,18.53765,-27.68464,-28.47012,16.43788,-5.851964,-28.39313,16.43788,
638524908566607184,325613,30.50435,18.17406,18.50487,-27.62943,-28.41335,16.4051,-5.840294,-28.33651,16.4051,
638524908566717179,325625,30.44907,18.14113,18.47134,-27.57295,-28.35526,16.37156,-5.828356,-28.27858,16.37156,
638524908566827176,325636,30.39394,18.10828,18.43789,-27.51662,-28.29734,16.33812,-5.816449,-28.22081,16.33812,
638524908566937186,325647,30.33962,18.07592,18.40494,-27.46113,-28.24027,16.30517,-5.804718,-28.1639,16.30517,
638524908567047297,325658,30.28461,18.04314,18.37157,-27.40492,-28.18247,16.2718,-5.792838,-28.10625,16.2718,
638524908567157288,325669,30.22905,18.01004,18.33787,-27.34816,-28.12409,16.23809,-5.780839,-28.04804,16.23809,
638524908567267294,325680,30.17455,17.97757,18.30481,-27.29247,-28.06683,16.20503,-5.769069,-27.99093,16.20503,
638524908567377297,325691,30.11981,17.94497,18.2716,-27.23656,-28.00932,16.17183,-5.757249,-27.93358,16.17183,
638524908567487293,325702,30.06475,17.91216,18.2382,-27.1803,-27.95147,16.13843,-5.745358,-27.87588,16.13843,
638524908567607289,325713,30.00911,17.87901,18.20445,-27.12345,-27.89301,16.10467,-5.733341,-27.81758,16.10467,
638524908567717290,325725,29.95416,17.84627,18.17111,-27.06731,-27.83528,16.07134,-5.721474,-27.76,16.07134,
638524908567827294,325736,29.89816,17.81291,18.13714,-27.01009,-27.77643,16.03736,-5.709379,-27.70132,16.03736,
638524908567947291,325748,29.8422,17.77957,18.10319,-26.95292,-27.71764,16.00342,-5.697294,-27.64269,16.00342,
638524908568057405,325758,29.78589,17.74602,18.06903,-26.89539,-27.65847,15.96926,-5.685133,-27.58368,15.96926,
638524908568167396,325770,29.73149,17.71361,18.03603,-26.83981,-27.60132,15.93626,-5.673385,-27.52668,15.93626,
638524908568287420,325782,29.67558,17.6803,18.00212,-26.78269,-27.54258,15.90234,-5.66131,-27.4681,15.90234,
638524908568387404,325792,29.61775,17.64584,17.96703,-26.7236,-27.48182,15.86726,-5.648821,-27.4075,15.86726,
638524908568507396,325803,29.5649,17.61436,17.93497,-26.66961,-27.42628,15.8352,-5.637407,-27.35212,15.8352,
638524908568607402,325814,29.51017,17.58175,17.90177,-26.61369,-27.36878,15.802,-5.625587,-27.29477,15.802,
638524908568727399,325825,29.45546,17.54915,17.86858,-26.5578,-27.3113,15.76881,-5.613772,-27.23745,15.76881,
638524908568837399,325837,29.40025,17.51626,17.83509,-26.50139,-27.25329,15.73532,-5.601849,-27.17959,15.73532,
638524908568947406,325848,29.34543,17.4836,17.80184,-26.44538,-27.1957,15.70206,-5.59001,-27.12215,15.70206,
638524908569064099,325859,29.29037,17.4508,17.76844,-26.38913,-27.13785,15.66867,-5.57812,-27.06446,15.66867,
638524908569164094,325870,29.23495,17.41777,17.73481,-26.3325,-27.07961,15.63504,-5.566149,-27.00638,15.63504,
638524908569274098,325881,29.18088,17.38556,17.70201,-26.27726,-27.0228,15.60224,-5.554472,-26.94973,15.60224,
638524908569394097,325892,29.12557,17.35261,17.66846,-26.22075,-26.96469,15.56869,-5.542527,-26.89177,15.56869,
638524908569504109,325903,29.07046,17.31977,17.63503,-26.16444,-26.90679,15.53526,-5.530625,-26.83403,15.53526,
638524908569614097,325914,29.01582,17.28722,17.60188,-26.10862,-26.84938,15.50211,-5.518825,-26.77678,15.50211,
638524908569724098,325926,28.96091,17.25451,17.56857,-26.05252,-26.79169,15.4688,-5.506966,-26.71924,15.4688,
638524908569834098,325936,28.90515,17.22128,17.53474,-25.99555,-26.7331,15.43497,-5.494924,-26.66081,15.43497,
638524908569944094,325948,28.85131,17.18921,17.50208,-25.94054,-26.67653,15.40231,-5.483296,-26.60439,15.40231,
638524908570060193,325959,28.7964,17.1565,17.46878,-25.88444,-26.61885,15.36901,-5.471439,-26.54686,15.36901,
638524908570170190,325970,28.74119,17.1236,17.43528,-25.82803,-26.56084,15.33551,-5.459516,-26.48901,15.33551,
638524908570280207,325981,28.68504,17.09015,17.40122,-25.77066,-26.50184,15.30145,-5.447389,-26.43017,15.30145,
638524908570390195,325992,28.63126,17.05811,17.3686,-25.71572,-26.44534,15.26883,-5.435774,-26.37382,15.26883,
638524908570500203,326003,28.57623,17.02532,17.33522,-25.6595,-26.38752,15.23545,-5.423891,-26.31616,15.23545,
638524908570610321,326014,28.52075,16.99227,17.30156,-25.60281,-26.32923,15.20179,-5.411909,-26.25803,15.20179,
638524908570720307,326025,28.46635,16.95985,17.26856,-25.54723,-26.27207,15.16879,-5.40016,-26.20103,15.16879,
638524908570830310,326036,28.41149,16.92717,17.23528,-25.49118,-26.21443,15.1355,-5.388311,-26.14354,15.1355,
638524908570940307,326048,28.35705,16.89473,17.20225,-25.43556,-26.15723,15.10248,-5.376554,-26.08649,15.10248,
638524908571060309,326059,28.30176,16.86179,17.16871,-25.37908,-26.09914,15.06894,-5.364615,-26.02856,15.06894,
638524908571170315,326070,28.2464,16.82881,17.13513,-25.32252,-26.04098,15.03536,-5.35266,-25.97056,15.03536,
638524908571275882,326081,28.19195,16.79637,17.1021,-25.26688,-25.98377,15.00233,-5.3409,-25.9135,15.00233,
638524908571385876,326092,28.1368,16.76352,17.06864,-25.21054,-25.92582,14.96887,-5.32899,-25.85571,14.96887,
638524908571495877,326103,28.082,16.73087,17.0354,-25.15455,-25.86825,14.93563,-5.317155,-25.7983,14.93563,
638524908571615981,326114,28.02761,16.69846,17.00241,-25.09898,-25.8111,14.90264,-5.305409,-25.7413,14.90264,
638524908571725989,326125,27.9719,16.66527,16.96861,-25.04206,-25.75256,14.86884,-5.293376,-25.68292,14.86884,
638524908571835991,326136,27.91768,16.63297,16.93572,-24.98666,-25.69559,14.83595,-5.281667,-25.62611,14.83595,
638524908571945985,326148,27.86228,16.59996,16.90211,-24.93007,-25.6374,14.80234,-5.269704,-25.56807,14.80234,
638524908572056424,326159,27.80665,16.56681,16.86836,-24.87322,-25.57894,14.76859,-5.257689,-25.50977,14.76859,
638524908572166436,326170,27.75241,16.5345,16.83546,-24.81781,-25.52195,14.73569,-5.245975,-25.45294,14.73569,
638524908572276421,326181,27.69743,16.50174,16.8021,-24.76163,-25.46418,14.70234,-5.234101,-25.39532,14.70234,
638524908572386430,326192,27.64325,16.46947,16.76924,-24.70629,-25.40726,14.66947,-5.222401,-25.33856,14.66947,
638524908572496434,326203,27.58746,16.43622,16.73539,-24.64928,-25.34864,14.63562,-5.210351,-25.28009,14.63562,
638524908572606424,326214,27.53272,16.40361,16.70219,-24.59335,-25.29113,14.60242,-5.198529,-25.22273,14.60242,
638524908572726432,326225,27.47818,16.37112,16.6691,-24.53763,-25.23382,14.56933,-5.186751,-25.16559,14.56933,
638524908572836436,326236,27.42261,16.33801,16.63539,-24.48086,-25.17544,14.53562,-5.17475,-25.10736,14.53562,
638524908572946423,326247,27.36842,16.30573,16.60252,-24.42549,-25.1185,14.50275,-5.163047,-25.05058,14.50275,
638524908573056547,326259,27.31322,16.27284,16.56903,-24.3691,-25.06051,14.46926,-5.151126,-24.99274,14.46926,
638524908573166546,326270,27.25769,16.23975,16.53535,-24.31236,-25.00216,14.43558,-5.139133,-24.93455,14.43558,
638524908573276543,326281,27.20372,16.2076,16.50261,-24.25723,-24.94546,14.40284,-5.127478,-24.878,14.40284,
638524908573386535,326292,27.14869,16.17482,16.46923,-24.20101,-24.88765,14.36946,-5.115594,-24.82034,14.36946,
638524908573496552,326303,27.09338,16.14186,16.43567,-24.1445,-24.82953,14.3359,-5.103649,-24.76239,14.3359,
638524908573606660,326314,27.03863,16.10924,16.40246,-24.08855,-24.772,14.30269,-5.091824,-24.70501,14.30269,
638524908573716662,326325,26.9832,16.07622,16.36883,-24.03192,-24.71376,14.26906,-5.079854,-24.64693,14.26906,
638524908573826657,326336,26.92856,16.04366,16.33568,-23.97609,-24.65635,14.23591,-5.068052,-24.58967,14.23591,
638524908573946672,326347,26.87409,16.01121,16.30264,-23.92045,-24.59913,14.20288,-5.05629,-24.53261,14.20288,
638524908574053632,326359,26.81904,15.97841,16.26925,-23.8642,-24.54129,14.16948,-5.044401,-24.47492,14.16948,
638524908574163635,326370,26.76381,15.94551,16.23574,-23.80777,-24.48326,14.13597,-5.032473,-24.41705,14.13597,
638524908574273617,326381,26.70866,15.91265,16.20229,-23.75142,-24.42531,14.10252,-5.020563,-24.35926,14.10252,
638524908574383621,326392,26.65448,15.88037,16.16942,-23.69607,-24.36839,14.06965,-5.008862,-24.30249,14.06965,
638524908574503623,326403,26.59886,15.84723,16.13568,-23.63924,-24.30995,14.03591,-4.996849,-24.24421,14.03591,
638524908574613638,326414,26.54386,15.81447,16.10232,-23.58305,-24.25216,14.00255,-4.984972,-24.18658,14.00255,
638524908574723625,326425,26.48942,15.78203,16.06929,-23.52742,-24.19496,13.96952,-4.973213,-24.12953,13.96952,
638524908574833631,326436,26.43408,15.74906,16.03572,-23.47089,-24.13682,13.93595,-4.961263,-24.07155,13.93595,
638524908574943616,326447,26.3795,15.71654,16.00261,-23.41513,-24.07947,13.90284,-4.949476,-24.01436,13.90284,
638524908575053725,326458,26.32476,15.68393,15.9694,-23.3592,-24.02196,13.86963,-4.937654,-23.957,13.86963,
638524908575163723,326470,26.26998,15.65129,15.93617,-23.30323,-23.9644,13.8364,-4.925824,-23.8996,13.8364,
638524908575273730,326481,26.21467,15.61834,15.90262,-23.24672,-23.90628,13.80285,-4.913877,-23.84164,13.80285,
638524908575383728,326492,26.15973,15.58561,15.86929,-23.19059,-23.84856,13.76952,-4.902014,-23.78408,13.76952,
638524908575503731,326503,26.10483,15.5529,15.83599,-23.1345,-23.79088,13.73622,-4.890157,-23.72655,13.73622,
638524908575613735,326515,26.04973,15.52007,15.80256,-23.0782,-23.73298,13.70279,-4.878257,-23.66881,13.70279,
638524908575723727,326525,25.99355,15.4866,15.76848,-23.0208,-23.67395,13.66871,-4.866123,-23.60994,13.66871,
638524908575833733,326536,25.94004,15.45472,15.73602,-22.96613,-23.61774,13.63625,-4.854568,-23.55388,13.63625,
638524908575943726,326547,25.8856,15.42228,15.70299,-22.91051,-23.56054,13.60322,-4.842811,-23.49683,13.60322,
638524908576050882,326558,25.83025,15.38931,15.66942,-22.85396,-23.50239,13.56965,-4.830858,-23.43884,13.56965,
638524908576160878,326570,25.77519,15.3565,15.63602,-22.79771,-23.44454,13.53625,-4.818967,-23.38114,13.53625,
638524908576279012,326581,25.71994,15.32359,15.6025,-22.74126,-23.38649,13.50273,-4.807035,-23.32325,13.50273,
638524908576389014,326592,25.66519,15.29097,15.56929,-22.68532,-23.32896,13.46952,-4.795211,-23.26588,13.46952,
638524908576499017,326603,25.61065,15.25847,15.5362,-22.6296,-23.27165,13.43643,-4.783432,-23.20873,13.43643,
638524908576609133,326614,25.55575,15.22576,15.5029,-22.5735,-23.21397,13.40313,-4.771575,-23.1512,13.40313,
638524908576719130,326625,25.50105,15.19317,15.46971,-22.51762,-23.1565,13.36994,-4.759762,-23.09388,13.36994,
638524908576829131,326636,25.44572,15.16021,15.43615,-22.46109,-23.09836,13.33638,-4.747813,-23.03591,13.33638,
638524908576939126,326647,25.39118,15.12772,15.40307,-22.40537,-23.04107,13.3033,-4.736036,-22.97877,13.3033,
638524908577053809,326658,25.33546,15.09452,15.36926,-22.34844,-22.98252,13.2695,-4.724002,-22.92038,13.2695,
638524908577163810,326669,25.28121,15.0622,15.33635,-22.29301,-22.92552,13.23658,-4.712285,-22.86353,13.23658,
638524908577273823,326681,25.22657,15.02964,15.30321,-22.23719,-22.86811,13.20344,-4.700486,-22.80628,13.20344,
638524908577383810,326692,25.1716,14.99689,15.26986,-22.18103,-22.81036,13.17009,-4.688614,-22.74868,13.17009,
638524908577493822,326703,25.11621,14.9639,15.23626,-22.12444,-22.75217,13.13649,-4.676653,-22.69065,13.13649,
638524908577603914,326714,25.0612,14.93112,15.20289,-22.06824,-22.69437,13.10312,-4.664772,-22.633,13.10312,
638524908577713923,326725,25.00672,14.89866,15.16984,-22.01257,-22.63713,13.07007,-4.653006,-22.57591,13.07007,
638524908577833940,326736,24.95152,14.86577,15.13635,-21.95617,-22.57913,13.03658,-4.641085,-22.51807,13.03658,
638524908577943913,326747,24.89675,14.83314,15.10313,-21.90022,-22.52158,13.00336,-4.629257,-22.46068,13.00336,
638524908578049391,326758,24.84216,14.80062,15.07001,-21.84444,-22.46423,12.97024,-4.617467,-22.40348,12.97024,
638524908578159392,326769,24.7864,14.7674,15.03619,-21.78748,-22.40564,12.93642,-4.605425,-22.34506,12.93642,
638524908578279394,326781,24.73185,14.7349,15.0031,-21.73174,-22.34833,12.90333,-4.593644,-22.2879,12.90333,
638524908578389383,326792,24.67618,14.70173,14.96932,-21.67486,-22.28983,12.86955,-4.581621,-22.22956,12.86955,
638524908578499392,326803,24.62172,14.66928,14.93629,-21.61922,-22.23261,12.83652,-4.569859,-22.17249,12.83652,
638524908578604634,326814,24.56707,14.63672,14.90313,-21.56339,-22.17519,12.80336,-4.558057,-22.11523,12.80336,
638524908578716311,326825,24.5117,14.60373,14.86954,-21.50681,-22.11702,12.76977,-4.546099,-22.05721,12.76977,
638524908578826317,326836,24.4567,14.57097,14.83618,-21.45062,-22.05923,12.73641,-4.534222,-21.99958,12.73641,
638524908578946318,326847,24.40209,14.53843,14.80305,-21.39483,-22.00185,12.70328,-4.522427,-21.94236,12.70328,
638524908579052380,326858,24.34688,14.50554,14.76956,-21.33842,-21.94385,12.66979,-4.510504,-21.88451,12.66979,
638524908579162385,326869,24.2924,14.47308,14.73651,-21.28276,-21.88661,12.63674,-4.498739,-21.82743,12.63674,
638524908579272385,326881,24.2376,14.44043,14.70327,-21.22678,-21.82904,12.6035,-4.486905,-21.77001,12.6035,
638524908579382388,326892,24.18196,14.40728,14.66952,-21.16993,-21.77057,12.56975,-4.474887,-21.7117,12.56975,
638524908579492383,326903,24.12749,14.37483,14.63648,-21.11428,-21.71335,12.53671,-4.463125,-21.65463,12.53671,
638524908579612391,326914,24.07296,14.34234,14.6034,-21.05857,-21.65605,12.50363,-4.451348,-21.59749,12.50363,
638524908579722385,326925,24.0177,14.30942,14.56987,-21.0021,-21.59799,12.4701,-4.439413,-21.53958,12.4701,
638524908579832396,326936,23.96224,14.27637,14.53623,-20.94544,-21.53971,12.43646,-4.427435,-21.48147,12.43646,
638524908579942396,326947,23.9083,14.24424,14.5035,-20.89033,-21.48304,12.40373,-4.415786,-21.42495,12.40373,
638524908580052384,326958,23.85287,14.21121,14.46988,-20.8337,-21.4248,12.37011,-4.403816,-21.36687,12.37011,
638524908580162378,326969,23.79815,14.17861,14.43669,-20.7778,-21.36732,12.33692,-4.391999,-21.30953,12.33692,
638524908580272389,326981,23.74353,14.14607,14.40355,-20.72199,-21.30992,12.30378,-4.380202,-21.2523,12.30378,
638524908580382388,326992,23.68789,14.11292,14.3698,-20.66514,-21.25146,12.27003,-4.368186,-21.194,12.27003,
638524908580492393,327003,23.63299,14.08021,14.33649,-20.60905,-21.19378,12.23672,-4.35633,-21.13647,12.23672,
638524908580612388,327014,23.57871,14.04787,14.30357,-20.55359,-21.13675,12.2038,-4.344607,-21.0796,12.2038,
638524908580722382,327025,23.52321,14.01481,14.2699,-20.49689,-21.07844,12.17013,-4.332622,-21.02144,12.17013,
638524908580832390,327036,23.46767,13.98171,14.2362,-20.44014,-21.02008,12.13643,-4.320625,-20.96324,12.13643,
638524908580942390,327047,23.41313,13.94922,14.20312,-20.38442,-20.96278,12.10335,-4.308848,-20.9061,12.10335,
638524908581052381,327058,23.35869,13.91678,14.17009,-20.3288,-20.90557,12.07032,-4.29709,-20.84904,12.07032,
638524908581162383,327069,23.30337,13.88383,14.13654,-20.27228,-20.84746,12.03677,-4.285144,-20.79109,12.03677,
638524908581272401,327080,23.24899,13.85143,14.10355,-20.21672,-20.79032,12.00378,-4.2734,-20.73411,12.00378,
638524908581382395,327092,23.19427,13.81883,14.07035,-20.16082,-20.73283,11.97058,-4.261582,-20.67677,11.97058,
638524908581492384,327103,23.13896,13.78587,14.0368,-20.1043,-20.67471,11.93703,-4.249637,-20.61881,11.93703,
638524908581602391,327114,23.08421,13.75325,14.00359,-20.04837,-20.61719,11.90382,-4.237813,-20.56144,11.90382,
638524908581722388,327125,23.0294,13.7206,13.97033,-19.99236,-20.5596,11.87056,-4.225976,-20.50401,11.87056,
638524908581832401,327136,22.97392,13.68754,13.93668,-19.93568,-20.50131,11.83691,-4.213995,-20.44588,11.83691,
638524908581942388,327147,22.91952,13.65513,13.90368,-19.8801,-20.44415,11.80391,-4.202246,-20.38887,11.80391,
638524908582052385,327158,22.86415,13.62214,13.87009,-19.82354,-20.38598,11.77032,-4.190289,-20.33086,11.77032,
638524908582162401,327170,22.80967,13.58969,13.83704,-19.76788,-20.32874,11.73727,-4.178523,-20.27377,11.73727,
638524908582282398,327181,22.75348,13.55621,13.80295,-19.71047,-20.2697,11.70319,-4.166388,-20.21489,11.70319,
638524908582382381,327192,22.69741,13.52281,13.76894,-19.65319,-20.2108,11.66918,-4.15428,-20.15615,11.66918,
638524908582492381,327203,22.6445,13.49128,13.73684,-19.59912,-20.1552,11.63707,-4.142852,-20.1007,11.63707,
638524908582612389,327214,22.58955,13.45854,13.70351,-19.54298,-20.09747,11.60374,-4.130986,-20.04313,11.60374,
638524908582722397,327225,22.5342,13.42556,13.66993,-19.48643,-20.03931,11.57016,-4.119031,-19.98512,11.57016,
638524908582832396,327236,22.47894,13.39264,13.63641,-19.42998,-19.98126,11.53664,-4.107099,-19.92723,11.53664,
638524908582942393,327247,22.42494,13.36047,13.60365,-19.3748,-19.92451,11.50388,-4.095435,-19.87063,11.50388,
638524908583052390,327258,22.36964,13.32752,13.57011,-19.31831,-19.86642,11.47034,-4.083494,-19.81269,11.47034,
638524908583162406,327269,22.31446,13.29464,13.53663,-19.26192,-19.80843,11.43686,-4.071575,-19.75487,11.43686,
638524908583272396,327280,22.26041,13.26244,13.50384,-19.2067,-19.75164,11.40407,-4.059903,-19.69823,11.40407,
638524908583382391,327291,22.2053,13.22961,13.47041,-19.1504,-19.69375,11.37064,-4.048002,-19.64049,11.37064,
638524908583492386,327303,22.15052,13.19697,13.43718,-19.09443,-19.63619,11.33741,-4.03617,-19.58309,11.33741,
638524908583602395,327314,22.09507,13.16394,13.40354,-19.03778,-19.57792,11.30377,-4.024195,-19.52498,11.30377,
638524908583722392,327325,22.04065,13.13152,13.37053,-18.98219,-19.52075,11.27076,-4.012444,-19.46797,11.27076,
638524908583832396,327336,21.98519,13.09847,13.33689,-18.92552,-19.46248,11.23712,-4.000465,-19.40985,11.23712,
638524908583942395,327347,21.92997,13.06558,13.30339,-18.8691,-19.40447,11.20362,-3.988541,-19.352,11.20362,
638524908584052395,327358,21.87586,13.03334,13.27057,-18.81382,-19.34761,11.1708,-3.976855,-19.2953,11.1708,
638524908584162399,327369,21.82082,13.00055,13.23718,-18.75759,-19.28978,11.13741,-3.964968,-19.23763,11.13741,
638524908584272403,327380,21.76561,12.96765,13.20368,-18.70117,-19.23177,11.10391,-3.953043,-19.17977,11.10391,
638524908584382391,327391,21.71125,12.93526,13.17071,-18.64563,-19.17465,11.07094,-3.941303,-19.12281,11.07094,
638524908584492398,327403,21.65603,12.90236,13.13721,-18.58922,-19.11664,11.03744,-3.929379,-19.06495,11.03744,
638524908584602390,327414,21.60111,12.86964,13.10389,-18.53311,-19.05894,11.00412,-3.917518,-19.0074,11.00412,
638524908584722385,327425,21.54574,12.83665,13.0703,-18.47653,-19.00076,10.97053,-3.90556,-18.94938,10.97053,
638524908584822382,327436,21.48989,12.80338,13.03642,-18.41947,-18.94208,10.93665,-3.893498,-18.89086,10.93665,
638524908584942387,327447,21.43707,12.77191,13.00438,-18.36551,-18.88658,10.90461,-3.882091,-18.83551,10.90461,
638524908585052385,327458,21.38128,12.73867,12.97054,-18.30851,-18.82797,10.87077,-3.870043,-18.77706,10.87077,
638524908585162384,327469,21.32644,12.706,12.93727,-18.25248,-18.77035,10.8375,-3.858199,-18.71959,10.8375,
638524908585272403,327480,21.27175,12.67342,12.90409,-18.1966,-18.71289,10.80432,-3.846388,-18.66228,10.80432,
638524908585382384,327491,21.2167,12.64062,12.8707,-18.14036,-18.65505,10.77093,-3.8345,-18.6046,10.77093,
638524908585492391,327502,21.16195,12.608,12.83749,-18.08442,-18.59753,10.73772,-3.822676,-18.54724,10.73772,
638524908585602408,327514,21.10695,12.57523,12.80412,-18.02823,-18.53974,10.70435,-3.810798,-18.48961,10.70435,
638524908585712394,327525,21.0512,12.54201,12.7703,-17.97127,-18.48116,10.67053,-3.798757,-18.43118,10.67053,
638524908585822382,327536,20.99701,12.50973,12.73743,-17.91591,-18.42423,10.63766,-3.787055,-18.37441,10.63766,
638524908585942391,327547,20.9423,12.47713,12.70424,-17.86,-18.36674,10.60447,-3.775238,-18.31707,10.60447,
638524908586052390,327558,20.88722,12.44432,12.67082,-17.80373,-18.30887,10.57105,-3.763343,-18.25936,10.57105,
638524908586162382,327569,20.83228,12.41158,12.63749,-17.74759,-18.25114,10.53772,-3.751477,-18.20178,10.53772,
638524908586270734,327580,20.77775,12.3791,12.60442,-17.69189,-18.19385,10.50465,-3.739702,-18.14465,10.50465,
638524908586380738,327591,20.72241,12.34613,12.57085,-17.63535,-18.13571,10.47108,-3.727751,-18.08667,10.47108,
638524908586490730,327603,20.66728,12.31328,12.5374,-17.57902,-18.07778,10.43763,-3.715843,-18.02889,10.43763,
638524908586600734,327614,20.6119,12.28028,12.5038,-17.52243,-18.01959,10.40403,-3.703883,-17.97087,10.40403,
638524908586720735,327625,20.55758,12.24792,12.47086,-17.46695,-17.96253,10.37109,-3.692154,-17.91396,10.37109,
638524908586830744,327636,20.50196,12.21478,12.43711,-17.41011,-17.90408,10.33734,-3.680141,-17.85567,10.33734,
638524908586940734,327647,20.44795,12.18261,12.40435,-17.35493,-17.84734,10.30458,-3.668477,-17.79908,10.30458,
638524908587050737,327658,20.39303,12.14988,12.37103,-17.29882,-17.78963,10.27126,-3.656616,-17.74153,10.27126,
638524908587160728,327669,20.33764,12.11689,12.33743,-17.24224,-17.73144,10.23766,-3.644655,-17.68349,10.23766,
638524908587270735,327680,20.28334,12.08453,12.30449,-17.18675,-17.67439,10.20472,-3.632926,-17.62659,10.20472,
638524908587380741,327691,20.22836,12.05178,12.27114,-17.13059,-17.61663,10.17137,-3.621054,-17.56899,10.17137,
638524908587490736,327702,20.17303,12.01882,12.23758,-17.07406,-17.55849,10.13781,-3.609105,-17.51101,10.13781,
638524908587600730,327713,20.11798,11.98601,12.20418,-17.01781,-17.50064,10.10441,-3.597215,-17.45332,10.10441,
638524908587720738,327725,20.06372,11.95369,12.17127,-16.96238,-17.44364,10.0715,-3.585498,-17.39647,10.0715,
638524908587830742,327736,20.00786,11.92041,12.13738,-16.9053,-17.38495,10.03761,-3.573434,-17.33793,10.03761,
638524908587940737,327747,19.95319,11.88784,12.10422,-16.84945,-17.32751,10.00445,-3.561628,-17.28065,10.00445,
638524908588050732,327758,19.89898,11.85554,12.07133,-16.79406,-17.27055,9.97156,-3.54992,-17.22385,9.97156,
638524908588160736,327769,19.8437,11.82261,12.0378,-16.73759,-17.21247,9.938027,-3.537982,-17.16593,9.938027,
638524908588270732,327780,19.78901,11.79002,12.00462,-16.68171,-17.15501,9.904846,-3.52617,-17.10861,9.904846,
638524908588380742,327791,19.73386,11.75716,11.97116,-16.62536,-17.09707,9.871393,-3.514261,-17.05083,9.871393,
638524908588490730,327802,-20.08141,9.035826,20,-16.56912,-17.03922,9.837996,-3.502371,-16.99314,9.837996,
638524908588600738,327813,-20.0483,9.020926,19.96702,-16.51358,-16.98211,9.805019,-3.490631,-16.93618,9.805019,
638524908588710826,327825,-20.01461,9.005767,19.93347,-16.45707,-16.92399,9.771465,-3.478686,-16.87823,9.771465,
638524908588820828,327835,-19.98113,8.990702,19.90012,-16.40091,-16.86624,9.73812,-3.466815,-16.82063,9.73812,
638524908588940830,327847,-19.94801,8.975797,19.86713,-16.34534,-16.8091,9.70513,-3.45507,-16.76365,9.70513,
638524908589050832,327858,-19.91401,8.960502,19.83328,-16.28833,-16.75047,9.671276,-3.443018,-16.70517,9.671276,
638524908589160832,327869,-19.88093,8.945613,19.80032,-16.23282,-16.69339,9.638321,-3.431286,-16.64825,9.638321,
638524908589270832,327880,-19.8476,8.930616,19.76713,-16.17692,-16.6359,9.605126,-3.419468,-16.59091,9.605126,
638524908589380832,327891,-19.81413,8.915556,19.7338,-16.12077,-16.57817,9.571792,-3.407601,-16.53333,9.571792,
638524908589490847,327902,-19.78057,8.900455,19.70037,-16.06448,-16.52027,9.538365,-3.395701,-16.47559,9.538365,
638524908589600825,327913,-19.7471,8.885396,19.66704,-16.00834,-16.46254,9.505035,-3.383835,-16.41802,9.505035,
638524908589710829,327925,-19.71383,8.870425,19.6339,-15.95253,-16.40515,9.471898,-3.372038,-16.36078,9.471898,
638524908589820839,327935,-19.67987,8.855148,19.60009,-15.89558,-16.34658,9.438084,-3.36,-16.30238,9.438084,
638524908589930831,327947,-19.64695,8.840334,19.5673,-15.84035,-16.28979,9.405293,-3.348326,-16.24574,9.405293,
638524908590050834,327958,-19.61321,8.825152,19.53369,-15.78376,-16.23159,9.371692,-3.336364,-16.1877,9.371692,
638524908590150823,327969,-19.57967,8.810061,19.50029,-15.7275,-16.17374,9.338287,-3.324472,-16.13,9.338287,
638524908590270830,327980,-19.54672,8.795236,19.46748,-15.67224,-16.11691,9.305474,-3.31279,-16.07332,9.305474,
638524908590380832,327991,-19.51299,8.780059,19.43388,-15.61566,-16.05872,9.271881,-3.300831,-16.0153,9.271881,
638524908590490825,328002,-19.47957,8.765019,19.40059,-15.55959,-16.00107,9.238591,-3.28898,-15.9578,9.238591,
638524908590600816,328013,-19.44604,8.749931,19.3672,-15.50335,-15.94323,9.205195,-3.277091,-15.90011,9.205195,
638524908590710824,328024,-19.4129,8.73502,19.33419,-15.44776,-15.88606,9.172189,-3.26534,-15.8431,9.172189,
638524908590820831,328035,-19.37917,8.719842,19.3006,-15.39118,-15.82788,9.138595,-3.253381,-15.78507,9.138595,
638524908590930832,328047,-19.34573,8.704794,19.26729,-15.33509,-15.77019,9.105288,-3.241523,-15.72754,9.105288,
638524908591050828,328058,-19.31207,8.689648,19.23377,-15.27862,-15.71212,9.071763,-3.229588,-15.66963,9.071763,
638524908591150822,328069,-19.27837,8.674485,19.20021,-15.2221,-15.654,9.038202,-3.21764,-15.61166,9.038202,
638524908591269500,328080,-19.24559,8.659737,19.16756,-15.16712,-15.59746,9.005558,-3.206019,-15.55528,9.005558,
638524908591379503,328091,-19.21204,8.64464,19.13415,-15.11084,-15.53958,8.972142,-3.194123,-15.49756,8.972142,
638524908591489512,328102,-19.17789,8.629275,19.10014,-15.05357,-15.48068,8.938133,-3.182016,-15.43882,8.938133,
638524908591599500,328113,-19.14452,8.614259,19.0669,-14.99759,-15.42311,8.904896,-3.170183,-15.38141,8.904896,
638524908591709511,328124,-19.11168,8.59948,19.03419,-14.94249,-15.36646,8.872184,-3.158537,-15.3249,8.872184,
638524908591819503,328135,-19.07815,8.584392,19.00079,-14.88625,-15.30862,8.838789,-3.146649,-15.26722,8.838789,
638524908591939504,328147,-19.04476,8.56937,18.96754,-14.83025,-15.25103,8.80554,-3.134812,-15.20979,8.80554,
638524908592049511,328158,-19.01112,8.554232,18.93404,-14.77382,-15.193,8.772033,-3.122883,-15.15191,8.772033,
638524908592159498,328169,-18.97776,8.539223,18.90082,-14.71787,-15.13546,8.738812,-3.111057,-15.09453,8.738812,
638524908592269520,328180,-18.94435,8.524187,18.86754,-14.66182,-15.07782,8.705532,-3.099209,-15.03704,8.705532,
638524908592379504,328191,-18.9102,8.508822,18.83353,-14.60455,-15.01892,8.671525,-3.087102,-14.9783,8.671525,
638524908592489508,328202,-18.87726,8.493999,18.80072,-14.54929,-14.96209,8.638715,-3.075422,-14.92163,8.638715,
638524908592599511,328213,-18.84394,8.47901,18.76754,-14.49341,-14.90463,8.605536,-3.06361,-14.86432,8.605536,
638524908592719510,328225,-18.81046,8.463944,18.7342,-14.43725,-14.84688,8.572192,-3.051739,-14.80673,8.572192,
638524908592819509,328236,-18.77637,8.448603,18.70024,-14.38006,-14.78806,8.538234,-3.03965,-14.74807,8.538234,
638524908592929500,328247,-18.74319,8.433673,18.66719,-14.3244,-14.73083,8.505188,-3.027886,-14.69099,8.505188,
638524908593049497,328258,-18.71022,8.418839,18.63436,-14.2691,-14.67396,8.472353,-3.016196,-14.63428,8.472353,
638524908593159512,328269,-18.67659,8.403708,18.60087,-14.2127,-14.61596,8.438864,-3.004274,-14.57643,8.438864,
638524908593269508,328280,-18.64348,8.388808,18.56789,-14.15715,-14.55883,8.405883,-2.992532,-14.51946,8.405883,
638524908593379507,328291,-18.60979,8.373649,18.53433,-14.10064,-14.50072,8.372328,-2.980587,-14.4615,8.372328,
638524908593489496,328302,-18.57629,8.358577,18.50097,-14.04445,-14.44294,8.338967,-2.96871,-14.40388,8.338967,
638524908593599495,328313,-18.54294,8.34357,18.46776,-13.98851,-14.38541,8.305752,-2.956885,-14.3465,8.305752,
638524908593709630,328324,-18.50949,8.328518,18.43444,-13.9324,-14.3277,8.272436,-2.945024,-14.28896,8.272436,
638524908593819620,328335,-18.4757,8.313315,18.40079,-13.87573,-14.26942,8.238786,-2.933045,-14.23083,8.238786,
638524908593929615,328346,-18.44234,8.298306,18.36757,-13.81977,-14.21188,8.205563,-2.921217,-14.17345,8.205563,
638524908594039612,328357,-18.40924,8.283411,18.3346,-13.76425,-14.15478,8.172596,-2.909481,-14.1165,8.172596,
638524908594149612,328369,-18.37569,8.268314,18.30119,-13.70797,-14.09691,8.139181,-2.897585,-14.05879,8.139181,
638524908594269616,328380,-18.34232,8.253298,18.26795,-13.65199,-14.03934,8.105943,-2.885752,-14.00138,8.105943,
638524908594379614,328391,-18.30896,8.238287,18.23473,-13.59604,-13.9818,8.072718,-2.873924,-13.94399,8.072718,
638524908594489628,328402,-18.27538,8.223177,18.20128,-13.53971,-13.92387,8.039274,-2.862018,-13.88622,8.039274,
638524908594599615,328413,-18.24184,8.208087,18.16788,-13.48346,-13.86603,8.005875,-2.850127,-13.82853,8.005875,
638524908594709618,328424,-18.2082,8.192948,18.13437,-13.42702,-13.80799,7.972367,-2.838198,-13.77065,7.972367,
638524908594819623,328435,-18.17481,8.177925,18.10112,-13.37102,-13.7504,7.939114,-2.82636,-13.71321,7.939114,
638524908594929623,328446,-18.14114,8.162775,18.06759,-13.31455,-13.69232,7.905581,-2.814423,-13.65529,7.905581,
638524908595049620,328458,-18.10795,8.147838,18.03452,-13.25886,-13.63506,7.872519,-2.802652,-13.59818,7.872519,
638524908595149621,328468,-18.07401,8.132566,18.00072,-13.20193,-13.57651,7.838717,-2.790618,-13.5398,7.838717,
638524908595269616,328480,-18.04129,8.117844,17.96813,-13.14705,-13.52007,7.806128,-2.779017,-13.48351,7.806128,
638524908595379626,328491,-18.00759,8.10268,17.93457,-13.09052,-13.46194,7.772565,-2.767068,-13.42553,7.772565,
638524908595489632,328502,-17.97366,8.087414,17.90078,-13.03361,-13.40341,7.738774,-2.755038,-13.36716,7.738774,
638524908595599610,328513,-17.94037,8.072433,17.86762,-12.97776,-13.34598,7.705616,-2.743234,-13.30989,7.705616,
638524908595719609,328525,-17.9069,8.057374,17.83429,-12.92163,-13.28825,7.672284,-2.731368,-13.25232,7.672284,
638524908595819612,328535,-17.87239,8.041844,17.79992,-12.86373,-13.22872,7.63791,-2.71913,-13.19294,7.63791,
638524908595929615,328546,-17.84016,8.027344,17.76782,-12.80968,-13.17313,7.605814,-2.707704,-13.1375,7.605814,
638524908596049612,328558,-17.80658,8.012234,17.73437,-12.75335,-13.1152,7.57237,-2.695797,-13.07973,7.57237,
638524908596159612,328569,-17.77258,7.996938,17.70052,-12.69633,-13.05657,7.538515,-2.683745,-13.02126,7.538515,
638524908596266113,328580,-17.73965,7.982118,17.66772,-12.64109,-12.99975,7.505713,-2.672067,-12.9646,7.505713,
638524908596376115,328591,-17.70611,7.967026,17.63431,-12.58482,-12.94189,7.472307,-2.660174,-12.9069,7.472307,
638524908596496120,328602,-17.67252,7.951914,17.60086,-12.52849,-12.88396,7.438859,-2.648267,-12.84912,7.438859,
638524908596601288,328613,-17.63848,7.936598,17.56696,-12.47139,-12.82525,7.404957,-2.636198,-12.79056,7.404957,
638524908596711289,328624,-17.60578,7.921882,17.53439,-12.41654,-12.76883,7.372386,-2.624602,-12.7343,7.372386,
638524908596821290,328635,-17.57181,7.906598,17.50056,-12.35956,-12.71024,7.338554,-2.612558,-12.67587,7.338554,
638524908596931288,328646,-17.53894,7.891807,17.46782,-12.30442,-12.65354,7.305817,-2.600903,-12.61932,7.305817,
638524908597041289,328658,-17.50554,7.876779,17.43456,-12.2484,-12.59592,7.272553,-2.589061,-12.56186,7.272553,
638524908597151286,328669,-17.47186,7.861626,17.40102,-12.19191,-12.53783,7.239013,-2.577121,-12.50393,7.239013,
638524908597261284,328680,-17.43859,7.846654,17.36788,-12.1361,-12.48044,7.205876,-2.565324,-12.44669,7.205876,
638524908597381290,328691,-17.40512,7.831594,17.33455,-12.07996,-12.4227,7.17254,-2.553456,-12.38911,7.17254,
638524908597491290,328702,-17.37172,7.816566,17.30128,-12.02394,-12.3651,7.139278,-2.541615,-12.33166,7.139278,
638524908597601281,328713,-17.33831,7.801533,17.26801,-11.9679,-12.30746,7.106002,-2.529768,-12.27418,7.106002,
638524908597711279,328725,-17.3049,7.786499,17.23473,-11.91185,-12.24983,7.072725,-2.517921,-12.2167,7.072725,
638524908597821289,328735,-17.27042,7.770984,17.20039,-11.85402,-12.19035,7.038385,-2.505696,-12.15738,7.038385,
638524908597931282,328746,-17.23795,7.756376,17.16806,-11.79956,-12.13435,7.006052,-2.494185,-12.10154,7.006052,
638524908598041282,328757,-17.2045,7.741324,17.13474,-11.74345,-12.07665,6.972736,-2.482324,-12.04399,6.972736,
638524908598151282,328769,-17.17083,7.726174,17.10121,-11.68697,-12.01857,6.939204,-2.470387,-11.98607,6.939204,
638524908598261286,328780,-17.13754,7.711196,17.06806,-11.63114,-11.96115,6.90605,-2.458584,-11.9288,6.90605,
638524908598381289,328791,-17.10378,7.696002,17.03443,-11.5745,-11.9029,6.87242,-2.446611,-11.87071,6.87242,
638524908598481281,328802,-17.07051,7.681031,17.00129,-11.51869,-11.84551,6.839282,-2.434814,-11.81347,6.839282,
638524908598601284,328813,-17.03756,7.666207,16.96848,-11.46342,-11.78868,6.80647,-2.423133,-11.7568,6.80647,
638524908598711380,328824,-17.00377,7.651002,16.93482,-11.40674,-11.73039,6.772816,-2.411152,-11.69867,6.772816,
638524908598821385,328835,-16.97039,7.635983,16.90158,-11.35076,-11.67281,6.739573,-2.399317,-11.64125,6.739573,
638524908598931381,328846,-16.93708,7.620994,16.8684,-11.29488,-11.61535,6.706395,-2.387506,-11.58394,6.706395,
638524908599051389,328858,-16.90361,7.605934,16.83507,-11.23874,-11.55761,6.673061,-2.375639,-11.52636,6.673061,
638524908599151390,328869,-16.86886,7.590298,16.80046,-11.18045,-11.49767,6.638453,-2.363318,-11.46658,6.638453,
638524908599271385,328880,-16.83636,7.575678,16.7681,-11.12595,-11.44163,6.606093,-2.351798,-11.41069,6.606093,
638524908599381389,328891,-16.80218,7.560297,16.73405,-11.06861,-11.38266,6.572048,-2.339678,-11.35188,6.572048,
638524908599491387,328902,-16.76891,7.545325,16.70091,-11.0128,-11.32526,6.538909,-2.32788,-11.29464,6.538909,
638524908599601386,328913,-16.73608,7.530555,16.66822,-10.95774,-11.26864,6.506217,-2.316242,-11.23817,6.506217,
638524908599711383,328924,-16.70269,7.515532,16.63497,-10.90173,-11.21105,6.472963,-2.304403,-11.18073,6.472963,
638524908599821379,328935,-16.66889,7.500321,16.6013,-10.84503,-11.15274,6.439297,-2.292418,-11.12258,6.439297,
638524908599931384,328946,-16.63574,7.485407,16.56829,-10.78943,-11.09556,6.406286,-2.280666,-11.06556,6.406286,
638524908600041392,328958,-16.6023,7.47036,16.53499,-10.73334,-11.03788,6.372979,-2.268809,-11.00803,6.372979,
638524908600151389,328969,-16.56816,7.454997,16.50098,-10.67607,-10.97898,6.338974,-2.256703,-10.9493,6.338974,
638524908600271384,328980,-16.53503,7.440088,16.46798,-10.62049,-10.92183,6.305976,-2.244955,-10.8923,6.305976,
638524908600381387,328991,-16.50111,7.424828,16.43421,-10.5636,-10.86333,6.272199,-2.23293,-10.83395,6.272199,
638524908600491404,329002,-16.46762,7.409758,16.40085,-10.50743,-10.80556,6.238844,-2.221056,-10.77634,6.238844,
638524908600601387,329013,-16.43441,7.394814,16.36777,-10.45172,-10.74826,6.205765,-2.209279,-10.7192,6.205765,
638524908600711383,329024,-16.40165,7.380075,16.33515,-10.39677,-10.69176,6.173142,-2.197665,-10.66285,6.173142,
638524908600821381,329035,-16.36796,7.364914,16.30159,-10.34026,-10.63364,6.139585,-2.185719,-10.60489,6.139585,
638524908600931379,329046,-16.33433,7.349781,16.2681,-10.28384,-10.57563,6.106089,-2.173794,-10.54703,6.106089,
638524908601041386,329058,-16.30125,7.334898,16.23516,-10.22836,-10.51858,6.073149,-2.162067,-10.49013,6.073149,
638524908601151377,329068,-16.26692,7.319449,16.20096,-10.17077,-10.45935,6.038954,-2.149894,-10.43107,6.038954,
638524908601270169,329080,-16.23424,7.304744,16.16841,-10.11595,-10.40298,6.006405,-2.138306,-10.37485,6.006405,
638524908601380169,329091,-16.20009,7.289381,16.13441,-10.05868,-10.34408,5.972399,-2.1262,-10.31611,5.972399,
638524908601490170,329102,-16.1668,7.274399,16.10124,-10.00283,-10.28664,5.939238,-2.114394,-10.25883,5.939238,
638524908601600179,329113,-16.13391,7.259602,16.06849,-9.947669,-10.22992,5.906485,-2.102734,-10.20226,5.906485,
638524908601710170,329124,-16.10005,7.244365,16.03477,-9.890871,-10.17151,5.872761,-2.090729,-10.144,5.872761,
638524908601820168,329135,-16.06693,7.229464,16.00179,-9.835322,-10.11438,5.839779,-2.078987,-10.08703,5.839779,
638524908601930171,329146,-16.0337,7.214509,15.96869,-9.779575,-10.05705,5.806679,-2.067203,-10.02986,5.806679,
638524908602040275,329157,-16.00001,7.199353,15.93514,-9.723076,-9.998951,5.773133,-2.05526,-9.971915,5.773133,
638524908602150286,329168,-15.96613,7.184108,15.90139,-9.666245,-9.940508,5.739389,-2.043247,-9.91363,5.739389,
638524908602260268,329179,-15.93307,7.169233,15.86847,-9.610793,-9.883482,5.706464,-2.031526,-9.856759,5.706464,
638524908602380269,329191,-15.8997,7.154215,15.83523,-9.554811,-9.825912,5.673224,-2.019692,-9.799344,5.673224,
638524908602490285,329202,-15.86587,7.138996,15.80154,-9.498074,-9.767565,5.639536,-2.007699,-9.741155,5.639536,
638524908602600282,329213,-15.83176,7.123647,15.76757,-9.440857,-9.708724,5.605564,-1.995605,-9.682473,5.605564,
638524908602710289,329224,-15.79952,7.109139,15.73546,-9.386773,-9.653106,5.573451,-1.984172,-9.627006,5.573451,
638524908602820259,329235,-15.76573,7.093937,15.70181,-9.330105,-9.59483,5.539804,-1.972194,-9.568887,5.539804,
638524908602930270,329246,-15.73253,7.078997,15.66874,-9.27441,-9.537555,5.506735,-1.960421,-9.511767,5.506735,
638524908603040371,329258,-15.69891,7.063867,15.63525,-9.218008,-9.479552,5.473246,-1.948499,-9.453921,5.473246,
638524908603150369,329268,-15.66466,7.048459,15.60115,-9.16057,-9.420485,5.439142,-1.936358,-9.395014,5.439142,
638524908603260365,329279,-15.63212,7.033818,15.56874,-9.10599,-9.364356,5.406735,29.54222,-30.07294,20,
638524908603380374,329291,-15.59877,7.018809,15.53552,-9.050041,-9.30682,5.373515,29.49315,-30.02299,19.96678,
638524908603490370,329302,-15.56454,7.003405,15.50142,-8.992618,-9.247766,5.339419,29.44279,-29.97173,19.93268,
638524908603600371,329313,-15.53125,6.988426,15.46827,-8.936778,-9.190343,5.306264,29.39382,-29.92187,19.89953,
638524908603711666,329324,-15.49832,6.973613,15.43548,-8.881557,-9.133554,5.273477,29.34538,-29.87257,19.86674,
638524908603821673,329335,-15.46468,6.958476,15.40198,-8.825129,-9.075525,5.239972,29.29589,-29.82219,19.83324,
638524908603931677,329346,-15.43119,6.943405,15.36862,-8.768948,-9.01775,5.206614,29.24662,-29.77203,19.79988,
638524908604041770,329358,-15.39776,6.928363,15.33533,-8.712873,-8.960085,5.17332,29.19744,-29.72197,19.76658,
638524908604151763,329368,-15.3631,6.912768,15.30081,-8.654737,-8.9003,5.138802,29.14646,-29.67007,19.73207,
638524908604261753,329379,-15.33103,6.89834,15.26887,-8.600951,-8.844988,5.106866,29.09928,-29.62205,19.70013,
638524908604371761,329391,-15.29754,6.88327,15.23551,-8.544772,-8.787215,5.07351,29.05001,-29.57189,19.66677,
638524908604481767,329402,-15.26389,6.868127,15.202,-8.488322,-8.729164,5.039992,29.0005,-29.5215,19.63326,
638524908604591760,329413,-15.2305,6.853105,15.16875,-8.432323,-8.671576,5.006742,28.95139,-29.4715,19.6,
638524908604711771,329424,-15.197,6.838028,15.13538,-8.37612,-8.613778,4.973371,28.9021,-29.42132,19.56663,
638524908604821773,329435,-15.16353,6.82297,15.10205,-8.319983,-8.556049,4.94004,28.85286,-29.3712,19.5333,
638524908604931761,329446,-15.13026,6.808001,15.06891,-8.264179,-8.498662,4.906906,28.80392,-29.32138,19.50017,
638524908605041869,329457,-15.09685,6.792965,15.03563,-8.20813,-8.441022,4.873626,28.75476,-29.27134,19.46689,
638524908605151857,329468,-15.06329,6.777865,15.00221,-8.151839,-8.383134,4.840203,28.70539,-29.22108,19.43347,
638524908605261856,329479,-15.03007,6.762917,14.96912,-8.096116,-8.32583,4.807117,28.65652,-29.17133,19.40038,
638524908605371873,329491,-14.99643,6.747784,14.93563,-8.039702,-8.267816,4.773622,28.60704,-29.12097,19.36688,
638524908605481861,329502,-14.96281,6.732653,14.90214,-7.983296,-8.209808,4.74013,28.55757,-29.07061,19.33339,
638524908605591858,329513,-14.929,6.71744,14.86846,-7.926587,-8.15149,4.706459,28.50784,-29.01998,19.29972,
638524908605711859,329524,-14.89603,6.702606,14.83563,-7.871287,-8.094621,4.673625,28.45934,-28.97061,19.26689,
638524908605821866,329535,-14.86179,6.6872,14.80153,-7.813856,-8.035561,4.639525,28.40897,-28.91933,19.23279,
638524908605931859,329546,-14.82891,6.672406,14.76879,-7.758708,-7.978848,4.60678,28.3606,-28.8701,19.20004,
638524908606041990,329558,-14.7954,6.657328,14.73541,-7.7025,-7.921045,4.573407,28.3113,-28.81992,19.16667,
638524908606151975,329568,-14.76097,6.641836,14.70112,-7.644751,-7.861658,4.539118,28.26066,-28.76836,19.13238,
638524908606261979,329579,-14.72867,6.6273,14.66895,-7.590561,-7.805931,4.506943,28.21313,-28.71998,19.10021,
638524908606371976,329591,-14.69523,6.612253,14.63564,-7.534471,-7.748249,4.473639,28.16394,-28.6699,19.0669,
638524908606482001,329602,-14.66166,6.597147,14.60221,-7.478155,-7.690336,4.440201,28.11455,-28.61962,19.03346,
638524908606591973,329613,-14.62836,6.582162,14.56904,-7.422297,-7.632893,4.407035,28.06556,-28.56975,19.0003,
638524908606711986,329624,-14.59521,6.567249,14.53603,-7.366704,-7.575723,4.374026,28.0168,-28.52012,18.96729,
638524908606821982,329635,-14.56054,6.551651,14.5015,-7.308554,-7.515923,4.339499,27.9658,-28.4682,18.93276,
638524908606931986,329646,-14.52754,6.536799,14.46863,-7.25319,-7.458987,4.306626,27.91724,-28.41878,18.89989,
638524908607042090,329657,-14.49418,6.52179,14.43541,-7.197237,-7.401446,4.273404,27.86817,-28.36882,18.86667,
638524908607152092,329668,-14.46065,6.5067,14.40201,-7.140985,-7.343599,4.240005,27.81883,-28.3186,18.83327,
638524908607262101,329679,-14.42772,6.491886,14.36922,-7.085762,-7.286809,4.207216,27.7704,-28.2693,18.80048,
638524908607372098,329691,-14.39423,6.476816,14.33586,-7.029583,-7.229036,4.173859,27.72113,-28.21914,18.76712,
638524908607482079,329701,-14.36012,6.461466,14.30189,-6.972363,-7.170192,4.139884,27.67095,-28.16805,18.73314,
638524908607592083,329713,-14.32743,6.446756,14.26933,-6.917525,-7.113799,4.107325,27.62285,-28.11909,18.70058,
638524908607702099,329724,-14.29405,6.431741,14.23609,-6.861552,-7.056238,4.07409,27.57376,-28.06912,18.66735,
638524908607812088,329735,-14.26028,6.416543,14.20245,-6.804896,-6.997974,4.040451,27.52407,-28.01854,18.63371,
638524908607932093,329746,-14.22706,6.401596,14.16937,-6.749178,-6.940676,4.007368,27.4752,-27.96879,18.60063,
638524908608042099,329757,-14.19347,6.386481,14.13592,-6.692832,-6.882731,3.973912,27.42579,-27.91849,18.56717,
638524908608152086,329768,-14.15999,6.371416,14.10257,-6.636672,-6.824976,3.940567,27.37653,-27.86835,18.53383,
638524908608262094,329780,-14.1268,6.356485,14.06952,-6.581011,-6.767737,3.907518,27.32771,-27.81865,18.50078,
638524908608372094,329790,-14.09324,6.341384,14.0361,-6.524717,-6.709845,3.874093,27.27834,-27.76839,18.46735,
638524908608482096,329801,-14.05964,6.326265,14.00263,-6.468356,-6.651886,3.840628,27.22891,-27.71808,18.43389,
638524908608592094,329813,-14.02631,6.311268,13.96944,-6.41245,-6.594393,3.807434,27.17988,-27.66816,18.4007,
638524908608702187,329824,-13.9922,6.295918,13.93546,-6.355227,-6.535547,3.773458,27.12969,-27.61707,18.36672,
638524908608812175,329835,-13.9592,6.281069,13.90259,-6.299875,-6.478625,3.740592,27.08115,-27.56766,18.33385,
638524908608932173,329846,-13.92583,6.266057,13.86937,-6.243911,-6.421072,3.707363,27.03206,-27.51769,18.30062,
638524908609042289,329857,-13.89247,6.251044,13.83614,-6.187945,-6.363519,3.674133,26.98298,-27.46773,18.2674,
638524908609152286,329868,-13.8589,6.235939,13.8027,-24.81424,-33.93068,20,26.9336,-27.41745,18.23396,
638524908609262286,329879,-13.82554,6.220929,13.76948,-24.77301,-33.87431,19.96678,26.88452,-27.3675,18.20074,
638524908609372288,329891,-13.79186,6.205774,13.73594,-24.7314,-33.81741,19.93323,26.83497,-27.31706,18.16719,
638524908609482283,329902,-13.75813,6.190597,13.70234,-24.68971,-33.76041,19.89964,26.78535,-27.26654,18.1336,
638524908609592283,329913,-13.72527,6.175811,13.66961,-24.64911,-33.70489,19.86691,26.73701,-27.21733,18.10087,
638524908609702282,329924,-13.69154,6.160635,13.63602,-24.60743,-33.6479,19.83332,26.68739,-27.16682,18.06728,
638524908609812293,329935,-13.65812,6.145597,13.60274,-24.56614,-33.59143,19.80003,26.63823,-27.11678,18.03399,
638524908609932281,329946,-13.62482,6.130615,13.56958,-24.52499,-33.53518,19.76687,26.58924,-27.06692,18.00083,
638524908610042286,329957,-13.59149,6.115616,13.53638,-24.4838,-33.47885,19.73367,26.54021,-27.01699,17.96763,
638524908610152279,329968,-13.55755,6.100342,13.50257,-24.44186,-33.4215,19.69987,26.49027,-26.96616,17.93383,
638524908610262285,329979,-13.52393,6.085217,13.46909,-24.40032,-33.3647,19.66639,26.44082,-26.91582,17.90035,
638524908610372288,329990,-13.49082,6.070317,13.43611,-24.3594,-33.30875,19.63341,26.3921,-26.86623,17.86737,
638524908610482299,330002,-13.45729,6.055233,13.40273,-24.31798,-33.25211,19.60003,26.34279,-26.81603,17.83399,
638524908610592277,330012,-13.42317,6.03988,13.36874,-24.27581,-33.19445,19.56604,26.29259,-26.76493,17.8,
638524908610702291,330024,-13.39089,6.025353,13.33659,-24.23592,-33.1399,19.53389,26.24509,-26.71659,17.76785,
638524908610812286,330035,-13.35693,6.010073,13.30277,-24.19396,-33.08252,19.50007,26.19514,-26.66573,17.73403,
638524908610922276,330046,-13.32338,5.994979,13.26936,-24.15251,-33.02584,19.46666,26.14579,-26.61549,17.70062,
638524908611042425,330057,-13.29018,5.980041,13.23629,-24.11148,-32.96975,19.43359,26.09695,-26.56578,17.66755,
638524908611152426,330068,-13.25632,5.964803,13.20257,-24.06964,-32.91253,19.39987,26.04713,-26.51506,17.63383,
638524908611262546,330079,-13.22323,5.949916,13.16961,-24.02875,-32.85663,19.36692,25.99846,-26.46552,17.60088,
638524908611372564,330091,-13.18977,5.934859,13.13629,-23.98741,-32.80009,19.33359,25.94923,-26.41541,17.56755,
638524908611482558,330101,-13.15517,5.91929,13.10183,-23.94465,-32.74163,19.29913,25.89833,-26.36359,17.53309,
638524908611592546,330112,-13.12298,5.904804,13.06976,-23.90487,-32.68723,19.26707,25.85096,-26.31538,17.50103,
638524908611702549,330124,-13.08948,5.889731,13.0364,-23.86347,-32.63063,19.23371,25.80168,-26.26521,17.46767,
638524908611812563,330135,-13.0559,5.874623,13.00296,-23.82198,-32.5739,19.20026,25.75229,-26.21493,17.43423,
638524908611922548,330145,-13.02255,5.859615,12.96974,-23.78077,-32.51754,19.16705,25.70322,-26.16498,17.40101,
638524908612042669,330157,-12.98927,5.844643,12.9366,-23.73965,-32.46132,19.13391,25.65427,-26.11515,17.36787,
638524908612152675,330168,-12.95536,5.829383,12.90283,-23.69774,-32.40402,19.10013,25.60438,-26.06436,17.33409,
638524908612252661,330179,-12.92191,5.814332,12.86951,-23.65641,-32.3475,19.06681,25.55517,-26.01427,17.30078,
638524908612372661,330191,-12.88878,5.799424,12.83651,-23.61547,-32.29152,19.03382,25.50643,-25.96465,17.26778,
638524908612482675,330201,-12.85493,5.784193,12.8028,-23.57364,-32.23433,19.00011,25.45663,-25.91396,17.23407,
638524908612592667,330213,-12.82196,5.769361,12.76997,-23.53291,-32.17863,18.96728,25.40814,-25.86459,17.20124,
638524908612702661,330224,-12.78763,5.75391,12.73577,-23.49048,-32.12061,18.93308,25.35762,-25.81317,17.16704,
638524908612807826,330234,-12.75448,5.738994,12.70276,-23.44952,-32.06459,18.90006,25.30886,-25.76353,17.13402,
638524908612927824,330246,-12.7217,5.724244,12.67011,-23.40901,-32.00921,18.86741,25.26063,-25.71444,17.10138,
638524908613043006,330257,-12.68816,5.709155,12.63671,-23.36757,-31.95255,18.83401,25.2113,-25.66422,17.06798,
638524908613142990,330268,-12.65401,5.693785,12.60269,-23.32537,-31.89483,18.8,25.16105,-25.61307,17.03396,
638524908613262986,330280,-12.62135,5.679092,12.57017,-23.28502,-31.83965,18.76748,25.11301,-25.56416,17.00144,
638524908613362998,330290,-12.58703,5.66365,12.53599,-23.24261,-31.78167,18.7333,25.06252,-25.51277,16.96726,
638524908613482988,330301,-12.5541,5.648834,12.5032,-23.20192,-31.72603,18.7005,25.01408,-25.46346,16.93446,
638524908613592976,330312,-12.52093,5.633908,12.47016,-23.16093,-31.66998,18.66747,24.96528,-25.41378,16.90143,
638524908613704342,330324,-12.48736,5.618802,12.43672,-23.11945,-31.61325,18.63403,24.91589,-25.36351,16.86799,
638524908613814341,330335,-12.45373,5.60367,12.40323,-23.07789,-31.55643,18.60054,24.86642,-25.31314,16.8345,
638524908613924335,330346,-12.42036,5.588656,12.37,-23.03666,-31.50005,18.5673,24.81733,-25.26318,16.80127,
638524908614034444,330357,-12.38713,5.573702,12.3369,-22.99559,-31.44389,18.5342,24.76844,-25.21341,16.76817,
638524908614144431,330368,-12.35343,5.558539,12.30333,-22.95395,-31.38695,18.50064,24.71886,-25.16294,16.7346,
638524908614254427,330379,-12.32,5.543496,12.27004,-22.91264,-31.33046,18.46734,24.66968,-25.11287,16.70131,
638524908614374434,330390,-12.28667,5.528499,12.23684,-22.87145,-31.27414,18.43415,24.62065,-25.06296,16.66811,
638524908614474435,330401,-12.25271,5.513219,12.20302,-22.82949,-31.21676,18.40033,24.57069,-25.0121,16.63429,
638524908614594439,330412,-12.21985,5.498433,12.17029,-22.78888,-31.16124,18.3676,24.52235,-24.96289,16.60156,
638524908614704436,330424,-12.18593,5.48317,12.13651,-22.74697,-31.10392,18.33382,24.47244,-24.91209,16.56778,
638524908614814428,330435,-12.15248,5.468121,12.1032,-22.70564,-31.04741,18.30051,24.42324,-24.86201,16.53447,
638524908614924426,330446,-12.11932,5.453202,12.07018,-22.66467,-30.99139,18.26749,24.37447,-24.81236,16.50145,
638524908615034548,330457,-12.08605,5.43823,12.03704,-22.62355,-30.93517,18.23435,24.32552,-24.76252,16.46831,
638524908615144542,330468,-12.05241,5.423092,12.00353,-22.58198,-30.87832,18.20084,24.27602,-24.71214,16.4348,
638524908615254540,330479,-12.01901,5.408063,11.97027,-22.54071,-30.82189,18.16758,24.22689,-24.66212,16.40154,
638524908615374551,330490,-11.98553,5.393002,11.93693,-22.49935,-30.76533,18.13424,24.17764,-24.61199,16.3682,
638524908615474544,330501,-11.95167,5.377762,11.9032,-22.4575,-30.70811,18.10051,24.12782,-24.56128,16.33447,
638524908615594555,330512,-11.91882,5.362983,11.87049,-22.41691,-30.65261,18.06779,24.0795,-24.51209,16.30176,
638524908615704563,330524,-11.88531,5.347905,11.83711,-22.37551,-30.59599,18.03442,24.03021,-24.46191,16.26838,
638524908615814538,330534,-11.85152,5.332698,11.80346,-22.33374,-30.53889,18.00076,23.98049,-24.4113,16.23472,
638524908615924538,330545,-11.81843,5.317813,11.77051,-22.29287,-30.48299,17.96782,23.93182,-24.36176,16.20178,
638524908616044661,330557,-11.78499,5.302763,11.7372,-22.25154,-30.42648,17.9345,23.88262,-24.31166,16.16846,
638524908616144653,330568,-11.75023,5.287122,11.70258,-22.20858,-30.36774,17.89988,23.83148,-24.25961,16.13384,
638524908616254763,330579,-11.7178,5.272532,11.67029,-22.16852,-30.31296,17.86759,23.78378,-24.21105,16.10155,
638524908616374759,330591,-11.68449,5.257543,11.63711,-22.12735,-30.25667,17.83442,23.73478,-24.16117,16.06838,
638524908616474757,330601,-11.64928,5.241702,11.60204,-22.08385,-30.19719,17.79935,23.68298,-24.10844,16.03331,
638524908616594770,330612,-11.61739,5.227353,11.57028,-22.04445,-30.1433,17.76759,23.63607,-24.06069,16.00155,
638524908616704755,330624,-11.58415,5.212395,11.53718,-22.00337,-30.08714,17.73449,23.58717,-24.01091,15.96845,
638524908616814751,330634,-11.55006,5.197055,11.50322,-21.96124,-30.02954,17.70053,23.53702,-23.95985,15.93449,
638524908616924755,330646,-11.51727,5.182302,11.47057,-21.92072,-29.97413,17.66788,23.48878,-23.91075,15.90184,
638524908617034761,330657,-11.48356,5.167133,11.43699,-21.87907,-29.91717,17.6343,23.43919,-23.86027,15.86826,
638524908617144761,330668,-11.45012,5.152086,11.40369,-21.83775,-29.86067,17.601,23.38999,-23.81019,15.83496,
638524908617254753,330679,-11.41692,5.137145,11.37062,-21.79672,-29.80456,17.56793,23.34114,-23.76046,15.80189,
638524908617374754,330690,-11.3833,5.122019,11.33714,-21.75518,-29.74776,17.53445,23.29169,-23.71012,15.76841,
638524908617474770,330701,-11.34903,5.1066,11.30301,-21.71283,-29.68986,17.50032,23.24128,-23.6588,15.73428,
638524908617594765,330712,-11.31624,5.091843,11.27035,-21.67231,-29.63445,17.46765,23.19303,-23.60969,15.70162,
638524908617704761,330723,-11.28299,5.076885,11.23724,-21.63123,-29.57828,17.43455,23.14412,-23.5599,15.66851,
638524908617814756,330734,-11.24948,5.061804,11.20386,-21.58982,-29.52165,17.40117,23.09482,-23.50971,15.63513,
638524908617924761,330746,-11.21632,5.046885,11.17084,-21.54884,-29.46562,17.36814,23.04604,-23.46006,15.6021,
638524908618034886,330756,-11.18166,5.031291,11.13632,-21.50602,-29.40707,17.33363,22.99505,-23.40816,15.56759,
638524908618144887,330768,-11.14915,5.016662,11.10394,-21.46584,-29.35213,17.30124,22.94723,-23.35947,15.53521,
638524908618254872,330779,-11.11587,5.001686,11.07079,-21.42472,-29.2959,17.2681,22.89826,-23.30963,15.50206,
638524908618364898,330790,-11.08233,4.986595,11.03739,-21.38328,-29.23923,17.2347,22.84892,-23.2594,15.46866,
638524908618474882,330801,-11.04864,4.971436,11.00384,-21.34165,-29.1823,17.20114,22.79936,-23.20895,15.43511,
638524908618594882,330812,-11.01538,4.956471,10.97071,-21.30055,-29.12611,17.16802,22.75043,-23.15914,15.40198,
638524908618704712,330823,-10.98178,4.941351,10.93725,-21.25903,-29.06933,17.13455,22.701,-23.10882,15.36852,
638524908618814715,330834,-10.94827,4.926271,10.90387,-21.21762,-29.0127,17.10117,22.6517,-23.05863,15.33514,
638524908618924712,330845,-10.91529,4.911434,10.87103,-21.17687,-28.95699,17.06833,22.60319,-23.00925,15.3023,
638524908619034827,330857,-10.88147,4.896215,10.83734,-21.13508,-28.89984,17.03465,22.55343,-22.9586,15.26861,
638524908619144810,330868,-10.84795,4.881132,10.80396,-21.09365,-28.8432,17.00126,22.50412,-22.9084,15.23523,
638524908619254803,330879,-10.81479,4.866214,10.77094,-21.05269,-28.78718,16.96824,22.45534,-22.85875,15.20221,
638524908619374824,330890,-10.78106,4.851035,10.73734,-21.011,-28.73018,16.93464,22.40572,-22.80823,15.16861,
638524908619484807,330901,-10.74712,4.835762,10.70354,-20.96906,-28.67283,16.90084,22.35578,-22.7574,15.1348,
638524908619594813,330912,-10.71395,4.82084,10.67051,-20.92808,-28.6168,16.86781,22.307,-22.70774,15.10178,
638524908619704818,330923,-10.6805,4.805787,10.63719,-20.88674,-28.56027,16.83449,22.25778,-22.65764,15.06846,
638524908619814813,330934,-10.64709,4.790754,10.60392,-20.84546,-28.50382,16.80122,22.20863,-22.6076,15.03518,
638524908619924811,330945,-10.61396,4.775846,10.57092,-20.80452,-28.44784,16.76822,22.15989,-22.55799,15.00219,
638524908620034932,330957,-10.58051,4.760793,10.5376,-20.76318,-28.39132,16.7349,22.11068,-22.50789,14.96887,
638524908620144924,330968,-10.54702,4.745726,10.50425,-20.72181,-28.33474,16.70155,22.06141,-22.45774,14.93552,
638524908620254912,330979,-10.51343,4.730612,10.4708,-20.6803,-28.27798,16.6681,22.012,-22.40744,14.90207,
638524908620364988,330990,-10.48022,4.715668,10.43772,-20.63926,-28.22187,16.63502,21.96314,-22.3577,14.86899,
638524908620474919,331001,-10.44659,4.700536,10.40423,-20.5977,-28.16505,16.60153,21.91367,-22.30734,14.8355,
638524908620594917,331012,-10.41322,4.685522,10.37099,-20.55647,-28.10867,16.56829,21.86458,-22.25737,14.80226,
638524908620704932,331023,-10.37939,4.6703,10.3373,-20.51467,-28.05151,16.5346,21.81481,-22.20671,14.76857,
638524908620814920,331034,-10.34615,4.655342,10.30419,-20.47359,-27.99534,16.5015,21.76591,-22.15693,14.73546,
638524908620924927,331045,-10.31274,4.64031,10.27092,-20.43231,-27.93889,16.46822,21.71676,-22.1069,14.70219,
638524908621035061,331057,-10.27966,4.625423,10.23797,-20.39143,-27.88299,16.43527,21.66809,-22.05735,14.66924,
638524908621145048,331068,-10.24525,4.609942,10.20371,-20.34892,-27.82486,16.40101,21.61748,-22.00583,14.63497,
638524908621255188,331079,-10.21254,4.595222,10.17112,-20.30849,-27.76958,16.36842,21.56935,-21.95684,14.60239,
638524908621365175,331090,-10.17921,4.580224,10.13793,-20.2673,-27.71326,16.33523,21.52031,-21.90692,14.5692,
638524908621475191,331101,-10.14559,4.565096,10.10444,-20.22576,-27.65645,16.30174,21.47085,-21.85657,14.53571,
638524908621585172,331112,-10.11216,4.550054,10.07115,-20.18445,-27.59997,16.26845,21.42167,-21.80651,14.50242,
638524908621705187,331123,-10.07865,4.534977,10.03778,-20.14304,-27.54335,16.23508,21.37238,-21.75633,14.46905,
638524908621805175,331134,-10.04417,4.519462,10.00344,-20.10044,-27.48509,16.20074,21.32165,-21.70469,14.4347,
638524908621925180,331145,-10.01201,4.50499,9.971404,-20.06069,-27.43075,16.1687,21.27434,-21.65653,14.40267,
638524908622035302,331157,-9.978285,4.489817,9.93782,-20.01903,-27.37377,16.13512,21.22473,-21.60603,14.36909,
638524908622145296,331167,-9.94435,4.474548,9.904023,-19.97709,-27.31644,16.10132,21.17481,-21.55521,14.33529,
638524908622255297,331179,-9.911646,4.459832,9.871451,-19.93668,-27.26118,16.06875,21.1267,-21.50624,14.30272,
638524908622425316,331196,-9.876718,4.444116,9.836665,-19.89352,-27.20216,16.03397,21.07531,-21.45393,14.26793,
638524908622525291,331205,-9.826707,4.421614,9.786858,-19.83173,-27.11766,15.98416,21.00174,-21.37904,14.21813,
638524908622685295,331221,-9.797955,4.408677,9.758223,-19.7962,-27.06908,15.95552,20.95944,-21.33598,14.18949,
638524908622755305,331229,-9.74999,4.387094,9.710453,-19.73693,-26.98804,15.90775,20.88888,-21.26415,14.14172,
638524908622805290,331234,-9.7279,4.377154,9.688452,-19.70963,-26.95071,15.88575,20.85638,-21.23107,14.11972,
638524908622885298,331241,-9.710711,4.369421,9.671333,-19.68839,-26.92167,15.86863,20.8311,-21.20533,14.1026,
638524908622997923,331252,-9.689136,4.359712,9.649844,-19.66173,-26.88521,15.84715,20.79936,-21.17302,14.08111,
638524908623107921,331264,-9.655455,4.344557,9.6163,-19.62011,-26.8283,15.8136,20.74981,-21.12258,14.04757,
638524908623217927,331275,-9.621957,4.329484,9.582937,-19.57872,-26.7717,15.78024,20.70053,-21.07241,14.01421,
638524908623327934,331286,-9.588261,4.314322,9.549378,-19.53708,-26.71477,15.74668,20.65096,-21.02195,13.98065,
638524908623437930,331297,-9.554852,4.29929,9.516105,-19.4958,-26.65832,15.71341,20.60181,-20.97192,13.94737,
638524908623547946,331308,-9.521821,4.284428,9.483209,-19.45498,-26.60251,15.68051,20.55322,-20.92246,13.91448,
638524908623663130,331319,-9.487989,4.269205,9.449514,-19.41318,-26.54534,15.64682,20.50345,-20.87179,13.88078,
638524908623773135,331330,-9.454791,4.254266,9.416451,-19.37216,-26.48925,15.61375,20.45461,-20.82207,13.84772,
638524908623883128,331341,-9.421305,4.239199,9.3831,-19.33078,-26.43267,15.5804,20.40534,-20.77193,13.81437,
638524908623987521,331352,-9.387835,4.224138,9.349765,-19.28942,-26.37611,15.54707,20.35611,-20.7218,13.78103,
638524908624107261,331364,-9.354621,4.209194,9.316687,-19.24838,-26.31999,15.51399,20.30725,-20.67207,13.74796,
638524908624217265,331375,-9.320961,4.194048,9.283163,-19.20679,-26.26312,15.48046,20.25773,-20.62166,13.71443,
638524908624327263,331386,-9.287643,4.179056,9.24998,-19.16562,-26.20683,15.44728,20.20871,-20.57176,13.68125,
638524908624437276,331397,-9.25402,4.163927,9.216493,-19.12407,-26.15001,15.41379,20.15925,-20.52141,13.64776,
638524908624547263,331408,-9.22052,4.148853,9.183128,-19.08267,-26.09341,15.38043,20.10996,-20.47124,13.6144,
