time(100ns),time_stamp(ms),object1.x,object1.y,object1.z,object2.x,object2.y,object2.z,object3.x,object3.y,object3.z,
638524908416607056,310614,7.536373,3.660057,20,21.77608,10.92931,20,-16.79491,24.28299,20,
638524908416677049,310621,7.519221,3.651727,19.95448,21.72652,10.90443,19.95448,-16.75669,24.22772,19.95448,
638524908416777047,310631,7.511227,3.647845,19.93327,21.70342,10.89284,19.93327,-16.73888,24.20196,19.93327,
638524908416887053,310642,7.500378,3.642576,19.90447,21.67208,10.8771,19.90447,-16.7147,24.167,19.90447,
638524908416997056,310653,7.487873,3.636503,19.87129,21.63594,10.85897,19.87129,-16.68683,24.12671,19.87129,
638524908417107064,310664,7.475299,3.630396,19.83792,21.59961,10.84073,19.83792,-16.65881,24.0862,19.83792,
638524908417217048,310675,7.462792,3.624322,19.80473,21.56347,10.8226,19.80473,-16.63094,24.0459,19.80473,
638524908417337056,310687,7.450121,3.618169,19.7711,21.52686,10.80422,19.7711,-16.6027,24.00507,19.7711,
638524908417437049,310697,7.437207,3.611897,19.73683,21.48955,10.78549,19.73683,-16.57392,23.96346,19.73683,
638524908417557050,310708,7.425167,3.606049,19.70488,21.45476,10.76803,19.70488,-16.54709,23.92467,19.70488,
638524908417667055,310719,7.412519,3.599906,19.67131,21.41821,10.74969,19.67131,-16.5189,23.88391,19.67131,
638524908417777054,310730,7.399992,3.593823,19.63807,21.38201,10.73152,19.63807,-16.49099,23.84355,19.63807,
638524908417887045,310742,7.38755,3.587781,19.60505,21.34607,10.71348,19.60505,-16.46326,23.80346,19.60505,
638524908417997055,310753,7.374933,3.581653,19.57157,21.30961,10.69518,19.57157,-16.43515,23.76281,19.57157,
638524908418107055,310764,7.362367,3.575551,19.53822,21.2733,10.67696,19.53822,-16.40714,23.72232,19.53822,
638524908418217059,310775,7.349861,3.569477,19.50503,21.23716,10.65882,19.50503,-16.37927,23.68202,19.50503,
638524908418327052,310786,7.337294,3.563374,19.47168,21.20085,10.6406,19.47168,-16.35127,23.64153,19.47168,
638524908418447053,310797,7.324548,3.557184,19.43786,21.16402,10.62211,19.43786,-16.32286,23.60046,19.43786,
638524908418547045,310808,7.311833,3.551008,19.40411,21.12728,10.60367,19.40411,-16.29453,23.55949,19.40411,
638524908418667056,310819,7.299597,3.545066,19.37164,21.09193,10.58593,19.37164,-16.26726,23.52007,19.37164,
638524908418777054,310830,7.286935,3.538917,19.33804,21.05534,10.56757,19.33804,-16.23904,23.47927,19.33804,
638524908418887052,310842,7.27445,3.532853,19.3049,21.01927,10.54946,19.3049,-16.21122,23.43904,19.3049,
638524908418997054,310853,7.261893,3.526755,19.27158,20.98298,10.53125,19.27158,-16.18324,23.39858,19.27158,
638524908419107057,310864,7.249439,3.520706,19.23853,20.947,10.51319,19.23853,-16.15548,23.35845,19.23853,
638524908419217059,310875,7.23689,3.514612,19.20523,20.91074,10.49499,19.20523,-16.12752,23.31802,19.20523,
638524908419327060,310886,7.224276,3.508486,19.17175,20.87429,10.4767,19.17175,-16.09941,23.27737,19.17175,
638524908419437067,310897,7.211666,3.502362,19.13829,20.83785,10.45841,19.13829,-16.07131,23.23674,19.13829,
638524908419547050,310908,7.199132,3.496275,19.10503,20.80164,10.44023,19.10503,-16.04338,23.19636,19.10503,
638524908419667060,310919,7.186588,3.490183,19.07174,20.76539,10.42204,19.07174,-16.01542,23.15594,19.07174,
638524908419807056,310934,7.173921,3.484031,19.03812,20.72879,10.40367,19.03812,-15.98719,23.11512,19.03812,
638524908419917067,310945,7.158043,3.47632,18.99598,20.68291,10.38064,18.99598,-15.95181,23.06396,18.99598,
638524908420027065,310956,7.145213,3.470089,18.96194,20.64584,10.36204,18.96194,-15.92321,23.02262,18.96194,
638524908420177053,310970,7.133161,3.464236,18.92995,20.61102,10.34456,18.92995,-15.89636,22.98379,18.92995,
638524908420237075,310977,7.116417,3.456104,18.88552,20.56263,10.32028,18.88552,-15.85904,22.92984,18.88552,
638524908420297068,310983,7.109107,3.452554,18.86612,20.54151,10.30968,18.86612,-15.84275,22.90629,18.86612,
638524908420417203,310995,7.101987,3.449096,18.84722,20.52094,10.29935,18.84722,-15.82689,22.88335,18.84722,
638524908420527193,311006,7.089052,3.442814,18.8129,20.48356,10.28059,18.8129,-15.79806,22.84167,18.8129,
638524908420637207,311017,7.076649,3.436791,18.77998,20.44773,10.26261,18.77998,-15.77042,22.8017,18.77998,
638524908420747202,311028,7.064089,3.430691,18.74665,20.41143,10.24439,18.74665,-15.74243,22.76123,18.74665,
638524908420857201,311039,7.051483,3.424569,18.71319,20.37501,10.22611,18.71319,-15.71434,22.72061,18.71319,
638524908420967201,311050,7.03895,3.418482,18.67993,20.33879,10.20794,18.67993,-15.68641,22.68023,18.67993,
638524908421077207,311061,7.02652,3.412445,18.64695,20.30288,10.18991,18.64695,-15.65871,22.64018,18.64695,
638524908421187200,311072,7.013772,3.406255,18.61312,20.26604,10.17142,18.61312,-15.6303,22.59911,18.61312,
638524908421307201,311083,7.001383,3.400237,18.58024,20.23025,10.15345,18.58024,-15.60269,22.55919,18.58024,
638524908421417207,311094,6.988604,3.394031,18.54632,20.19332,10.13492,18.54632,-15.57421,22.51801,18.54632,
638524908421527201,311105,6.976153,3.387985,18.51328,20.15735,10.11687,18.51328,-15.54646,22.4779,18.51328,
638524908421637193,311117,6.96368,3.381927,18.48018,20.12131,10.09878,18.48018,-15.51867,22.4377,18.48018,
638524908421747200,311128,6.951072,3.375804,18.44673,20.08488,10.08049,18.44673,-15.49057,22.39708,18.44673,
638524908421857199,311139,6.938541,3.369719,18.41347,20.04867,10.06232,18.41347,-15.46264,22.35671,18.41347,
638524908421967204,311150,6.925992,3.363624,18.38017,20.01241,10.04412,18.38017,-15.43468,22.31627,18.38017,
638524908422077192,311161,6.913345,3.357482,18.34661,19.97587,10.02578,18.34661,-15.40649,22.27552,18.34661,
638524908422187222,311172,6.900859,3.351418,18.31347,19.93979,10.00768,18.31347,-15.37867,22.23529,18.31347,
638524908422297195,311183,6.888252,3.345296,18.28001,19.90336,9.989393,18.28001,-15.35058,22.19467,18.28001,
638524908422417206,311194,32.70938,16.23151,20,19.86756,9.971427,18.24714,-15.32297,22.15475,18.24714,
638524908422527216,311205,32.65392,16.20398,19.96609,19.83064,9.952893,18.21322,-15.29449,22.11357,18.21322,
638524908422637200,311216,32.60021,16.17733,19.93325,19.79489,9.93495,18.18039,-15.26691,22.07371,18.18039,
638524908422747197,311228,32.54569,16.15028,19.89991,19.75859,9.916731,18.14705,-15.23892,22.03323,18.14705,
638524908422857194,311239,32.49086,16.12307,19.86639,19.72209,9.898413,18.11353,-15.21077,21.99253,18.11353,
638524908422967386,311250,32.43674,16.09621,19.8333,19.68606,9.880329,18.08043,-15.18298,21.95235,18.08043,
638524908423077201,311261,32.38222,16.06916,19.79996,19.64976,9.862111,18.0471,-15.15498,21.91187,18.0471,
638524908423187213,311272,32.32766,16.04208,19.7666,19.61343,9.843881,18.01374,-15.12697,21.87136,18.01374,
638524908423297193,311283,32.27293,16.01493,19.73314,19.577,9.825596,17.98028,-15.09887,21.83074,17.98028,
638524908423407206,311294,32.21867,15.988,19.69996,19.54087,9.807463,17.94709,-15.07101,21.79045,17.94709,
638524908423527220,311306,32.16407,15.96091,19.66658,19.50453,9.789221,17.91371,-15.04297,21.74992,17.91371,
638524908423637203,311316,32.10902,15.93359,19.63291,19.46788,9.770825,17.88005,-15.01471,21.70905,17.88005,
638524908423747191,311328,32.05511,15.90684,19.59995,19.43199,9.752813,17.84709,-14.98703,21.66903,17.84709,
638524908423857201,311339,31.99947,15.87923,19.56593,19.39495,9.734222,17.81307,-14.95846,21.62773,17.81307,
638524908423977195,311350,31.94407,15.85174,19.53206,19.35806,9.715712,17.7792,-14.93001,21.5866,17.7792,
638524908424087203,311362,31.88842,15.82412,19.49803,19.32102,9.697117,17.74517,-14.90144,21.54528,17.74517,
638524908424207197,311373,31.83271,15.79648,19.46397,19.28393,9.678503,17.71111,-14.87284,21.50393,17.71111,
638524908424317211,311384,31.77593,15.7683,19.42925,19.24613,9.659532,17.67639,-14.84368,21.46178,17.67639,
638524908424427197,311396,31.72171,15.74139,19.3961,19.21003,9.641414,17.64323,-14.81584,21.42152,17.64323,
638524908424537196,311407,31.6659,15.7137,19.36197,19.17287,9.622765,17.60911,-14.78718,21.38009,17.60911,
638524908424657204,311418,31.60925,15.68559,19.32734,19.13516,9.603838,17.57447,-14.7581,21.33804,17.57447,
638524908424767204,311430,31.55473,15.65853,19.294,19.09886,9.585619,17.54113,-14.7301,21.29756,17.54113,
638524908424877203,311441,31.49936,15.63106,19.26015,19.062,9.567121,17.50728,-14.70168,21.25645,17.50728,
638524908424997202,311452,31.44283,15.60301,19.22558,19.02436,9.54823,17.47271,-14.67265,21.21448,17.47271,
638524908425107198,311464,31.38758,15.57559,19.1918,18.98758,9.52977,17.43893,-14.64428,21.17347,17.43893,
638524908425217202,311475,31.33175,15.54789,19.15766,18.95042,9.511116,17.4048,-14.61562,21.13202,17.4048,
638524908425337197,311486,31.27669,15.52056,19.12399,18.91376,9.492717,17.37113,-14.58734,21.09114,17.37113,
638524908425447202,311498,31.22116,15.49301,19.09004,18.87679,9.474163,17.33718,-14.55883,21.04992,17.33718,
638524908425557210,311509,31.16575,15.46551,19.05616,18.8399,9.455648,17.3033,-14.53038,21.00879,17.3033,
638524908425677200,311520,31.11001,15.43785,19.02208,18.80279,9.437024,17.26921,-14.50176,20.96741,17.26921,
638524908425787201,311532,31.05478,15.41044,18.9883,18.76602,9.418569,17.23544,-14.4734,20.9264,17.23544,
638524908425897195,311543,30.99849,15.38251,18.95389,18.72855,9.399763,17.20103,-14.4445,20.88462,17.20103,
638524908426007198,311554,30.94324,15.3551,18.92011,18.69177,9.381303,17.16725,-14.41613,20.8436,17.16725,
638524908426127190,311565,30.88939,15.32837,18.88718,18.65591,9.363306,17.13432,-14.38848,20.80362,17.13432,
638524908426227201,311576,30.83356,15.30067,18.85304,18.61875,9.344653,17.10018,-14.35981,20.76217,17.10018,
638524908426337194,311587,30.78033,15.27425,18.82049,18.58331,9.326865,17.06763,-14.33248,20.72265,17.06763,
638524908426457202,311598,30.72605,15.24732,18.78731,18.54718,9.308731,17.03445,-14.30461,20.68236,17.03445,
638524908426567196,311610,30.67141,15.2202,18.7539,18.5108,9.290473,17.00104,-14.27656,20.64179,17.00104,
638524908426677211,311621,30.61667,15.19304,18.72043,18.47436,9.272184,16.96757,-14.24845,20.60116,16.96757,
638524908426787204,311632,30.56144,15.16563,18.68666,18.43758,9.253728,16.93379,-14.22009,20.56015,16.93379,
638524908426897204,311643,30.50785,15.13904,18.65389,18.40191,9.235822,16.90103,-14.19258,20.52037,16.90103,
638524908427007201,311654,30.45319,15.11191,18.62047,18.36552,9.217559,16.86761,-14.16451,20.47979,16.86761,
638524908427117201,311665,30.39882,15.08493,18.58722,18.32932,9.199389,16.83436,-14.13659,20.43942,16.83436,
638524908427237206,311676,30.34451,15.05798,18.55402,18.29317,9.181246,16.80116,-14.10871,20.39911,16.80116,
638524908427347203,311687,30.28888,15.03038,18.52,18.25613,9.162657,16.76714,-14.08014,20.35781,16.76714,
638524908427457204,311698,30.23521,15.00374,18.48719,18.2204,9.144724,16.73432,-14.05259,20.31796,16.73432,
638524908427567197,311710,30.1809,14.97679,18.45398,18.18424,9.126575,16.70111,-14.0247,20.27764,16.70111,
638524908427677202,311721,30.12661,14.94985,18.42078,18.1481,9.108435,16.66792,-13.99682,20.23734,16.66792,
638524908427787197,311732,30.07219,14.92284,18.3875,18.11187,9.090251,16.63464,-13.96888,20.19694,16.63464,
638524908427897192,311743,30.0175,14.89571,18.35407,18.07546,9.071979,16.6012,-13.9408,20.15634,16.6012,
638524908428007202,311754,29.96304,14.86868,18.32077,18.0392,9.053781,16.5679,-13.91284,20.11591,16.5679,
638524908428117205,311765,29.90836,14.84155,18.28733,18.0028,9.035512,16.53447,-13.88476,20.07532,16.53447,
638524908428237201,311776,29.85325,14.8142,18.25364,17.96611,9.017097,16.50077,-13.85646,20.0344,16.50077,
638524908428347201,311788,29.799,14.78728,18.22047,17.92999,8.998972,16.46761,-13.82861,19.99413,16.46761,
638524908428457195,311798,29.74403,14.76,18.18686,17.8934,8.980605,16.434,-13.80039,19.95332,16.434,
638524908428567197,311810,29.69064,14.73351,18.15421,17.85785,8.962764,16.40135,-13.77297,19.91368,16.40135,
638524908428677209,311821,29.63581,14.7063,18.12069,17.82135,8.944445,16.36782,-13.74482,19.87298,16.36782,
638524908428787197,311832,29.58169,14.67944,18.08759,17.78532,8.92636,16.33473,-13.71703,19.8328,16.33473,
638524908428897201,311843,29.52694,14.65228,18.05412,17.74887,8.908067,16.30126,-13.68892,19.79216,16.30126,
638524908429007203,311854,29.47262,14.62532,18.02091,17.71271,8.889918,16.26805,-13.66103,19.75183,16.26805,
638524908429117209,311865,29.41832,14.59837,17.9877,17.67656,8.871773,16.23484,-13.63315,19.71152,16.23484,
638524908429227204,311876,29.36386,14.57135,17.9544,17.6403,8.853575,16.20154,-13.60518,19.67109,16.20154,
638524908429347197,311888,29.30907,14.54416,17.92091,17.60383,8.835271,16.16805,-13.57705,19.63042,16.16805,
638524908429457204,311898,29.25361,14.51664,17.887,17.5669,8.816738,16.13413,-13.54857,19.58924,16.13413,
638524908429567204,311909,29.2001,14.49009,17.85428,17.53128,8.798858,16.10141,-13.5211,19.54951,16.10141,
638524908429677213,311921,29.1456,14.46304,17.82095,17.495,8.780647,16.06809,-13.49311,19.50905,16.06809,
638524908429787193,311932,29.09135,14.43612,17.78778,17.45888,8.762523,16.03492,-13.46526,19.46879,16.03492,
638524908429897195,311943,29.03537,14.40834,17.75355,17.42161,8.743817,16.00069,-13.43652,19.42723,16.00069,
638524908430007202,311954,28.98182,14.38177,17.72081,17.38596,8.725924,15.96795,-13.40902,19.38747,15.96795,
638524908430117204,311965,28.92717,14.35465,17.6874,17.34958,8.707664,15.93453,-13.38096,19.3469,15.93453,
638524908430227205,311976,28.87294,14.32774,17.65423,17.31347,8.689544,15.90137,-13.35312,19.30664,15.90137,
638524908430347213,311987,28.81861,14.30078,17.62102,17.27731,8.671392,15.86816,-13.32522,19.26631,15.86816,
638524908430447197,311998,28.76342,14.27339,17.58727,17.24056,8.652949,15.8344,-13.29688,19.22533,15.8344,
638524908430567195,312009,28.70968,14.24673,17.55441,17.20479,8.634995,15.80155,-13.26929,19.18544,15.80155,
638524908430677207,312021,28.6552,14.21969,17.5211,17.16852,8.616791,15.76824,-13.24132,19.14499,15.76824,
638524908430787203,312032,28.60077,14.19268,17.48781,17.13228,8.598602,15.73495,-13.21337,19.10458,15.73495,
638524908430897212,312043,28.54596,14.16548,17.45431,17.09579,8.580291,15.70144,-13.18523,19.06389,15.70144,
638524908431012378,312054,28.49027,14.13785,17.42025,17.05872,8.561682,15.66739,-13.15663,19.02255,15.66739,
638524908431122382,312065,28.43593,14.11088,17.38703,17.02254,8.543527,15.63417,-13.12873,18.98221,15.63417,
638524908431232384,312077,28.38182,14.08403,17.35394,16.98652,8.525444,15.60108,-13.10095,18.94204,15.60108,
638524908431342393,312088,28.3267,14.05668,17.32024,16.94982,8.507029,15.56738,-13.07265,18.90112,15.56738,
638524908431452394,312099,28.27174,14.0294,17.28664,16.91323,8.488663,15.53377,-13.04443,18.86032,15.53377,
638524908431562390,312110,28.21748,14.00248,17.25346,16.8771,8.470531,15.50059,-13.01656,18.82003,15.50059,
638524908431682389,312121,28.16307,13.97548,17.22019,16.84088,8.452352,15.46732,-12.98863,18.77964,15.46732,
638524908431792889,312132,28.10885,13.94857,17.18704,16.80479,8.434237,15.43418,-12.96079,18.73939,15.43418,
638524908431902381,312144,28.05403,13.92137,17.15352,16.76829,8.415918,15.40065,-12.93264,18.69869,15.40065,
638524908432002382,312154,27.99838,13.89375,17.11949,16.73124,8.397323,15.36662,-12.90407,18.65738,15.36662,
638524908432122370,312165,27.94689,13.8682,17.08801,16.69696,8.380119,15.33514,-12.87763,18.61915,15.33514,
638524908432237537,312177,27.89247,13.8412,17.05473,16.66073,8.361934,15.30187,-12.84968,18.57875,15.30187,
638524908432337534,312187,27.83537,13.81286,17.01982,16.62272,8.342857,15.26696,-12.82037,18.53636,15.26696,
638524908432447540,312198,27.78334,13.78704,16.98801,16.58808,8.32547,15.23514,-12.79365,18.49773,15.23514,
638524908432557534,312209,27.72876,13.75996,16.95464,16.55175,8.307236,15.20177,-12.76563,18.45722,15.20177,
638524908432677540,312220,27.6743,13.73294,16.92134,16.51549,8.289039,15.16847,-12.73767,18.41679,15.16847,
638524908432787532,312232,27.62007,13.70602,16.88818,16.47939,8.270917,15.13531,-12.70982,18.37652,15.13531,
638524908432897532,312243,27.56521,13.6788,16.85464,16.44287,8.252587,15.10177,-12.68165,18.3358,15.10177,
638524908433007538,312254,27.51077,13.65179,16.82135,16.40662,8.234398,15.06848,-12.6537,18.29539,15.06848,
638524908433117538,312265,27.45647,13.62484,16.78815,16.37047,8.216252,15.03528,-12.62582,18.25507,15.03528,
638524908433227543,312276,27.40197,13.59779,16.75482,16.33419,8.198042,15.00196,-12.59783,18.21461,15.00196,
638524908433337539,312287,27.34713,13.57058,16.72129,16.29768,8.179719,14.96843,-12.56968,18.1739,14.96843,
638524908433447542,312298,27.29304,13.54374,16.68822,16.26167,8.161645,14.93535,-12.5419,18.13374,14.93535,
638524908433567654,312309,27.2384,13.51663,16.65481,16.22529,8.143387,14.90194,-12.51385,18.09318,14.90194,
638524908433673495,312320,27.18344,13.48936,16.6212,16.1887,8.125025,14.86834,-12.48563,18.05238,14.86834,
638524908433783389,312332,27.12929,13.46248,16.58809,16.15265,8.106929,14.83522,-12.45782,18.01217,14.83522,
638524908433893388,312343,27.07467,13.43538,16.55469,16.11629,8.088678,14.80183,-12.42978,17.97162,14.80183,
638524908434003383,312354,27.02053,13.40851,16.5216,16.08025,8.070591,14.76873,-12.40198,17.93144,14.76873,
638524908434123385,312365,26.96588,13.38139,16.48818,16.04386,8.052329,14.73531,-12.37392,17.89086,14.73531,
638524908434233385,312376,26.91043,13.35388,16.45427,16.00694,8.033801,14.70141,-12.34545,17.8497,14.70141,
638524908434343387,312387,26.85689,13.32731,16.42153,15.9713,8.01591,14.66867,-12.31796,17.80994,14.66867,
638524908434453395,312399,26.80244,13.30029,16.38824,15.93505,7.997718,14.63538,-12.29,17.76952,14.63538,
638524908434563506,312409,26.74745,13.273,16.35462,15.89844,7.979342,14.60175,-12.26176,17.7287,14.60175,
638524908434673502,312420,26.69331,13.24613,16.32151,15.8624,7.961253,14.56865,-12.23396,17.68851,14.56865,
638524908434783510,312432,26.63883,13.2191,16.2882,15.82613,7.94305,14.53534,-12.20599,17.64806,14.53534,
638524908434893505,312443,26.5844,13.19209,16.25492,15.78989,7.924861,14.50205,-12.17804,17.60765,14.50205,
638524908435003503,312454,26.53001,13.1651,16.22166,15.75368,7.906688,14.4688,-12.15012,17.56727,14.4688,
638524908435113503,312465,26.47519,13.13789,16.18814,15.71718,7.888371,14.43528,-12.12197,17.52657,14.43528,
638524908435223504,312476,26.42093,13.11097,16.15497,15.68106,7.870242,14.4021,-12.09411,17.48629,14.4021,
638524908435333515,312487,26.36629,13.08385,16.12156,15.64468,7.851984,14.36869,-12.06605,17.44573,14.36869,
638524908435453502,312498,26.31229,13.05706,16.08854,15.60873,7.833941,14.33567,-12.03833,17.40564,14.33567,
638524908435563507,312509,26.25739,13.02981,16.05497,15.57219,7.815598,14.30211,-12.01014,17.36489,14.30211,
638524908435673505,312520,26.20308,13.00286,16.02176,15.53603,7.797451,14.2689,-11.98225,17.32457,14.2689,
638524908435783503,312531,26.14871,12.97588,15.98852,15.49983,7.779283,14.23565,-11.95433,17.2842,14.23565,
638524908435893500,312543,26.09424,12.94885,15.95521,15.46357,7.761084,14.20235,-11.92637,17.24376,14.20235,
638524908436003504,312554,26.03918,12.92153,15.92155,-3.617051,7.632674,20,-11.8981,17.20289,14.16868,
638524908436113505,312565,25.98528,12.89478,15.88859,-3.61109,7.620095,19.96704,-11.87042,17.16287,14.13572,
638524908436223513,312576,25.93078,12.86774,15.85527,-3.605064,7.607378,19.93372,-11.84244,17.12241,14.1024,
638524908436343503,312587,25.87601,12.84056,15.82178,-3.599008,7.594599,19.90023,-11.81432,17.08175,14.06892,
638524908436453505,312598,25.82184,12.81368,15.78866,-3.593017,7.581957,19.8671,-11.7865,17.04154,14.03579,
638524908436563608,312609,25.76722,12.78657,15.75526,-3.586977,7.569211,19.83371,-11.75845,17.00099,14.00239,
638524908436673606,312620,25.71243,12.75939,15.72176,-3.580919,7.556428,19.80021,-11.73033,16.96032,13.9689,
638524908436783616,312631,25.65818,12.73247,15.68859,-3.57492,7.543769,19.76704,-11.70247,16.92004,13.93573,
638524908436893613,312643,25.6036,12.70538,15.65521,-3.568884,7.531031,19.73366,-11.67444,16.87952,13.90235,
638524908437003611,312654,25.54889,12.67823,15.62176,-3.562834,7.518265,19.70021,-11.64635,16.8389,13.8689,
638524908437113626,312665,25.49393,12.65096,15.58816,-3.556757,7.505441,19.66661,-11.61813,16.79811,13.83529,
638524908437223620,312676,25.44032,12.62436,15.55537,-3.550828,7.49293,19.63383,-11.5906,16.7583,13.80251,
638524908437333609,312687,25.38574,12.59727,15.52201,-3.544793,7.480196,19.60046,-11.56258,16.71779,13.76914,
638524908437453613,312698,25.33139,12.5703,15.48877,-3.538783,7.467513,19.56722,-11.53468,16.67744,13.73591,
638524908437563607,312709,25.27667,12.54315,15.45531,-3.532731,7.454743,19.53376,-11.50658,16.63681,13.70245,
638524908437673616,312720,25.22185,12.51595,15.4218,-3.52667,7.441952,19.50025,-11.47843,16.59612,13.66893,
638524908437783616,312731,25.16777,12.48911,15.38873,-3.520689,7.429333,19.46718,-11.45066,16.55597,13.63587,
638524908437893616,312742,25.11326,12.46206,15.3554,-3.514662,7.416613,19.43385,-11.42268,16.5155,13.60254,
638524908438003610,312754,25.05887,12.43507,15.32214,-3.508646,7.40392,19.40059,-11.39475,16.47512,13.56928,
638524908438113621,312765,25.00427,12.40797,15.28876,-3.502609,7.391179,19.36721,-11.36671,16.43459,13.53589,
638524908438223611,312776,24.94977,12.38093,15.25543,-3.496582,7.378462,19.33389,-11.33873,16.39413,13.50257,
638524908438333610,312787,24.89549,12.354,15.22225,-3.490581,7.365797,19.3007,-11.31086,16.35384,13.46938,
638524908438453612,312798,24.84056,12.32674,15.18866,-3.484506,7.352979,19.26711,-11.28265,16.31306,13.43579,
638524908438557866,312809,24.78569,12.29951,15.15511,-3.478439,7.340175,19.23356,-11.25448,16.27232,13.40225,
638524908438673869,312820,24.732,12.27287,15.12228,-3.472502,7.327647,19.20074,-11.22692,16.23247,13.36942,
638524908438783794,312831,24.6776,12.24587,15.08902,-3.466486,7.314952,19.16747,-11.19898,16.19208,13.33615,
638524908438893806,312842,24.62274,12.21865,15.05547,-3.460419,7.30215,19.13392,-11.17081,16.15135,13.30261,
638524908439003800,312854,24.56816,12.19156,15.0221,-3.454384,7.289415,19.10056,-11.14279,16.11083,13.26924,
638524908439113793,312865,24.51388,12.16463,14.98891,-3.448381,7.276749,19.06737,-11.11492,16.07054,13.23605,
638524908439223795,312876,-22.83516,-28.65991,20,-3.442344,7.264009,19.03398,-11.08689,16.03001,13.20267,
638524908439333789,312887,-22.79765,-28.61283,19.96714,-3.436402,7.25147,19.00113,-11.0593,15.99011,13.16981,
638524908439443794,312898,-22.75965,-28.56514,19.93386,-3.430383,7.23877,18.96785,-11.03135,15.94971,13.13653,
638524908439558301,312909,-22.72128,-28.51698,19.90026,-3.424306,7.225945,18.93424,-11.00313,15.90891,13.10293,
638524908439668299,312920,-22.68344,-28.46949,19.86712,-3.418312,7.213296,18.9011,-10.9753,15.86867,13.06978,
638524908439778297,312931,-22.64522,-28.42152,19.83364,-3.412258,7.200521,18.86763,-10.94719,15.82802,13.03631,
638524908439898295,312942,-22.60738,-28.37403,19.8005,-3.406264,7.187874,18.83449,-10.91936,15.78779,13.00317,
638524908440008306,312954,-22.56857,-28.32532,19.76651,-3.400116,7.174901,18.80049,-10.89081,15.74651,12.96917,
638524908440118302,312964,-22.53038,-28.27738,19.73306,-3.394067,7.162135,18.76704,-10.86272,15.7059,12.93572,
638524908440228308,312976,-22.49311,-28.23061,19.70042,-3.388164,7.149678,18.7344,-10.83531,15.66627,12.90308,
638524908440338306,312987,-22.45448,-28.18212,19.66659,-3.382045,7.136766,18.70057,-10.8069,15.62519,12.86925,
638524908440448304,312998,-22.41733,-28.13549,19.63405,-3.37616,7.124348,18.66803,-10.77958,15.58568,12.83671,
638524908440558302,313009,-22.37919,-28.08763,19.60065,-3.370119,7.1116,18.63463,-10.75153,15.54513,12.80331,
638524908440668304,313020,-22.34091,-28.03959,19.56712,-3.364056,7.098806,18.6011,-10.72337,15.50442,12.76978,
638524908440788309,313032,-22.30276,-27.9917,19.5337,-3.358013,7.086053,18.56769,-10.69531,15.46385,12.73636,
638524908440888313,313042,-22.26337,-27.94227,19.49921,-3.351774,7.072888,18.53319,-10.66634,15.42197,12.70187,
638524908440998300,313053,-22.22666,-27.89619,19.46706,-3.345959,7.060617,18.50104,-10.63934,15.38293,12.66971,
638524908441108299,313064,-22.18846,-27.84825,19.4336,-3.339908,7.047849,18.46758,-10.61125,15.34231,12.63626,
638524908441228404,313076,-22.15088,-27.80108,19.40068,-3.333954,7.035286,18.43466,-10.5836,15.30233,12.60334,
638524908441338406,313087,-22.11267,-27.75313,19.36722,-3.327903,7.022517,18.4012,-10.55551,15.26171,12.56988,
638524908441448405,313098,-22.07468,-27.70544,19.33394,-3.321885,7.009818,18.36793,-10.52756,15.22131,12.5366,
638524908441558409,313109,-22.03678,-27.65788,19.30075,-3.315882,6.99715,18.33473,-10.49969,15.18101,12.50341,
638524908441668394,313120,-21.99857,-27.60992,19.26728,-3.309829,6.984377,18.30126,-10.47158,15.14037,12.46994,
638524908441778406,313131,-21.96078,-27.56249,19.23418,-3.303843,6.971745,18.26817,-10.44379,15.10019,12.43684,
638524908441888410,313142,-21.92142,-27.5131,19.19972,-3.29761,6.958593,18.2337,-10.41485,15.05834,12.40238,
638524908441998417,313153,-21.88387,-27.46597,19.16682,-3.291661,6.94604,18.20081,-10.38723,15.0184,12.36949,
638524908442108409,313164,-21.8464,-27.41893,19.134,-3.285725,6.933514,18.16799,-10.35967,14.97855,12.33666,
638524908442228396,313175,-21.80817,-27.37096,19.10052,-3.27967,6.920737,18.13451,-10.33155,14.9379,12.30319,
638524908442338401,313186,-21.77025,-27.32336,19.06731,-3.273664,6.908062,18.10129,-10.30366,14.89758,12.26997,
638524908442448411,313198,-21.73258,-27.27609,19.03432,-3.267698,6.895473,18.0683,-10.27596,14.85753,12.23698,
638524908442558410,313209,-21.69416,-27.22787,19.00067,-3.261612,6.882631,18.03465,-10.2477,14.81667,12.20334,
638524908442668398,313220,-21.6563,-27.18035,18.96751,-3.255615,6.869974,18.00149,-10.21985,14.7764,12.17017,
638524908442778416,313231,-21.61841,-27.13279,18.93432,-3.249613,6.857309,17.9683,-10.19199,14.73611,12.13699,
638524908442888393,313242,-21.58026,-27.08492,18.90091,-3.243571,6.844559,17.93489,-10.16393,14.69555,12.10358,
638524908442998404,313253,-21.54214,-27.03707,18.86752,-3.237532,6.831817,17.90151,-10.13589,14.65501,12.07019,
638524908443108407,313264,-21.50378,-26.98893,18.83393,-3.231456,6.818995,17.86791,-10.10768,14.61422,12.03659,
638524908443218397,313275,-21.46605,-26.94157,18.80088,-3.225479,6.806382,17.83486,-10.07993,14.57409,12.00354,
638524908443328401,313286,-21.42789,-26.89369,18.76746,-3.219436,6.79363,17.80145,-10.05187,14.53352,11.97013,
638524908443448415,313298,-21.3901,-26.84625,18.73436,-3.213449,6.780998,17.76834,-10.02407,14.49333,11.93703,
638524908443558402,313309,-21.35201,-26.79844,18.701,-3.207415,6.768265,17.73498,-9.996053,14.45282,11.90366,
638524908443668397,313320,-21.31375,-26.75043,18.66749,-3.201355,6.755477,17.70147,-9.967916,14.41214,11.87015,
638524908443778415,313331,-21.27578,-26.70277,18.63423,-3.195341,6.742786,17.66822,-9.939989,14.37176,11.8369,
638524908443888403,313342,-21.23776,-26.65506,18.60094,-3.189319,6.730079,17.63492,-9.912029,14.33134,11.8036,
638524908443998407,313353,-21.1999,-26.60753,18.56777,-3.183321,6.717422,17.60176,-9.884179,14.29107,11.77044,
638524908444118406,313365,-21.16177,-26.55968,18.53438,-3.177283,6.704679,17.56837,-9.856139,14.25053,11.73705,
638524908444218405,313375,-21.12301,-26.51104,18.50043,-3.171143,6.691724,17.53442,-9.827632,14.20931,11.7031,
638524908444328402,313386,-21.08561,-26.46409,18.46767,-3.165218,6.679221,17.50166,-9.800119,14.16953,11.67034,
638524908444448402,313398,-21.04772,-26.41653,18.43448,-3.159216,6.666555,17.46847,-9.77225,14.12924,11.63715,
638524908444558397,313409,-21.00961,-26.36871,18.40111,-3.153181,6.65382,17.4351,-9.744227,14.08872,11.60378,
638524908444668412,313420,-20.97146,-26.32083,18.3677,-3.147138,6.641068,17.40168,-9.716168,14.04815,11.57036,
638524908444778410,313431,-20.93326,-26.27288,18.33424,-3.141086,6.628298,17.36822,-9.688068,14.00752,11.5369,
638524908444888403,313442,-20.89417,-26.22382,18.3,-3.134894,6.615232,17.33398,-9.659319,13.96595,11.50266,
638524908444998406,313453,-20.85746,-26.17775,18.26785,-3.12908,6.602963,17.30183,-9.632321,13.92692,11.47051,
638524908445118406,313465,-20.81926,-26.1298,18.23439,-3.123029,6.590194,17.26838,-9.604224,13.88629,11.43706,
638524908445228405,313476,-20.78032,-26.08092,18.20028,-3.11686,6.577177,17.23427,-9.575581,13.84488,11.40295,
638524908445328399,313486,-20.7425,-26.03347,18.16717,-3.110871,6.564538,17.20115,-9.547771,13.80467,11.36983,
638524908445448412,313498,-20.7053,-25.98677,18.13458,-3.104977,6.552102,17.16856,-9.520405,13.7651,11.33724,
638524908445558399,313509,-20.66705,-25.93877,18.10109,-3.09892,6.539319,17.13507,-9.492278,13.72444,11.30375,
638524908445668403,313520,-20.62875,-25.89069,18.06754,-3.092852,6.526515,17.10152,-9.464104,13.6837,11.2702,
638524908445778408,313531,-20.59128,-25.84367,18.03472,-3.086918,6.513993,17.06871,-9.436549,13.64386,11.23738,
638524908445888409,313542,-20.55299,-25.79561,18.00118,-3.080852,6.501193,17.03517,-9.408384,13.60314,11.20384,
638524908445998396,313553,-20.51495,-25.74787,17.96786,-3.074826,6.488478,17.00185,-9.380405,13.56269,11.17053,
638524908446108396,313564,-20.47674,-25.69992,17.9344,-3.068774,6.475708,16.96839,-9.352306,13.52206,11.13706,
638524908446228550,313576,-20.439,-25.65255,17.90135,-3.062796,6.463092,16.93533,-9.324547,13.48192,11.10401,
638524908446328534,313586,-20.39986,-25.60342,17.86707,-3.056596,6.450009,16.90105,-9.295759,13.4403,11.06973,
638524908446448536,313597,-20.36309,-25.55727,17.83486,-3.050772,6.437718,16.86884,-9.268714,13.4012,11.03752,
638524908446558538,313609,-20.32494,-25.50939,17.80145,-3.044729,6.424966,16.83543,-9.240656,13.36063,11.00411,
638524908446668537,313620,-20.28676,-25.46147,17.76801,-3.038682,6.412206,16.80199,-9.212578,13.32003,10.97067,
638524908446778526,313631,-20.24883,-25.41386,17.73479,-3.032673,6.399526,16.76877,-9.184678,13.27969,10.93744,
638524908446888533,313642,-20.21067,-25.36598,17.70137,-3.026629,6.386774,16.73535,-9.156617,13.23912,10.90403,
638524908446998525,313653,-20.17183,-25.31723,17.66735,-3.020477,6.37379,16.70133,-9.128048,13.19781,10.87001,
638524908447108536,313664,-20.13433,-25.27016,17.6345,-3.014536,6.361254,16.66848,-9.100465,13.15793,10.83716,
638524908447218533,313675,-20.09637,-25.22252,17.60126,-3.008524,6.348567,16.63524,-9.072549,13.11757,10.80392,
638524908447328533,313686,-20.05805,-25.17442,17.56769,-3.002454,6.335758,16.60168,-9.044363,13.07681,10.77035,
638524908447438532,313697,-20.0204,-25.12718,17.53472,-2.996491,6.323176,16.56871,-9.016678,13.03679,10.73738,
638524908447558528,313709,-19.98245,-25.07954,17.50148,-2.990479,6.310489,16.53546,-8.988762,12.99642,10.70414,
638524908447668532,313720,-19.94414,-25.03146,17.46793,-2.984411,6.297685,16.50191,-8.960588,12.95569,10.67059,
638524908447778540,313731,-19.90673,-24.98451,17.43516,-2.978486,6.28518,16.46914,-8.933073,12.9159,10.63782,
638524908447888534,313742,-19.86877,-24.93686,17.40191,-2.972473,6.272492,16.4359,-8.905154,12.87554,10.60458,
638524908447998531,313753,-19.82926,-24.88728,17.36731,-2.966215,6.259286,16.40129,-8.876096,12.83352,10.56997,
638524908448108547,313764,-19.7922,-24.84077,17.33485,-2.960345,6.2469,16.36884,-8.848841,12.79412,10.53752,
638524908448218536,313775,-19.75371,-24.79245,17.30114,-2.954247,6.234033,16.33512,-8.820528,12.75318,10.5038,
638524908448328533,313786,-19.71604,-24.74517,17.26814,-2.94828,6.221441,16.30213,-8.792823,12.71312,10.47081,
638524908448448539,313798,-19.67805,-24.69751,17.23488,-2.942264,6.208746,16.26886,-8.764889,12.67273,10.43754,
638524908448558536,313809,-19.63966,-24.64932,17.20125,-2.936182,6.195912,16.23523,-8.73665,12.6319,10.40391,
638524908448668538,313820,-19.60188,-24.60191,17.16817,-2.930199,6.183286,16.20215,-8.708867,12.59173,10.37083,
638524908448780157,313831,-19.56398,-24.55434,17.13497,-2.924196,6.170618,16.16895,-8.680993,12.55143,10.33764,
638524908448890160,313842,-19.52591,-24.50655,17.10162,-2.918165,6.15789,16.1356,-8.652987,12.51094,10.30429,
638524908449000143,313853,-19.48815,-24.45916,17.06855,-2.912184,6.14527,16.10254,-8.625218,12.47079,10.27122,
638524908449110157,313864,-19.44995,-24.41121,17.03509,-2.906132,6.1325,16.06907,-8.597119,12.43016,10.23776,
638524908449220149,313875,-19.41195,-24.36353,17.00181,-2.900114,6.1198,16.0358,-8.569174,12.38976,10.20448,
638524908449330151,313886,-19.37356,-24.31534,16.96819,-2.894033,6.106968,16.00217,-8.540938,12.34893,10.17085,
638524908449440148,313897,-19.33555,-24.26764,16.9349,-2.888013,6.094265,15.96889,-8.512986,12.30852,10.13757,
638524908449550152,313909,-19.29736,-24.21971,16.90145,-2.881964,6.0815,15.93544,-8.484898,12.26791,10.10412,
638524908449660145,313920,-19.25915,-24.17175,16.86798,-2.875911,6.068726,15.90197,-8.456791,12.22727,10.07065,
638524908449780150,313931,-19.22157,-24.12459,16.83507,-2.869958,6.056166,15.86905,-8.429153,12.18731,10.03773,
638524908449890144,313942,-19.18323,-24.07647,16.80149,-2.863885,6.043351,15.83547,-8.400955,12.14654,10.00416,
638524908450000166,313953,-19.14526,-24.02881,16.76823,-2.857871,6.030658,15.80222,-8.373027,12.10616,9.970897,
638524908450110152,313964,-19.10648,-23.98014,16.73427,-2.851728,6.017696,15.76825,-8.344504,12.06492,9.936932,
638524908450220152,313975,-19.06863,-23.93264,16.70112,-2.845733,6.005046,15.73511,-8.31667,12.02468,9.903786,
638524908450330152,313986,-19.03054,-23.88483,16.66776,-2.839699,5.992313,15.70174,-8.288652,11.98417,9.870421,
638524908450440149,313998,-18.99307,-23.8378,16.63494,-2.833764,5.979789,15.66892,-8.261093,11.94432,9.837603,
638524908450550146,314009,-18.95475,-23.7897,16.60138,-2.827694,5.96698,15.63536,-8.232907,11.90357,9.804038,
638524908450670149,314020,-18.91698,-23.7423,16.5683,-2.821712,5.954357,15.60228,-8.205132,11.86341,9.770962,
638524908450780158,314031,-18.8782,-23.69362,16.53433,-2.815568,5.941392,15.56831,-8.176604,11.82216,9.736991,
638524908450890154,314042,-18.84073,-23.6466,16.50151,-2.809633,5.928869,15.53549,-8.149048,11.78232,9.704175,
638524908451000155,314053,-18.80264,-23.59879,16.46815,-2.8036,5.916136,15.50213,-8.121031,11.74181,9.670811,
638524908451110150,314064,-18.7641,-23.55043,16.4344,-2.797497,5.903257,15.46838,-8.092692,11.70084,9.637065,
638524908451220136,314075,-18.72678,-23.50358,16.40171,-2.791584,5.89078,15.43569,-8.065237,11.66114,9.60437,
638524908451330148,314086,-18.6887,-23.4558,16.36836,-2.785553,5.878055,15.40234,-8.037235,11.62066,9.571025,
638524908451440146,314097,-18.65063,-23.408,16.33501,-2.779521,5.865327,15.36899,-8.009229,11.58016,9.537674,
638524908451550152,314109,-18.61253,-23.36019,16.30165,-2.773487,5.852593,15.33563,-7.981209,11.53965,9.504308,
638524908451660152,314120,-18.57425,-23.31215,16.26813,-2.767425,5.8398,15.30211,-7.95306,11.49895,9.470786,
638524908451780147,314131,-18.53657,-23.26486,16.23512,-2.761455,5.827204,15.2691,-7.925343,11.45888,9.43778,
638524908451890149,314142,-18.49849,-23.21707,16.20177,-2.755424,5.814477,15.23575,-7.897339,11.41839,9.404432,
638524908452000146,314153,-18.46023,-23.16905,16.16826,-2.749364,5.801688,15.20224,-7.869198,11.3777,9.370921,
638524908452110151,314164,-18.42238,-23.12154,16.13511,-2.743368,5.789035,15.16909,-7.841358,11.33745,9.337768,
638524908452220161,314175,-18.38324,-23.07241,16.10082,-2.737168,5.775952,15.1348,-7.812569,11.29582,9.303485,
638524908452330147,314186,-18.346,-23.02568,16.06821,-2.73127,5.763506,15.10219,-7.785182,11.25622,9.270872,
638524908452450148,314198,-18.30828,-22.97833,16.03517,-2.725295,5.750897,15.06915,-7.757439,11.21611,9.237834,
638524908452560157,314209,-18.26938,-22.92952,16.00111,-2.719134,5.737897,15.03509,-7.728832,11.17475,9.203769,
638524908452660146,314220,-18.23158,-22.88207,15.968,-2.713146,5.725261,15.00198,-7.701029,11.13455,9.17066,
638524908452780151,314231,-18.19419,-22.83515,15.93525,-2.707224,5.712763,14.96923,-7.673529,11.09479,9.137912,
638524908452890151,314242,-18.15602,-22.78724,15.90182,-2.701177,5.700004,14.9358,-7.645453,11.0542,9.104478,
638524908453000148,314253,-18.11808,-22.73962,15.86859,-2.695168,5.687324,14.90257,-7.617552,11.01386,9.071253,
638524908453110147,314264,-18.08,-22.69183,15.83524,-2.689136,5.674595,14.86922,-7.589543,10.97336,9.037899,
638524908453220155,314275,-18.04196,-22.64408,15.80192,-2.68311,5.661879,14.8359,-7.561562,10.9329,9.004578,
638524908453330153,314286,-18.00389,-22.59631,15.76858,-2.677081,5.649156,14.80256,-7.533567,10.89243,8.97124,
638524908453440147,314297,-17.96564,-22.54829,15.73507,-2.671021,5.636369,14.76905,-7.505431,10.85175,8.937735,
638524908453550145,314308,-17.92783,-22.50084,15.70196,-2.665032,5.623732,14.73594,-7.477623,10.81154,8.904621,
638524908453660152,314319,-17.88975,-22.45305,15.66861,-2.659,5.611003,14.70259,-7.449615,10.77105,8.871268,
638524908453770323,314331,-17.85184,-22.40547,15.6354,-2.652996,5.598332,14.66938,-7.421733,10.73073,8.838065,
638524908453890290,314342,-17.81376,-22.35767,15.60205,-2.646963,5.585602,14.63603,-7.393723,10.69023,8.804709,
638524908454000283,314353,-17.77568,-22.30989,15.5687,-2.640933,5.572877,14.60268,-7.365722,10.64975,8.771365,
638524908454110278,314364,-17.73746,-22.26191,15.53522,-2.634878,5.5601,14.56921,-7.337608,10.6091,8.737885,
638524908454220287,314375,-17.69977,-22.21461,15.50221,-2.628908,5.547503,14.5362,-7.309889,10.56902,8.704877,
638524908454330285,314386,-17.66139,-22.16644,15.4686,-2.622829,5.534675,14.50259,-7.281664,10.52821,8.671266,
638524908454440279,314398,-17.62322,-22.11853,15.43517,-2.616782,5.521914,14.46915,-7.253584,10.48761,8.637828,
638524908454550285,314408,-17.58508,-22.07067,15.40177,-2.610742,5.509168,14.43575,-7.225537,10.44706,8.604428,
638524908454660282,314419,-17.54741,-22.02338,15.36877,-2.604774,5.496574,14.40275,-7.197827,10.407,8.57143,
638524908454780300,314431,-17.50931,-21.97557,15.3354,-2.59874,5.483841,14.36938,-7.169809,10.36649,8.538065,
638524908454890289,314442,-17.47115,-21.92767,15.30198,-2.592695,5.471085,14.33596,-7.141742,10.3259,8.504641,
638524908455000283,314453,-17.43313,-21.87996,15.26868,-2.586673,5.458378,14.30266,-7.113782,10.28548,8.471345,
638524908455110290,314464,-17.39537,-21.83256,15.2356,-2.580691,5.445755,14.26959,-7.086004,10.24531,8.438266,
638524908455220296,314475,-17.35685,-21.78421,15.20186,-2.574589,5.432878,14.23585,-7.057672,10.20435,8.404527,
638524908455330289,314486,-17.31857,-21.73617,15.16834,-2.568526,5.420084,14.20232,-7.029519,10.16365,8.371001,
638524908455440293,314497,-17.28121,-21.68928,15.13562,-2.562608,5.407596,14.1696,-7.00204,10.12391,8.338278,
638524908455550281,314508,-17.24307,-21.64141,15.10221,-2.556567,5.394849,14.1362,-6.973992,10.08336,8.304877,
638524908455660286,314519,-17.2048,-21.59337,15.06869,-2.550504,5.382055,14.10267,-6.945842,10.04266,8.271355,
638524908455770284,314530,-17.167,-21.54593,15.03559,-2.544517,5.369421,14.06957,-6.918042,10.00247,8.23825,
638524908455890284,314542,-17.12898,-21.49822,15.00229,-2.538495,5.356714,14.03627,-6.890079,9.962035,8.204951,
638524908456000285,314553,-17.09083,-21.45034,14.96888,-2.532453,5.343963,14.00286,-6.862023,9.92147,8.171541,
638524908456110288,314564,-17.05286,-21.40269,14.93562,-2.526438,5.331272,13.9696,-6.834096,9.881092,8.138285,
638524908456226538,314575,-17.0149,-21.35505,14.90238,-2.520426,5.318584,13.93636,-6.806179,9.840727,8.10504,
638524908456326553,314586,-16.97562,-21.30574,14.86797,-2.514203,5.305452,13.90195,-6.777284,9.798949,8.07063,
638524908456436544,314597,-16.93834,-21.25896,14.83532,-2.508299,5.292994,13.8693,-6.749869,9.759313,8.037985,
638524908456551733,314608,-16.90054,-21.21151,14.80221,-2.502311,5.280357,13.83619,-6.722065,9.719111,8.004874,
638524908456661742,314619,-16.86274,-21.16406,14.7691,-2.496323,5.267722,13.80309,-6.694262,9.678912,7.971766,
638524908456771740,314630,-16.82467,-21.11629,14.73576,-2.490293,5.254998,13.76975,-6.666265,9.638433,7.938426,
638524908456881735,314642,-16.78663,-21.06855,14.70245,-2.484268,5.242283,13.73643,-6.638288,9.597981,7.905109,
638524908457001753,314653,-16.74853,-21.02072,14.66907,-2.478232,5.229546,13.70305,-6.610261,9.557459,7.871734,
638524908457101751,314664,-16.70982,-20.97214,14.63517,-2.4721,5.216608,13.66915,-6.581791,9.516295,7.837831,
638524908457221741,314675,-16.67245,-20.92525,14.60245,-2.466183,5.20412,13.63643,-6.554313,9.476565,7.805109,
638524908457331740,314686,-16.6344,-20.87749,14.56912,-2.460155,5.191401,13.6031,-6.526325,9.436099,7.77178,
638524908457441746,314697,-16.59645,-20.82986,14.53588,-2.454144,5.178716,13.56986,-6.498415,9.395744,7.738543,
638524908457551738,314708,-16.55801,-20.78161,14.50221,-2.448055,5.165866,13.53619,-6.47014,9.354863,7.704873,
638524908457661744,314719,-16.52014,-20.73407,14.46904,-2.442055,5.153207,13.50302,-6.442285,9.314589,7.671701,
638524908457771749,314731,-16.48204,-20.68626,14.43567,-2.436021,5.140473,13.46965,-6.414265,9.274076,7.638334,
638524908457891750,314742,-16.44354,-20.63795,14.40196,-2.429924,5.127607,13.43594,-6.385953,9.233141,7.60462,
638524908457991739,314753,-16.40503,-20.5896,14.36822,-2.423823,5.114733,13.40221,-6.357625,9.192183,7.570885,
638524908458101740,314764,-16.36822,-20.54341,14.33599,-2.417993,5.102431,13.36997,-6.330556,9.153046,7.538651,
638524908458221744,314775,-16.33013,-20.4956,14.30262,-2.411958,5.089697,13.3366,-6.302536,9.112533,7.505284,
638524908458331746,314786,-16.29148,-20.4471,14.26878,-2.405837,5.076781,13.30276,-6.274115,9.071439,7.471438,
638524908458441733,314797,-16.2539,-20.39992,14.23586,-2.399884,5.064218,13.26984,-6.24647,9.031469,7.438519,
638524908458551738,314808,-16.21601,-20.35237,14.20267,-2.393882,5.051553,13.23665,-6.218604,8.991179,7.405334,
638524908458661730,314819,-16.17762,-20.30418,14.16905,-2.387801,5.038721,13.20303,-6.190368,8.950354,7.371709,
638524908458771756,314830,-16.14,-20.25697,14.1361,-2.381843,5.026147,13.17008,-6.162701,8.910351,7.338762,
638524908458881743,314841,-16.10185,-20.20909,14.10269,-2.3758,5.013396,13.13667,-6.134643,8.869783,7.305349,
638524908458991743,314853,-16.06379,-20.16133,14.06936,-2.369772,5.000676,13.10334,-6.106652,8.829313,7.272017,
638524908459101733,314864,-16.02598,-20.11386,14.03623,-2.363781,4.988035,13.07022,-6.078838,8.789099,7.238896,
638524908459221738,314875,-15.98768,-20.0658,14.00269,-2.357715,4.975235,13.03667,-6.050672,8.748374,7.205354,
638524908459331744,314886,-15.94961,-20.01802,13.96935,-2.351686,4.962511,13.00333,-6.022674,8.707893,7.172013,
638524908459441741,314897,-15.9116,-19.97032,13.93606,-2.345665,4.949806,12.97004,-5.994719,8.667475,7.138723,
638524908459551742,314908,-15.87333,-19.92228,13.90254,-2.339603,4.937014,12.93652,-5.96657,8.626777,7.105203,
638524908459661741,314919,-15.83546,-19.87475,13.86937,-2.333603,4.924354,12.90335,-5.938714,8.586499,7.07203,
638524908459771743,314930,-15.79755,-19.82717,13.83617,-2.327599,4.911684,12.87015,-5.910833,8.546188,7.038829,
638524908459881728,314941,-15.75923,-19.77908,13.8026,-2.321529,4.898875,12.83659,-5.88265,8.50544,7.005267,
638524908459991742,314953,-15.72149,-19.73171,13.76955,-2.315552,4.886261,12.80354,-5.854895,8.46531,6.972215,
638524908460101739,314964,-15.68326,-19.68372,13.73606,-2.309495,4.873481,12.77005,-5.826773,8.42465,6.938727,
638524908460221733,314975,-15.6452,-19.63596,13.70273,-2.303467,4.860761,12.73672,-5.798783,8.384182,6.905396,
638524908460331737,314986,-15.60625,-19.58707,13.66862,-2.297297,4.847742,12.7026,-5.770135,8.342761,6.871281,
638524908460441760,314997,-15.56866,-19.5399,13.6357,-2.291343,4.835177,12.66968,-5.742489,8.302789,6.838359,
638524908460551752,315008,-15.5314,-19.49314,13.60307,-2.285442,4.822725,12.63705,-5.715088,8.263171,6.805729,
638524908460661737,315019,-15.49316,-19.44514,13.56957,-2.279384,4.809942,12.60355,-5.68696,8.222503,6.772234,
638524908460771731,315030,-15.45513,-19.39742,13.53627,-2.273361,4.797231,12.57025,-5.658992,8.182065,6.738929,
638524908460881735,315041,-15.41721,-19.34982,13.50305,-2.267354,4.784555,12.53703,-5.6311,8.141737,6.705714,
638524908460991743,315053,-15.37871,-19.3015,13.46933,-2.261256,4.771688,12.50331,-5.602786,8.100798,6.671996,
638524908461101750,315064,-15.34032,-19.25332,13.43571,-2.255175,4.758856,12.46969,-5.574552,8.059976,6.638373,
638524908461211741,315075,-15.30285,-19.20628,13.40289,-2.249239,4.746329,12.43687,-5.546987,8.020122,6.605548,
638524908461331742,315086,-15.26506,-19.15886,13.36979,-2.243254,4.733701,12.40378,-5.519199,7.979944,6.572457,
638524908461441737,315097,-15.22685,-19.1109,13.33633,-2.237202,4.720929,12.37031,-5.491095,7.93931,6.53899,
638524908461551737,315108,-15.18874,-19.06306,13.30294,-2.231164,4.708188,12.33692,-5.463059,7.898775,6.505605,
638524908461661736,315119,-15.15083,-19.01549,13.26975,-2.22516,4.695519,12.30373,-5.435184,7.85847,6.472409,
638524908461771737,315130,-15.11274,-18.96768,13.23638,-2.219126,4.682785,12.27036,-5.407163,7.817957,6.439041,
638524908461881754,315142,-15.07477,-18.92003,13.20313,-2.213113,4.670096,12.23711,-5.379242,7.777588,6.405792,
638524908461991734,315152,-15.03625,-18.87169,13.16939,-2.207011,4.65722,12.20337,-5.350911,7.736625,6.372054,
638524908462101734,315164,-14.99891,-18.82481,13.13668,-2.201095,4.644737,12.17066,-5.323442,7.69691,6.339344,
638524908462211741,315175,-14.96055,-18.77667,13.10309,-2.19502,4.631917,12.13707,-5.295233,7.656124,6.305751,
638524908462321736,315186,-14.92227,-18.72863,13.06956,-2.188957,4.619123,12.10355,-5.26708,7.615419,6.272226,
638524908462441740,315197,-14.88464,-18.6814,13.03661,-2.182996,4.606545,12.07059,-5.239405,7.575404,6.239268,
638524908462551736,315208,-14.84617,-18.63312,13.00291,-2.176902,4.593686,12.03689,-5.211109,7.534492,6.205573,
638524908462661741,315219,-14.8084,-18.58571,12.96983,-2.170919,4.58106,12.00381,-5.183328,7.494325,6.17249,
638524908462771742,315230,-14.7703,-18.53789,12.93646,-2.164884,4.568325,11.97044,-5.155305,7.453808,6.139119,
638524908462881738,315241,-3.518505,26.01237,20,-2.158867,4.555626,11.93717,-5.127365,7.41341,6.105846,
638524908462991728,315252,-3.512628,25.96892,19.96659,-2.152825,4.542877,11.90376,-5.099311,7.372849,6.07244,
638524908463101739,315264,-3.506756,25.9255,19.93321,-2.146788,4.530138,11.87038,-5.07128,7.332321,6.03906,
638524908463211740,315275,-3.500904,25.88224,19.89995,-2.140773,4.517444,11.83712,-5.043349,7.291936,6.005798,
638524908463331745,315286,-3.495059,25.83903,19.86672,-2.134763,4.504764,11.80389,-5.015448,7.251595,5.972572,
638524908463441734,315297,-3.489164,25.79545,19.83322,-2.128704,4.491977,11.77039,-4.987311,7.210913,5.939066,
638524908463551741,315308,-3.483341,25.7524,19.80012,-2.122718,4.479345,11.73729,-4.959516,7.170725,5.905966,
638524908463661745,315319,-3.477473,25.70901,19.76676,-2.116685,4.466615,11.70393,-4.931504,7.130225,5.872609,
638524908463771743,315330,-3.471632,25.66583,19.73356,-2.110681,4.453945,11.67073,-4.903625,7.089916,5.83941,
638524908463881743,315341,-3.465757,25.6224,19.70017,-2.104642,4.441202,11.63734,-4.875585,7.049373,5.806018,
638524908463991736,315352,-3.459897,25.57908,19.66686,-2.098617,4.428489,11.60403,-4.847611,7.008927,5.772706,
638524908464101747,315364,-3.454033,25.53573,19.63353,-2.092589,4.415769,11.5707,-4.819622,6.968459,5.739375,
638524908464211753,315375,-3.448181,25.49246,19.60026,-2.086573,4.403074,11.53743,-4.791688,6.928071,5.706111,
638524908464321741,315386,-3.442343,25.4493,19.56707,-2.080571,4.390408,11.50424,-4.763818,6.887775,5.672922,
638524908464441735,315397,-3.436427,25.40557,19.53345,-2.07449,4.377576,11.47062,-4.735582,6.84695,5.639298,
638524908464551755,315408,-3.430478,25.36158,19.49963,-2.068374,4.36467,11.4368,-4.707184,6.80589,5.60548,
638524908464661744,315419,-3.424683,25.31874,19.46669,-2.062416,4.352098,11.40386,-4.679522,6.765894,5.572539,
638524908464771740,315430,-3.418839,25.27554,19.43347,-2.056409,4.339422,11.37064,-4.651628,6.725565,5.539322,
638524908464881741,315441,-3.412973,25.23217,19.40013,-2.050379,4.326697,11.3373,-4.623628,6.685081,5.505979,
638524908464991741,315453,-3.40702,25.18816,19.36629,-2.044259,4.313783,11.30346,-4.595213,6.643997,5.472141,
638524908465101742,315463,-3.401206,25.14518,19.33324,-2.038282,4.301171,11.27041,-4.567461,6.603871,5.439093,
638524908465211737,315475,-3.395379,25.1021,19.30012,-2.032292,4.28853,11.23729,-4.539647,6.563657,5.405971,
638524908465331751,315486,-3.389505,25.05867,19.26673,-2.026253,4.275788,11.2039,-4.511608,6.523117,5.372581,
638524908465441738,315497,-3.383542,25.01459,19.23284,-2.020123,4.262853,11.17001,-4.483146,6.481964,5.338687,
638524908465551736,315508,-3.377793,24.97208,19.20016,-2.014213,4.250381,11.13733,-4.455703,6.442286,5.306007,
638524908465661743,315519,-3.371829,24.92799,19.16626,-2.008082,4.237443,11.10343,-4.427234,6.401124,5.272105,
638524908465771733,315530,-3.366062,24.88535,19.13348,-2.002154,4.224934,11.07065,-4.399708,6.361325,5.239326,
638524908465881749,315541,-3.36028,24.84261,19.10061,-1.99621,4.21239,11.03778,-4.372108,6.32142,5.20646,
638524908465991735,315552,-3.354355,24.7988,19.06693,-1.990119,4.199537,11.0041,-4.343825,6.280527,5.172779,
638524908466101738,315564,-3.348483,24.75539,19.03355,-1.984082,4.1868,10.97072,-4.315798,6.240004,5.139403,
638524908466211738,315574,-3.342696,24.71261,19.00066,-1.978133,4.174246,10.93783,-4.288175,6.200065,5.106509,
638524908466321739,315586,-3.336807,24.66907,18.96719,-1.97208,4.161472,10.90436,-4.260067,6.159425,5.073037,
638524908466431740,315597,-3.330931,24.62563,18.93379,-1.966039,4.148725,10.87096,-4.232019,6.118872,5.039637,
638524908466551737,315608,-3.325056,24.58219,18.90039,-1.959999,4.135979,10.83756,-4.203973,6.078322,5.006239,
638524908466661746,315619,-3.319159,24.5386,18.86687,-1.953937,4.123188,10.80404,-4.175826,6.037625,4.97272,
638524908466771741,315630,-3.313233,24.49479,18.83319,-1.947845,4.110332,10.77036,-4.147539,5.996727,4.939035,
638524908466881746,315641,-3.30744,24.45196,18.80026,-1.94189,4.097765,10.73743,-4.119888,5.956747,4.906107,
638524908466991744,315652,-3.301553,24.40843,18.76679,-1.935838,4.084994,10.70396,-4.091785,5.916114,4.872641,
638524908467101749,315664,-3.295729,24.36538,18.73369,-1.929851,4.072361,10.67086,-4.063989,5.875924,4.83954,
638524908467211747,315675,-3.289809,24.32161,18.70004,-1.923766,4.05952,10.63721,-4.035731,5.835068,4.80589,
638524908467321738,315686,-3.283959,24.27837,18.66679,-1.917752,4.04683,10.60396,-4.007809,5.794696,4.772638,
638524908467431734,315697,-3.278197,24.23577,18.63404,-1.911829,4.03433,10.57121,-3.980305,5.754929,4.739885,
638524908467551746,315708,-3.27232,24.19231,18.60063,-1.905786,4.021579,10.5378,-3.952248,5.714363,4.706474,
638524908467661746,315719,-3.266288,24.14772,18.56634,-1.899586,4.008496,10.50351,-3.923459,5.672739,4.672192,
638524908467771737,315730,-3.260565,24.10541,18.53381,-1.893702,3.996079,10.47098,-3.896138,5.633237,4.639657,
638524908467881739,315741,-3.254735,24.06231,18.50067,-1.88771,3.983434,10.43784,-3.868314,5.593008,4.606523,
638524908467991746,315752,-3.248846,24.01877,18.4672,-1.881655,3.970659,10.40437,-3.840202,5.552361,4.573046,
638524908468101736,315763,-3.242944,23.97514,18.43365,-1.875588,3.957855,10.37082,-3.812028,5.511626,4.539495,
638524908468211738,315774,-3.237137,23.93221,18.40064,-1.869619,3.945259,10.33781,-3.784312,5.471553,4.506491,
638524908468331741,315786,-3.231301,23.88906,18.36747,-1.863619,3.932598,10.30464,-3.756454,5.431273,4.473316,
638524908468431739,315797,-3.225277,23.84453,18.33323,-1.857426,3.919531,10.2704,-3.7277,5.389699,4.439075,
638524908468541733,315808,-3.219541,23.80212,18.30062,-1.851529,3.907086,10.23779,-3.700318,5.350109,4.406466,
638524908468661736,315819,-3.213712,23.75903,18.26749,-1.845537,3.894442,10.20466,-3.672496,5.309882,4.373335,
638524908468771732,315830,-3.207824,23.7155,18.23402,-1.839484,3.88167,10.17119,-3.644391,5.269248,4.339867,
638524908468881735,315841,-3.201985,23.67233,18.20083,-1.833482,3.869003,10.138,-3.616519,5.228948,4.306676,
638524908468991738,315852,-3.19609,23.62874,18.16732,-1.827421,3.856215,10.10449,-3.58838,5.188263,4.273167,
638524908469101730,315863,-3.190254,23.5856,18.13414,-1.821422,3.843554,10.07131,-3.560521,5.147984,4.239992,
638524908469211747,315874,-3.184411,23.5424,18.10093,-1.815416,3.83088,10.0381,-3.532634,5.107663,4.206783,
638524908469321742,315886,-3.178536,23.49897,18.06754,-1.809376,3.818135,10.00471,-3.504589,5.067113,4.173386,
638524908469431737,315897,-3.172642,23.45539,18.03403,-1.803316,3.805348,9.971202,-3.476453,5.026433,4.139881,
638524908469551740,315908,-3.166799,23.4122,18.00082,-1.79731,3.792674,9.937991,-3.448565,4.986111,4.10667,
638524908469661756,315919,-3.16083,23.36807,17.96689,-1.791175,3.779727,9.904066,-3.420076,4.944921,4.072745,
638524908469771748,315930,-3.155078,23.32554,17.93419,-1.78526,3.767247,9.871366,-3.392616,4.905217,4.040044,
638524908469881747,315941,-3.149225,23.28227,17.90092,-1.779244,3.75455,9.838097,-3.364678,4.864823,4.006774,
638524908469991737,315952,-3.14334,23.23876,17.86747,-1.773193,3.741784,9.804644,-3.336586,4.824206,3.973321,
638524908470101729,315964,-3.137515,23.19569,17.83436,-1.767205,3.729147,9.771533,-3.308781,4.784004,3.94021,
638524908470211746,315974,-3.13149,23.15115,17.80011,-1.761012,3.716078,9.737287,-3.280022,4.742424,3.905964,
638524908470321737,315985,-3.125716,23.10847,17.76729,-1.755076,3.703553,9.704468,-3.252463,4.702576,3.873145,
638524908470441750,315997,-3.119909,23.06554,17.73429,-1.749107,3.690956,9.67146,-3.224745,4.6625,3.840137,
638524908470541727,316008,-3.113867,23.02087,17.69994,-1.742895,3.677849,9.637115,-3.195904,4.620801,3.805793,
638524908470661744,316019,-3.108196,22.97894,17.6677,-1.737065,3.665546,9.604876,-3.168831,4.581657,3.773553,
638524908470771740,316030,-3.102225,22.9348,17.63377,-1.730927,3.652595,9.570939,-3.140333,4.540454,3.739617,
638524908470881749,316041,-3.096481,22.89233,17.60111,-1.725022,3.640134,9.538287,-3.112914,4.50081,3.706965,
638524908470991778,316053,-3.090544,22.84844,17.56737,-1.718919,3.627254,9.504539,-3.084574,4.459833,3.673216,
638524908471101748,316063,-3.084401,22.80302,17.53245,-1.712604,3.613929,9.469622,-3.055253,4.417439,3.6383,
638524908471211735,316074,-3.078901,22.76236,17.50118,-1.706949,3.601996,9.438355,-3.028997,4.379478,3.607034,
638524908471321740,316086,-3.072984,22.71862,17.46755,-1.700867,3.589161,9.404723,-3.000755,4.338643,3.573401,
638524908471431730,316096,-3.067105,22.67515,17.43413,-1.694823,3.576408,9.371305,-2.972692,4.298069,3.539983,
638524908471541744,316108,-3.061302,22.63225,17.40115,-1.688858,3.56382,9.338321,-2.944994,4.258021,3.506999,
638524908471661738,316119,-3.055448,22.58897,17.36787,-1.682839,3.55112,9.305042,-2.917049,4.217616,3.473721,
638524908471771735,316130,-3.049515,22.54511,17.33415,-1.676741,3.538251,9.271323,-2.888733,4.176676,3.440002,
638524908471881743,316141,-3.043704,22.50215,17.30112,-1.670767,3.525645,9.23829,-2.860993,4.136568,3.406968,
638524908471991738,316152,-3.037797,22.45848,17.26754,-1.664695,3.512831,9.204715,-2.832799,4.095803,3.373394,
638524908472101743,316163,-3.031998,22.4156,17.23458,-1.658732,3.50025,9.171747,-2.805114,4.055775,3.340426,
638524908472211747,316174,-3.026138,22.37228,17.20127,-1.652708,3.487538,9.138438,-2.777143,4.015333,3.307117,
638524908472321752,316185,-3.020244,22.3287,17.16776,-1.646649,3.474752,9.104937,-2.74901,3.974657,3.273615,
638524908472431742,316197,-3.01439,22.28543,17.13449,-1.640631,3.462053,9.07166,-2.721066,3.934254,3.240339,
638524908472541743,316208,-3.008493,22.24183,17.10097,-1.63457,3.449261,9.038142,-2.69292,3.893559,3.206821,
638524908472651744,316219,-3.002682,22.19887,17.06794,-1.628595,3.436654,9.005108,-2.665179,3.85345,3.173786,
638524908472761734,316230,-2.996858,22.15581,17.03483,-1.622608,3.424021,8.972004,-2.637381,3.813257,3.140683,
638524908472881744,316241,-2.990957,22.11218,17.00129,-1.616542,3.411219,8.938459,-2.609212,3.772529,3.107138,
638524908472991738,316252,-2.985017,22.06827,16.96753,-1.610436,3.398335,8.904699,-2.580863,3.73154,3.073379,
638524908473101740,316263,-2.979239,22.02555,16.93468,-1.604496,3.385801,8.871855,-2.553281,3.691661,3.040534,
638524908473211751,316274,-2.973397,21.98236,16.90147,-1.59849,3.373127,8.838646,-2.525395,3.651341,3.007325,
638524908473321736,316285,-2.967458,21.93846,16.86772,-1.592386,3.360245,8.804891,-2.497049,3.610357,2.97357,
638524908473431730,316296,-2.961603,21.89517,16.83443,-1.586366,3.347543,8.771605,-2.469098,3.569944,2.940285,
638524908473541741,316308,-2.955791,21.8522,16.8014,-1.580391,3.334935,8.738571,-2.441357,3.529835,2.90725,
638524908473651746,316319,-2.949831,21.80814,16.76752,-1.574264,3.322006,8.704692,-2.412907,3.488701,2.873371,
638524908473761750,316330,-2.944093,21.76572,16.73491,-1.568366,3.30956,8.672079,-2.385521,3.449104,2.840758,
638524908473881738,316341,-2.938207,21.7222,16.70144,-1.562314,3.296789,8.638617,-2.357421,3.408476,2.807296,
638524908473991739,316352,-2.932201,21.6778,16.66731,-1.556141,3.283762,8.60448,-2.328755,3.367029,2.773159,
638524908474101733,316363,-2.926498,21.63564,16.63489,-1.550277,3.271389,8.57206,-2.30153,3.327666,2.740739,
638524908474211738,316374,-2.920599,21.59203,16.60136,-1.544214,3.258594,8.538531,-2.273375,3.286958,2.707211,
638524908474321752,316385,-2.914759,21.54885,16.56816,-1.53821,3.245925,8.505337,-2.245499,3.246654,2.674016,
638524908474431741,316396,-2.908909,21.5056,16.53491,-1.532196,3.233233,8.472079,-2.217572,3.206275,2.640759,
638524908474541738,316408,-2.903032,21.46215,16.5015,-1.526154,3.220484,8.438672,13.60518,-14.86005,20,
638524908474651746,316419,-2.897141,21.4186,16.46802,-1.520099,3.207706,8.40519,13.5824,-14.83518,19.96652,
638524908474761745,316430,-2.891244,21.375,16.4345,-1.514036,3.194913,8.371667,13.55959,-14.81027,19.93299,
638524908474881741,316441,-2.885428,21.332,16.40144,-1.508057,3.182297,8.338609,13.53711,-14.78571,19.89994,
638524908474991743,316452,-2.879576,21.28874,16.36817,-1.502041,3.169602,8.305345,13.51448,-14.76099,19.86667,
638524908475101746,316463,-2.873734,21.24555,16.33497,-1.496036,3.15693,8.272141,13.49189,-14.73632,19.83347,
638524908475211747,316474,-2.867875,21.20223,16.30166,-1.490013,3.144219,8.238832,13.46923,-14.71157,19.80016,
638524908475321739,316485,-2.862032,21.15904,16.26845,-1.484006,3.131544,8.205621,13.44664,-14.6869,19.76695,
638524908475431739,316497,-2.856136,21.11545,16.23494,-1.477945,3.118755,8.172109,13.42384,-14.662,19.73344,
638524908475541733,316507,-2.85026,21.072,16.20153,-1.471904,3.106007,8.138705,13.40112,-14.63718,19.70003,
638524908475651768,316519,-2.844413,21.02878,16.1683,-1.465894,3.093324,8.105473,13.37851,-14.61249,19.6668,
638524908475831742,316536,-2.838516,20.98518,16.13478,-1.459831,3.08053,8.07195,13.35571,-14.58758,19.63328,
638524908475931744,316546,-2.829483,20.9184,16.08344,-1.450546,3.060936,8.020607,13.32078,-14.54943,19.58193,
638524908476081746,316562,-2.824074,20.87841,16.05269,-1.444985,3.049201,7.989859,13.29986,-14.52658,19.55119,
638524908476141740,316568,-2.815799,20.81724,16.00565,-1.436479,3.031252,7.942825,13.26787,-14.49164,19.50415,
638524908476211743,316574,-2.812522,20.79301,15.98702,-1.433109,3.024141,7.924193,13.2552,-14.47779,19.48552,
638524908476291736,316582,-2.809359,20.76962,15.96904,-1.429858,3.01728,7.906215,13.24297,-14.46444,19.46754,
638524908476401741,316594,-2.804859,20.73636,15.94347,-1.425232,3.00752,7.880639,13.22557,-14.44543,19.44197,
638524908476511744,316605,-2.798896,20.69227,15.90957,-1.419101,2.994583,7.84674,13.20251,-14.42025,19.40807,
638524908476631739,316616,-2.79306,20.64912,15.8764,-1.413102,2.981923,7.813566,13.17994,-14.3956,19.3749,
638524908476741738,316627,-2.787188,20.60571,15.84302,-1.407066,2.969185,7.780189,13.15724,-14.3708,19.34152,
638524908476851740,316638,-2.781387,20.56283,15.81005,-1.401102,2.956601,7.747216,13.13481,-14.3463,19.30855,
638524908476961736,316649,-2.77555,20.51967,15.77686,-1.395101,2.943938,7.714035,13.11223,-14.32165,19.27536,
638524908477071745,316660,-2.769664,20.47616,15.74341,-1.389051,2.93117,7.680577,13.08947,-14.29679,19.24191,
638524908477181744,316672,-2.763789,20.43273,15.71002,-1.383012,2.918427,7.647188,13.06676,-14.27198,19.20852,
638524908477291738,316682,-2.757865,20.38893,15.67634,-1.376921,2.905575,7.613511,13.04385,-14.24696,19.17484,
638524908477401742,316694,-2.752088,20.34622,15.6435,-1.370983,2.893044,7.580676,13.02151,-14.22256,19.14201,
638524908477511737,316705,-2.746129,20.30217,15.60963,-1.364857,2.880117,7.546803,12.99847,-14.19739,19.10813,
638524908477621740,316716,-2.740309,20.25914,15.57655,-1.358874,2.867492,7.513722,12.97597,-14.17281,19.07505,
638524908477741742,316727,-2.73447,20.21597,15.54336,-1.352871,2.854824,7.480528,12.95339,-14.14815,19.04186,
638524908477851742,316738,-2.728582,20.17244,15.50989,-1.346819,2.842053,7.447062,12.93062,-14.12329,19.00839,
638524908477961747,316749,-2.722775,20.12951,15.47688,-1.340849,2.829456,7.414054,12.90817,-14.09876,18.97538,
638524908478071735,316760,-2.716915,20.08619,15.44357,-1.334824,2.816742,7.380741,12.88551,-14.07401,18.94207,
638524908478181741,316771,-2.711024,20.04264,15.41009,-1.328769,2.803964,7.347258,12.86273,-14.04913,18.90859,
638524908478291763,316782,-2.705188,19.99949,15.37691,-1.322769,2.791303,7.314083,12.84016,-14.02448,18.87541,
638524908478401745,316793,-2.699273,19.95576,15.34329,-1.316689,2.778472,7.280462,12.81729,-13.9995,18.84179,
638524908478511741,316805,-2.693457,19.91276,15.31023,-1.31071,2.765855,7.247402,12.7948,-13.97494,18.80873,
638524908478621740,316816,-2.687601,19.86947,15.27695,18.27096,21.30138,20,12.77216,-13.95021,18.77545,
638524908478731734,316827,-2.681708,19.8259,15.24345,18.24035,21.2657,19.9665,12.74937,-13.92532,18.74195,
638524908478851743,316838,-2.675863,19.78269,15.21022,18.21,21.23031,19.93328,12.72677,-13.90063,18.70872,
638524908478961748,316849,-2.670029,19.73956,15.17706,18.17971,21.195,19.90011,12.70421,-13.87599,18.67556,
638524908479071738,316860,-2.664184,19.69635,15.14384,18.14936,21.15961,19.86689,12.68161,-13.85131,18.64234,
638524908479181737,316871,-2.65828,19.6527,15.11028,18.1187,21.12387,19.83333,12.65878,-13.82637,18.60878,
638524908479291733,316882,-2.652435,19.60949,15.07705,18.08835,21.08848,19.80011,12.63618,-13.80169,18.57555,
638524908479401732,316893,-2.646604,19.56638,15.04391,18.05807,21.05318,19.76696,12.61363,-13.77706,18.54241,
638524908479511755,316905,-2.640674,19.52254,15.0102,18.02727,21.01728,19.73326,12.5907,-13.75202,18.5087,
638524908479621741,316916,-2.634812,19.4792,14.97688,17.99683,20.98179,19.69994,12.56804,-13.72726,18.47538,
638524908479741739,316927,-2.628989,19.43615,14.94378,17.96659,20.94654,19.66684,12.54552,-13.70267,18.44228,
638524908479851738,316938,-2.622996,19.39185,14.90972,17.93547,20.91026,19.63277,12.52235,-13.67736,18.40822,
638524908479961741,316949,-2.617084,19.34813,14.87611,17.90477,20.87446,19.59916,12.49949,-13.65238,18.37461,
638524908480071739,316961,-2.61114,19.30419,14.84232,17.8739,20.83847,19.56538,12.4765,-13.62728,18.34082,
638524908480191738,316972,-2.605162,19.26,14.80834,17.84286,20.80229,19.5314,12.45339,-13.60204,18.30685,
638524908480301734,316983,-2.59917,19.21569,14.77428,17.81175,20.76601,19.49734,12.43022,-13.57673,18.27278,
638524908480411738,316995,-2.593289,19.17222,14.74086,17.78121,20.73041,19.46391,12.40748,-13.55189,18.23936,
638524908480531743,317006,-2.587309,19.128,14.70686,17.75015,20.6942,19.42991,12.38435,-13.52663,18.20536,
638524908480641735,317017,-2.581248,19.0832,14.67241,17.71868,20.65751,19.39546,12.36092,-13.50104,18.17091,
638524908480751734,317028,-2.575402,19.03998,14.63918,17.68832,20.62211,19.36223,12.33831,-13.47635,18.13768,
638524908480871742,317040,-2.569467,18.9961,14.60544,17.65751,20.58619,19.3285,12.31537,-13.45128,18.10395,
638524908480981767,317051,-2.563362,18.95097,14.57074,17.6258,20.54923,19.2938,12.29176,-13.4255,18.06924,
638524908481091743,317062,-2.557426,18.90708,14.537,17.59498,20.51329,19.26005,12.2688,-13.40043,18.0355,
638524908481201744,317074,-2.551571,18.8638,14.50372,17.56458,20.47784,19.22677,12.24617,-13.3757,18.00222,
638524908481311753,317085,-2.545512,18.819,14.46928,17.53311,20.44116,19.19233,12.22274,-13.35011,17.96778,
638524908481431747,317096,-2.539706,18.77608,14.43628,17.50296,20.40601,19.15933,12.20029,-13.32559,17.93478,
638524908481541742,317107,-2.533754,18.73207,14.40244,17.47205,20.36997,19.12549,12.17727,-13.30045,17.90094,
638524908481651735,317118,-2.527861,18.68851,14.36894,17.44145,20.3343,19.092,12.15448,-13.27556,17.86744,
638524908481761761,317129,-2.522047,18.64552,14.3359,17.41126,20.2991,19.05895,12.132,-13.25101,17.8344,
638524908481871733,317141,-2.51614,18.60185,14.30232,17.38059,20.26334,19.02538,12.10916,-13.22606,17.80082,
638524908481981743,317152,-2.510246,18.55828,14.26881,17.34998,20.22765,18.99187,12.08637,-13.20116,17.76731,
638524908482091749,317163,-2.504467,18.51555,14.23596,17.31997,20.19266,18.95902,12.06402,-13.17675,17.73447,
638524908482211742,317174,-2.498611,18.47226,14.20268,17.28956,20.15721,18.92574,12.04138,-13.15202,17.70118,
638524908482321739,317185,-2.492653,18.42822,14.16881,17.25863,20.12115,18.89187,12.01834,-13.12686,17.66732,
638524908482431734,317196,-2.486861,18.38539,14.13589,17.22855,20.08608,18.85895,11.99594,-13.1024,17.63439,
638524908482541740,317207,-2.481009,18.34213,14.10263,17.19816,20.05065,18.82569,11.97332,-13.07769,17.60113,
638524908482651741,317218,-2.475025,18.29788,14.06861,17.16708,20.01442,18.79167,11.95018,-13.05241,17.56711,
638524908482761738,317229,-2.469291,18.25549,14.03601,17.13731,19.97971,18.75908,11.92801,-13.02819,17.53452,
638524908482881754,317241,-2.463435,18.2122,14.00273,17.1069,19.94426,18.72579,11.90536,-13.00346,17.50124,
638524908482981741,317251,-2.457369,18.16735,13.96825,17.0754,19.90753,18.69131,11.88191,-12.97784,17.46675,
638524908483091761,317263,-2.451726,18.12564,13.93617,17.0461,19.87337,18.65924,11.86009,-12.95401,17.43468,
638524908483211737,317274,-2.445775,18.08164,13.90234,17.0152,19.83734,18.62541,11.83708,-12.92888,17.40085,
638524908483321737,317285,-2.439834,18.03772,13.86857,16.98434,19.80137,18.59163,11.8141,-12.90378,17.36708,
638524908483431740,317296,-2.43411,17.9954,13.83604,16.95462,19.76672,18.5591,11.79197,-12.87961,17.33455,
638524908483541747,317307,-2.42821,17.95178,13.8025,16.92398,19.731,18.52556,11.76916,-12.85469,17.30101,
638524908483651737,317318,-2.422371,17.90861,13.76931,16.89366,19.69565,18.49237,11.74658,-12.83003,17.26782,
638524908483761748,317329,-2.416551,17.86558,13.73623,16.86344,19.66041,18.45929,11.72407,-12.80545,17.23474,
638524908483871741,317341,-2.410679,17.82217,13.70285,16.83295,19.62486,18.42591,11.70137,-12.78065,17.20136,
638524908483981744,317351,-2.404693,17.77792,13.66882,16.80186,19.58862,18.39189,11.67822,-12.75537,17.16734,
638524908484091739,317363,-2.398935,17.73535,13.63609,16.77197,19.55376,18.35916,11.65596,-12.73105,17.13461,
638524908484211746,317374,-2.393088,17.69212,13.60286,16.7416,19.51836,18.32592,11.63335,-12.70636,17.10137,
638524908484321736,317385,-2.386985,17.647,13.56817,16.70991,19.48141,18.29123,11.60975,-12.68058,17.06668,
638524908484431746,317396,-2.381146,17.60383,13.53498,16.67959,19.44607,18.25804,11.58717,-12.65592,17.03349,
638524908484541740,317407,-2.375484,17.56197,13.50279,16.65018,19.41179,18.22586,11.56528,-12.63201,17.0013,
638524908484651744,317418,-2.369672,17.51901,13.46976,16.62001,19.3766,18.19282,11.54281,-12.60746,16.96827,
638524908484761744,317429,-2.363645,17.47445,13.4355,16.58871,19.34011,18.15856,11.5195,-12.58201,16.93401,
638524908484871746,317441,-2.357913,17.43207,13.40292,16.55894,19.30541,18.12598,11.49734,-12.5578,16.90143,
638524908484981741,317451,-2.351909,17.38768,13.36879,16.52777,19.26906,18.09185,11.47412,-12.53244,16.8673,
638524908485091736,317462,-2.346246,17.34581,13.3366,16.49836,19.23478,18.05966,11.45222,-12.50852,16.83511,
638524908485201750,317474,-2.340349,17.30222,13.30308,16.46774,19.19908,18.02614,11.42942,-12.48362,16.80159,
638524908485311744,317485,-2.334473,17.25878,13.26968,16.43722,19.1635,17.99274,11.4067,-12.4588,16.76819,
638524908485431743,317496,-2.328611,17.21544,13.23635,16.40678,19.12801,17.95942,11.38403,-12.43404,16.73487,
638524908485541747,317507,-2.322721,17.17189,13.20288,16.3762,19.09236,17.92594,11.36126,-12.40917,16.70139,
638524908485651750,317518,-2.316912,17.12895,13.16986,16.34603,19.05719,17.89292,11.3388,-12.38464,16.66837,
638524908485761745,317529,-2.310999,17.08523,13.13625,16.31533,19.02139,17.85931,11.31593,-12.35966,16.63476,
638524908485871739,317540,-2.305089,17.04154,13.10265,16.28464,18.98561,17.82572,11.29308,-12.3347,16.60116,
638524908485981735,317551,-2.299201,16.99801,13.06918,16.25406,18.94997,17.79225,11.27031,-12.30984,16.5677,
638524908486091732,317562,-2.293451,16.9555,13.0365,16.2242,18.91515,17.75956,11.24808,-12.28555,16.53501,
638524908486211765,317574,-2.287599,16.91224,13.00323,16.19382,18.87972,17.7263,11.22545,-12.26084,16.50175,
638524908486311737,317585,-15.92281,-10.39219,20,16.16193,18.84255,17.6914,11.20171,-12.2349,16.46685,
638524908486431735,317596,-15.8975,-10.37567,19.9682,16.13288,18.80869,17.65961,11.18008,-12.21128,16.43505,
638524908486541748,317607,-15.87036,-10.35796,19.93411,16.10174,18.77238,17.62551,11.15689,-12.18595,16.40096,
