time(100ns),time_stamp(ms),object1.x,object1.y,object1.z,object2.x,object2.y,object2.z,object3.x,object3.y,object3.z,
638524921586699674,182522,-2.272476,-2.26947,20,4.762872,-6.773351,20,3.473947,-24.88487,20,
638524921586879674,182540,-2.266691,-2.263693,19.94909,4.750747,-6.756108,19.94909,3.465103,-24.82152,19.94909,
638524921586949679,182546,-2.260472,-2.257482,19.89435,4.737712,-6.737572,19.89435,3.455596,-24.75342,19.89435,
638524921587049680,182557,-2.258026,-2.255039,19.87282,4.732585,-6.73028,19.87282,3.451856,-24.72664,19.87282,
638524921587159672,182568,-2.254531,-2.251548,19.84206,4.72526,-6.719862,19.84206,3.446513,-24.68836,19.84206,
638524921587269681,182579,-2.250839,-2.247861,19.80957,4.717522,-6.708859,19.80957,3.44087,-24.64794,19.80957,
638524921587379673,182590,-2.247057,-2.244084,19.77628,4.709594,-6.697585,19.77628,3.435087,-24.60651,19.77628,
638524921587499682,182601,-2.24326,-2.240292,19.74286,4.701636,-6.686267,19.74286,3.429282,-24.56493,19.74286,
638524921587609677,182612,-2.239436,-2.236473,19.70921,4.693622,-6.67487,19.70921,3.423437,-24.52306,19.70921,
638524921587719682,182623,-2.235715,-2.232758,19.67646,4.685824,-6.663781,19.67646,3.41775,-24.48232,19.67646,
638524921587829683,182635,-2.231934,-2.228981,19.64318,4.677897,-6.652509,19.64318,3.411968,-24.44091,19.64318,
638524921587939672,182646,-2.228105,-2.225157,19.60948,4.669873,-6.641097,19.60948,3.406115,-24.39898,19.60948,
638524921588049678,182657,-2.224349,-2.221406,19.57642,4.662,-6.6299,19.57642,3.400373,-24.35785,19.57642,
638524921588159682,182668,-2.22054,-2.217602,19.54291,4.654018,-6.61855,19.54291,3.394551,-24.31614,19.54291,
638524921588269681,182679,-2.216772,-2.213839,19.50974,4.64612,-6.607318,19.50974,3.388791,-24.27488,19.50974,
638524921588429678,182694,-2.212932,-2.210004,19.47594,4.638072,-6.595872,19.47594,3.38292,-24.23283,19.47594,
638524921588489683,182701,-2.207783,-2.204863,19.43063,4.627281,-6.580527,19.43063,3.37505,-24.17645,19.43063,
638524921588609678,182712,-2.205481,-2.202564,19.41037,4.622456,-6.573665,19.41037,3.37153,-24.15124,19.41037,
638524921588719679,182723,-2.201612,-2.1987,19.37632,4.614347,-6.562134,19.37632,3.365616,-24.10888,19.37632,
638524921588829684,182735,-2.197845,-2.194937,19.34316,4.606451,-6.550903,19.34316,3.359856,-24.06762,19.34316,
638524921588939807,182746,-2.194041,-2.191139,19.30968,4.598478,-6.539566,19.30968,3.354041,-24.02596,19.30968,
638524921589049804,182757,-2.190222,-2.187324,19.27607,4.590474,-6.528182,19.27607,3.348203,-23.98414,19.27607,
638524921589159800,182768,-2.186487,-2.183594,19.2432,4.582645,-6.517049,19.2432,3.342493,-23.94324,19.2432,
638524921589269798,182779,-2.182685,-2.179798,19.20974,4.574677,-6.505718,19.20974,3.336682,-23.90161,19.20974,
638524921589379796,182790,-2.178898,-2.176015,19.17641,4.56674,-6.49443,19.17641,3.330892,-23.86014,19.17641,
638524921589499797,182801,-2.175137,-2.172259,19.14331,4.558856,-6.48322,19.14331,3.325143,-23.81895,19.14331,
638524921589609803,182812,-2.171271,-2.168399,19.10929,4.550755,-6.471698,19.10929,3.319233,-23.77662,19.10929,
638524921589719795,182823,-2.167551,-2.164683,19.07654,4.542957,-6.460608,19.07654,3.313546,-23.73588,19.07654,
638524921589829804,182834,-2.163761,-2.160898,19.04319,4.535014,-6.449313,19.04319,3.307752,-23.69438,19.04319,
638524921589979931,182850,-2.159973,-2.157115,19.00985,4.527074,-6.438022,19.00985,3.301962,-23.6529,19.00985,
638524921590049929,182856,-2.154833,-2.151982,18.96462,4.516302,-6.422702,18.96462,3.294104,-23.59661,18.96462,
638524921590159919,182868,-2.152446,-2.149598,18.9436,4.511297,-6.415586,18.9436,3.290454,-23.57047,18.9436,
638524921590269916,182879,-2.148631,-2.145788,18.91003,4.503303,-6.404216,18.91003,3.284623,-23.5287,18.91003,
638524921590379917,182890,-2.144774,-2.141936,18.87609,4.495218,-6.392719,18.87609,3.278727,-23.48646,18.87609,
638524921590499937,182901,-2.140984,-2.138151,18.84273,4.487274,-6.381422,18.84273,3.272932,-23.44495,18.84273,
638524921590609919,182913,-2.137149,-2.134321,18.80898,4.479236,-6.369991,18.80898,3.26707,-23.40296,18.80898,
638524921590719931,182924,-2.1333,-2.130477,18.7751,4.471169,-6.35852,18.7751,3.261186,-23.36081,18.7751,
638524921590839931,182936,-2.129401,-2.126584,18.74079,4.462998,-6.346899,18.74079,3.255226,-23.31812,18.74079,
638524921590949926,182947,-2.125539,-2.122727,18.7068,4.454904,-6.335387,18.7068,3.249322,-23.27583,18.7068,
638524921591059916,182958,-2.121716,-2.118908,18.67315,4.44689,-6.323991,18.67315,3.243477,-23.23396,18.67315,
638524921591179924,182969,-2.117877,-2.115075,18.63936,4.438844,-6.312549,18.63936,3.237608,-23.19192,18.63936,
638524921591289925,182980,-2.113995,-2.111199,18.6052,4.43071,-6.300981,18.6052,3.231675,-23.14942,18.6052,
638524921591399922,182991,-2.11023,-2.107438,18.57206,4.422817,-6.289757,18.57206,3.225919,-23.10818,18.57206,
638524921591559909,183007,-2.106477,-2.10369,18.53903,4.414951,-6.278571,18.53903,3.220181,-23.06709,18.53903,
638524921591609922,183013,-2.101043,-2.098263,18.49121,4.403562,-6.262373,18.49121,3.211874,-23.00758,18.49121,
638524921591719916,183024,-2.098969,-2.096192,18.47295,4.399215,-6.256192,18.47295,3.208704,-22.98487,18.47295,
638524921591839915,183035,-2.095361,-2.092589,18.4412,4.391654,-6.245439,18.4412,3.203189,-22.94536,18.4412,
638524921591945112,183046,-2.091517,-2.08875,18.40737,4.383596,-6.233981,18.40737,3.197312,-22.90327,18.40737,
638524921592055116,183057,-2.087783,-2.085021,18.37451,4.375771,-6.222852,18.37451,3.191604,-22.86238,18.37451,
638524921592165121,183068,-2.084009,-2.081253,18.3413,4.367861,-6.211604,18.3413,3.185835,-22.82105,18.3413,
638524921592275114,183080,-2.080209,-2.077458,18.30786,4.359898,-6.200278,18.30786,3.180027,-22.77945,18.30786,
638524921592385110,183091,-7.795989,31.51613,20,4.351925,-6.18894,18.27438,3.174212,-22.73779,18.27438,
638524921592505127,183102,-7.783118,31.4641,19.96698,4.344062,-6.177758,18.24136,3.168476,-22.69671,18.24136,
638524921592615116,183113,-7.770108,31.4115,19.93361,4.336113,-6.166454,18.20798,3.162679,-22.65518,18.20798,
638524921592725119,183124,-7.757088,31.35887,19.9002,4.328159,-6.155142,18.17458,3.156877,-22.61362,18.17458,
638524921592835111,183135,-7.744154,31.30658,19.86702,4.320257,-6.143905,18.1414,3.151114,-22.57233,18.1414,
638524921592945210,183146,-7.731155,31.25403,19.83367,4.312315,-6.132611,18.10805,3.145321,-22.53084,18.10805,
638524921593105209,183162,-7.718039,31.20101,19.80003,4.304302,-6.121215,18.0744,3.139477,-22.48897,18.0744,
638524921593165217,183168,-7.699789,31.12723,19.75321,4.293152,-6.105359,18.02758,3.131344,-22.43072,18.02758,
638524921593285216,183180,-7.692323,31.09705,19.73405,4.288591,-6.098873,18.00843,3.128018,-22.40689,18.00843,
638524921593390757,183191,-7.678971,31.04307,19.6998,4.280434,-6.087272,17.97418,3.122068,-22.36427,17.97418,
638524921593500770,183202,-7.666108,30.99107,19.6668,4.272575,-6.076096,17.94118,3.116336,-22.32321,17.94118,
638524921593610772,183213,-7.653196,30.93887,19.63367,4.264687,-6.064878,17.90805,3.110582,-22.28199,17.90805,
638524921593720752,183224,-7.639982,30.88545,19.59978,4.256614,-6.053397,17.87415,3.104694,-22.23981,17.87415,
638524921593830766,183235,-7.627259,30.83401,19.56713,4.248841,-6.042343,17.84151,3.099024,-22.1992,17.84151,
638524921593940872,183246,-7.614234,30.78136,19.53372,4.240884,-6.031027,17.8081,3.09322,-22.15762,17.8081,
638524921594060867,183257,-7.601295,30.72905,19.50053,4.232979,-6.019785,17.7749,3.087455,-22.11632,17.7749,
638524921594170864,183268,-7.588129,30.67583,19.46675,4.224935,-6.008346,17.74113,3.081588,-22.0743,17.74113,
638524921594280862,183280,-7.575269,30.62384,19.43376,4.217079,-5.997173,17.70814,3.075857,-22.03325,17.70814,
638524921594390868,183291,-7.562246,30.57119,19.40035,4.209122,-5.985858,17.67472,3.070054,-21.99168,17.67472,
638524921594500871,183302,-7.549283,30.51879,19.36709,4.201203,-5.974596,17.64147,3.064278,-21.9503,17.64147,
638524921594650985,183317,-7.536209,30.46594,19.33355,4.193215,-5.963237,17.60793,3.058452,-21.90857,17.60793,
638524921594720976,183323,-7.518692,30.39512,19.28862,4.182514,-5.948018,17.56299,3.050647,-21.85266,17.56299,
638524921594830978,183335,-7.510488,30.36196,19.26757,4.177502,-5.94089,17.54194,3.04699,-21.82647,17.54194,
638524921594946317,183346,-7.497364,30.3089,19.2339,4.169484,-5.929487,17.50828,3.041142,-21.78457,17.50828,
638524921595056293,183357,-7.48438,30.25641,19.20059,4.161551,-5.918207,17.47497,3.035357,-21.74313,17.47497,
638524921595166297,183369,-7.471428,30.20405,19.16736,4.153639,-5.906954,17.44174,3.029585,-21.70179,17.44174,
638524921595276302,183380,-7.458181,30.1505,19.13338,4.145545,-5.895444,17.40775,3.023682,-21.6595,17.40775,
638524921595386298,183391,-7.445116,30.09768,19.09986,4.137564,-5.884093,17.37424,3.01786,-21.6178,17.37424,
638524921595506306,183402,-7.432172,30.04535,19.06666,4.129656,-5.872847,17.34103,3.012092,-21.57648,17.34103,
638524921595616302,183413,-7.419135,29.99265,19.03321,4.121691,-5.86152,17.30759,3.006283,-21.53487,17.30759,
638524921595726296,183424,-7.406208,29.9404,19.00005,4.113794,-5.850288,17.27442,3.000523,-21.4936,17.27442,
638524921595836305,183435,-7.393248,29.888,18.9668,4.105876,-5.839028,17.24117,2.994748,-21.45223,17.24117,
638524921595946402,183446,-7.380113,29.8349,18.9331,4.097852,-5.827617,17.20748,2.988895,-21.41031,17.20748,
638524921596056400,183457,-7.36721,29.78274,18.9,4.089969,-5.816406,17.17438,2.983145,-21.36912,17.17438,
638524921596216404,183473,-7.354218,29.73022,18.86667,4.082031,-5.805119,17.14105,2.977356,-21.32765,17.14105,
638524921596276404,183479,-7.33629,29.65775,18.82068,4.071078,-5.789542,17.09505,2.969367,-21.27042,17.09505,
638524921596386400,183491,-7.328377,29.62576,18.80038,4.066244,-5.782667,17.07475,2.965841,-21.24517,17.07475,
638524921596496413,183502,-7.315277,29.5728,18.76677,4.05824,-5.771285,17.04115,2.960003,-21.20335,17.04115,
638524921596616404,183513,-7.302343,29.52051,18.73359,4.050339,-5.760048,17.00797,2.95424,-21.16207,17.00797,
638524921596726401,183524,-7.289258,29.46761,18.70002,4.042345,-5.748679,16.9744,2.948409,-21.1203,16.9744,
638524921596836399,183536,-7.275955,29.41384,18.66589,4.034218,-5.737122,16.94027,2.942481,-21.07784,16.94027,
638524921596956545,183547,-7.262896,29.36104,18.63239,4.026239,-5.725775,16.90676,2.936662,-21.03615,16.90676,
638524921597066534,183558,-7.249496,29.30687,18.59801,4.018052,-5.714133,16.87239,2.930691,-20.99338,16.87239,
638524921597176535,183569,-7.236224,29.25322,18.56397,4.009944,-5.702602,16.83834,2.924777,-20.95101,16.83834,
638524921597286553,183580,-7.22369,29.20255,18.53181,4.002286,-5.691712,16.80619,2.919191,-20.911,16.80619,
638524921597396533,183591,-7.210474,29.14912,18.49791,3.994212,-5.68023,16.77228,2.913302,-20.86882,16.77228,
638524921597506538,183603,-7.197689,29.09744,18.46511,3.986402,-5.669122,16.73948,2.907605,-20.82801,16.73948,
638524921597616535,183613,-7.184471,29.044,18.4312,3.978326,-5.657638,16.70558,2.901716,-20.78582,16.70558,
638524921597776530,183629,-7.171714,28.99243,18.39847,3.970533,-5.646554,16.67285,2.896031,-20.7451,16.67285,
638524921597836539,183636,-7.153558,28.91903,18.35189,3.95944,-5.630779,16.62627,2.88794,-20.68714,16.62627,
638524921597946538,183647,-7.145547,28.88665,18.33134,3.954546,-5.623819,16.60572,2.884371,-20.66157,16.60572,
638524921598056534,183658,-7.133084,28.83627,18.29937,3.946932,-5.612991,16.57375,2.878817,-20.62179,16.57375,
638524921598166549,183669,-7.120065,28.78364,18.26597,3.938978,-5.601679,16.54035,2.873016,-20.58023,16.54035,
638524921598276530,183680,-7.107093,28.73119,18.23269,3.931052,-5.590408,16.50707,2.867235,-20.53882,16.50707,
638524921598386533,183691,-7.094145,28.67885,18.19948,3.923142,-5.579159,16.47385,2.861465,-20.4975,16.47385,
638524921598506540,183702,-7.081429,28.62744,18.16685,3.915373,-5.56811,16.44123,2.855799,-20.4569,16.44123,
638524921598616528,183713,-7.068258,28.5742,18.13306,3.907327,-5.556668,16.40744,2.84993,-20.41486,16.40744,
638524921598726535,183724,-7.055377,28.52213,18.10002,3.899457,-5.545476,16.37439,2.84419,-20.37375,16.37439,
638524921598836533,183735,-7.042439,28.46982,18.06682,3.891552,-5.534235,16.3412,2.838424,-20.33245,16.3412,
638524921598946644,183746,-7.029435,28.41725,18.03346,3.883608,-5.522937,16.30784,2.83263,-20.29094,16.30784,
638524921599056631,183757,-7.016335,28.36429,17.99986,3.875604,-5.511555,16.27423,2.826792,-20.24912,16.27423,
638524921599166647,183769,-7.003446,28.31219,17.96679,3.86773,-5.500357,16.24117,2.821049,-20.20798,16.24117,
638524921599336635,183785,-6.990215,28.2587,17.93285,3.859647,-5.488863,16.20723,2.815153,-20.16575,16.20723,
638524921599386637,183791,-6.971113,28.18148,17.88384,3.847977,-5.472266,16.15822,2.806641,-20.10478,16.15822,
638524921599496634,183801,-6.964194,28.15351,17.86609,3.843749,-5.466254,16.14047,2.803558,-20.08269,16.14047,
638524921599606633,183812,-6.952518,28.10631,17.83614,3.836616,-5.45611,16.11052,2.798355,-20.04542,16.11052,
638524921599716642,183823,-6.939482,28.05361,17.8027,3.828652,-5.444784,16.07707,2.792546,-20.00381,16.07707,
638524921599826638,183834,-6.926466,28.00099,17.7693,3.8207,-5.433475,16.04368,2.786746,-19.96226,16.04368,
638524921599936745,183845,-6.913592,27.94894,17.73628,3.812835,-5.42229,16.01065,2.781009,-19.92117,16.01065,
638524921600046752,183857,-6.900546,27.8962,17.70281,26.32359,32.78744,20,2.775196,-19.87952,15.97719,
638524921600156754,183868,-6.88729,27.84262,17.6688,26.27883,32.73169,19.96599,2.769289,-19.83721,15.94318,
638524921600266746,183879,-6.87439,27.79046,17.63571,26.23527,32.67743,19.9329,2.76354,-19.79603,15.91008,
638524921600386741,183890,-6.861404,27.73797,17.60239,26.19142,32.62282,19.89958,2.757754,-19.75458,15.87677,
638524921600496744,183901,-6.848299,27.68499,17.56877,26.14717,32.5677,19.86596,2.751914,-19.71275,15.84315,
638524921600606751,183912,-6.835496,27.63323,17.53593,26.10394,32.51386,19.83312,2.746209,-19.67188,15.81031,
638524921600716737,183923,-6.822377,27.5802,17.50227,26.05964,32.45869,19.79946,2.740363,-19.63001,15.77665,
638524921600876751,183940,-6.809381,27.52766,17.46893,26.01576,32.40403,19.76612,2.734572,-19.58852,15.74331,
638524921600936748,183945,-6.790717,27.45221,17.42105,25.95274,32.32554,19.71824,2.726255,-19.52895,15.69543,
638524921601046743,183956,-6.783545,27.42321,17.40265,25.92853,32.29538,19.69984,2.723059,-19.50605,15.67703,
638524921601156752,183968,-6.770767,27.37156,17.36987,25.88538,32.24163,19.66706,2.717365,-19.46527,15.64425,
638524921601266751,183979,-6.757561,27.31817,17.33599,25.84079,32.1861,19.63318,2.711481,-19.42311,15.61037,
638524921601376743,183990,-6.744498,27.26536,17.30248,25.79668,32.13116,19.59967,2.70566,-19.38142,15.57686,
638524921601496754,184001,-6.731628,27.21333,17.26946,25.75323,32.07703,19.56665,2.699925,-19.34033,15.54384,
638524921601606739,184012,-6.718677,27.16098,17.23624,25.7095,32.02256,19.53343,2.694154,-19.29899,15.51061,
638524921601716738,184023,-6.705739,27.10868,17.20304,25.66581,31.96815,19.50024,2.688388,-19.25769,15.47742,
638524921601826738,184034,-6.692842,27.05654,17.16996,25.62226,31.91391,19.46715,2.682641,-19.21653,15.44434,
638524921601936845,184045,-6.679768,27.00368,17.13642,25.57812,31.85892,19.43361,2.676815,-19.1748,15.4108,
638524921602046851,184056,-6.666677,26.95076,17.10283,25.53392,31.80387,19.40003,2.670982,-19.13301,15.37721,
638524921602192383,184071,-6.653836,26.89885,17.06989,25.49056,31.74986,19.36708,2.66526,-19.09202,15.34427,
638524921602302388,184082,-6.637253,26.83181,17.02735,25.43456,31.68012,19.32454,2.657871,-19.03909,15.30173,
638524921602492381,184101,-6.624393,26.77982,16.99436,25.39114,31.62603,19.29155,2.65214,-18.99804,15.26873,
638524921602592391,184111,-6.601712,26.68814,16.93617,25.31456,31.53065,19.23337,2.642033,-18.92564,15.21055,
638524921602752390,184127,-6.589591,26.63913,16.90508,25.27363,31.47967,19.20227,2.636632,-18.88695,15.17945,
638524921602812380,184133,-6.571485,26.56594,16.85863,25.21249,31.40352,19.15582,2.628563,-18.82915,15.133,
638524921602918623,184144,-6.563649,26.53426,16.83852,25.18604,31.37056,19.13572,2.625072,-18.80414,15.1129,
638524921603028464,184155,-6.551767,26.48623,16.80804,25.14591,31.32059,19.10523,2.619777,-18.76621,15.08242,
638524921603138466,184166,-6.539049,26.43481,16.77541,25.10297,31.2671,19.07261,2.614109,-18.72562,15.04979,
638524921603248461,184177,-6.526103,26.38247,16.7422,25.05926,31.21265,19.03939,2.608341,-18.6843,15.01658,
638524921603358464,184188,-6.512967,26.32937,16.7085,25.0149,31.15741,19.00569,2.602487,-18.64237,14.98288,
638524921603468461,184199,-6.50007,26.27724,16.67542,24.97136,31.10317,18.97261,2.59674,-18.6012,14.94979,
638524921603588472,184210,-6.487129,26.22492,16.64222,24.92766,31.04874,18.93941,2.590974,-18.55989,14.9166,
638524921603698475,184221,-6.473676,26.17054,16.6077,24.88224,30.99216,18.9049,2.584979,-18.51695,14.88208,
638524921603808462,184232,-6.460979,26.11921,16.57513,24.83937,30.93876,18.87232,2.579321,-18.47642,14.84951,
638524921603958478,184247,-6.448028,26.06685,16.5419,24.79563,30.88429,18.8391,2.57355,-18.43508,14.81628,
638524921604028484,184254,-6.430505,25.99601,16.49695,24.73647,30.8106,18.79414,2.565741,-18.37915,14.77133,
638524921604138465,184266,-6.422276,25.96274,16.47584,24.70868,30.77598,18.77303,2.562074,-18.35288,14.75022,
638524921604248460,184277,-6.409112,25.90953,16.44207,24.66423,30.72062,18.73926,2.556208,-18.31086,14.71645,
638524921604358464,184288,-6.39597,25.8564,16.40835,24.61986,30.66535,18.70554,2.550352,-18.26891,14.68273,
638524921604468466,184299,-6.383137,25.80452,16.37543,24.57652,30.61138,18.67262,2.544633,-18.22795,14.64981,
638524921604588462,184310,-6.370263,25.75247,16.3424,24.53305,30.55724,18.6396,-5.501407,21.38751,20,
638524921604688466,184321,-6.356806,25.69807,16.30788,24.48762,30.50064,18.60507,-5.491911,21.35059,19.96548,
638524921604808469,184332,-6.344269,25.64739,16.27572,24.44529,30.44792,18.57291,-5.483064,21.3162,19.93332,
638524921604918461,184344,-6.331271,25.59485,16.24237,24.4014,30.39325,18.53957,-5.473892,21.28054,19.89997,
638524921605028471,184354,-6.317972,25.54108,16.20826,24.35649,30.33732,18.50545,-5.464507,21.24405,19.86585,
638524921605138462,184366,-6.305357,25.49009,16.17589,24.3139,30.28427,18.47309,-5.455605,21.20945,19.83349,
638524921605248474,184377,-6.292265,25.43716,16.14231,24.26969,30.22921,18.4395,-5.446367,21.17353,19.79991,
638524921605358470,184388,-6.27932,25.38483,16.1091,24.22598,30.17476,18.40629,-5.437231,21.13802,19.7667,
638524921605518480,184403,-6.266178,25.3317,16.07538,24.18161,30.11949,18.37258,-5.427957,21.10196,19.73298,
638524921605578478,184410,-6.248105,25.25864,16.02902,24.12058,30.04348,18.32621,-5.415204,21.05238,19.68661,
638524921605688463,184421,-6.24026,25.22693,16.00889,24.0941,30.01049,18.30609,-5.409668,21.03086,19.66649,
638524921605808465,184432,-6.227387,25.17489,15.97587,24.05063,29.95635,18.27306,-5.400584,20.99555,19.63346,
638524921605919035,184443,-6.214378,25.1223,15.9425,24.0067,29.90164,18.23969,-5.391404,20.95986,19.60009,
638524921606028476,184454,-6.201271,25.06931,15.90887,23.96245,29.84652,18.20606,-5.382154,20.9239,19.56647,
638524921606138462,184466,-6.188435,25.01742,15.87594,23.91911,29.79253,18.17313,-5.373096,20.88869,19.53354,
638524921606248472,184477,-6.17544,24.96489,15.8426,23.87523,29.73788,18.1398,-5.363926,20.85304,19.5002,
638524921606358455,184488,-6.162282,24.91169,15.80885,23.8308,29.68254,18.10604,-5.354641,20.81694,19.46644,
638524921606468460,184499,-6.149348,24.85941,15.77567,23.78712,29.62815,18.07286,-5.345514,20.78146,19.43326,
638524921606588462,184510,-6.136396,24.80704,15.74244,23.74339,29.57368,18.03963,-5.336374,20.74592,19.40004,
638524921606698484,184522,-6.123044,24.75307,15.70818,23.69831,29.51752,18.00538,-5.326952,20.70929,19.36578,
638524921606808461,184533,-6.109708,24.69916,15.67397,23.65328,29.46144,17.97117,-5.317541,20.67271,19.33157,
638524921606928472,184545,-6.096472,24.64565,15.64002,23.60859,29.40577,17.93721,-5.308201,20.6364,19.29762,
638524921607078469,184560,-6.082986,24.59113,15.60542,23.56305,29.34905,17.90261,-5.298684,20.5994,19.26302,
638524921607148469,184566,-6.065158,24.51905,15.55968,23.50285,29.27407,17.85687,-5.286103,20.55049,19.21728,
638524921607268467,184578,-6.056976,24.48598,15.53869,23.47522,29.23966,17.83588,-5.280329,20.52804,19.19629,
638524921607378470,184590,-6.043303,24.43071,15.50361,23.42906,29.18216,17.80081,-5.27068,20.49054,19.16121,
638524921607498464,184601,-6.029825,24.37622,15.46904,23.38355,29.12547,17.76623,-5.261169,20.45356,19.12664,
638524921607608472,184612,-6.016607,24.32278,15.43513,23.33892,29.06988,17.73232,-5.251842,20.4173,19.09273,
638524921607718461,184624,-6.003491,24.26976,15.40148,23.29463,29.01472,17.69867,-5.242586,20.38132,19.05908,
638524921607828463,184635,-5.990359,24.21667,15.36779,23.25029,28.95949,17.66498,-5.233319,20.34529,19.02539,
638524921607938461,184646,-5.977384,24.16422,15.3345,23.20648,28.90492,17.6317,-5.224164,20.30969,18.9921,
638524921608048468,184657,-5.964326,24.11143,15.30101,23.16239,28.85,17.5982,-5.214949,20.27387,18.9586,
638524921608168463,184668,-5.951422,24.05927,15.2679,23.11882,28.79573,17.5651,-5.205843,20.23847,18.9255,
638524921608278471,184679,-5.938407,24.00665,15.23451,23.07487,28.74099,17.53171,-5.196659,20.20276,18.89211,
638524921608388467,184690,-5.925225,23.95336,15.20069,23.03036,28.68555,17.49789,-5.187356,20.1666,18.85829,
638524921608498465,184701,-5.912356,23.90134,15.16768,22.98691,28.63143,17.46487,-5.178276,20.1313,18.82528,
638524921608658465,184717,-5.899421,23.84905,15.1345,22.94324,28.57703,17.43169,-5.169148,20.09581,18.7921,
638524921608718461,184723,-5.881116,23.77505,15.08754,22.88143,28.50005,17.38473,-5.156231,20.0456,18.74514,
638524921608828466,184735,-5.873654,23.74488,15.06839,22.85623,28.46866,17.36559,-5.150965,20.02512,18.72599,
638524921608938465,184746,-5.860475,23.6916,15.03458,22.81173,28.41324,17.33178,-5.141665,19.98897,18.69218,
638524921609048459,184757,-5.847482,23.63908,15.00125,22.76786,28.35859,17.29845,-5.132496,19.95332,18.65885,
638524921609168462,184768,-5.834513,23.58665,14.96798,22.72407,28.30405,17.26517,-5.123343,19.91774,18.62558,
638524921609278457,184779,-5.821271,23.53312,14.93401,22.67936,28.24836,17.2312,-5.113999,19.88141,18.59161,
638524921609388470,184791,-5.808296,23.48067,14.90072,22.63554,28.19379,17.19792,-5.104843,19.84582,18.55832,
638524921609498475,184802,-5.795241,23.42789,14.86723,22.59146,28.13889,17.16442,-5.09563,19.81,18.52483,
638524921609608465,184813,-5.782412,23.37603,14.83432,22.54814,28.08493,17.13151,-5.086577,19.77481,18.49192,
638524921609718472,184824,-5.769371,23.32331,14.80086,22.50411,28.03008,17.09806,-5.077374,19.73903,18.45846,
638524921609828469,184835,-5.756402,23.27088,14.76759,22.46032,27.97554,17.06479,-5.068223,19.70345,18.42519,
638524921609938464,184846,-5.743411,23.21836,14.73426,22.41645,27.9209,17.03146,-5.059055,19.66781,18.39186,
638524921610058461,184857,-5.730403,23.16577,14.70089,22.37253,27.86619,16.99809,-5.049876,19.63213,18.35849,
638524921610208467,184873,-5.717325,23.11291,14.66734,22.32837,27.81119,16.96454,-5.040647,19.59625,18.32494,
638524921610268462,184879,-5.699073,23.03912,14.62051,22.26674,27.73443,16.91771,-5.027767,19.54618,18.27812,
638524921610388470,184890,-5.691648,23.0091,14.60147,22.24167,27.7032,16.89866,-5.022528,19.5258,18.25907,
638524921610498470,184901,-5.678714,22.95682,14.56829,22.198,27.64881,16.86548,-5.013401,19.49032,18.22589,
638524921610608469,184912,-5.665692,22.90418,14.53488,22.15403,27.59404,16.83208,-5.004212,19.4546,18.19248,
638524921610718463,184924,-5.652793,22.85203,14.50179,22.11048,27.53979,16.79898,-4.995109,19.41921,18.15939,
638524921610828469,184935,-5.639809,22.79954,14.46848,22.06663,27.48519,16.76567,-4.985947,19.38359,18.12608,
638524921610938456,184946,-5.626757,22.74678,14.43499,22.02256,27.4303,16.73219,-4.976737,19.34778,18.0926,
638524921611048462,184957,-5.613793,22.69437,14.40174,21.97879,27.37577,16.69893,-4.967588,19.31222,18.05934,
638524921611158488,184968,-5.60086,22.64209,14.36856,21.93512,27.32138,16.66575,-4.958461,19.27674,18.02616,
638524921611268463,184979,-5.587758,22.58912,14.33495,21.89088,27.26628,16.63214,-4.949216,19.24079,17.99255,
638524921611388471,184990,-5.574872,22.53703,14.30189,21.84737,27.21209,16.59909,-4.940123,19.20544,17.95949,
638524921611498461,185001,-5.561726,22.48388,14.26816,21.80298,27.1568,16.56536,-4.930846,19.16938,17.92576,
638524921611608470,185012,-5.548872,22.43192,14.23519,21.75958,27.10274,16.53238,-4.921775,19.13411,17.89279,
638524921611768467,185029,-5.53583,22.3792,14.20173,21.71554,27.04788,16.49892,-4.912571,19.09833,17.85933,
638524921611828472,185034,-5.516725,22.30196,14.15272,21.65103,26.96754,16.44991,-4.89909,19.04592,17.81032,
638524921611938472,185045,-5.509758,22.2738,14.13484,21.62751,26.93823,16.43204,-4.894173,19.02681,17.79244,
638524921612048467,185056,-5.497497,22.22423,14.10339,21.58611,26.88667,16.40058,-4.885521,18.99317,17.76099,
638524921612158464,185067,-5.484667,22.17237,14.07047,21.54279,26.83271,16.36767,-4.876467,18.95797,17.72807,
638524921612268471,185078,-5.47179,22.12031,14.03744,21.49931,26.77856,16.33463,-4.867381,18.92265,17.69504,
638524921612378464,185089,-5.458749,22.06759,14.00398,21.45527,26.72371,16.30118,-4.858178,18.88687,17.66158,
638524921612488479,185101,-5.445727,22.01495,13.97058,21.41131,26.66894,16.26777,-4.848989,18.85114,17.62818,
638524921612598471,185112,-5.432774,21.96258,13.93735,21.36757,26.61447,16.23454,-4.839848,18.81561,17.59494,
638524921612708468,185123,-5.419754,21.90995,13.90394,21.32361,26.55971,16.20114,-4.83066,18.77989,17.56154,
638524921612818465,185134,-5.406591,21.85674,13.87018,21.27916,26.50435,16.16737,-4.821372,18.74378,17.52778,
638524921612928469,185145,-5.39386,21.80527,13.83752,21.23617,26.45081,16.13471,-4.812387,18.70885,17.49512,
638524921613038468,185156,-5.380831,21.7526,13.80409,21.19218,26.39601,16.10129,-4.803193,18.67311,17.46169,
638524921613158478,185167,-5.367865,21.70018,13.77083,21.1484,26.34148,16.06802,-4.794043,18.63754,17.42843,
638524921613308473,185182,-5.354776,21.64727,13.73725,21.10421,26.28643,16.03444,-4.784807,18.60163,17.39485,
638524921613368471,185189,-5.337523,21.57752,13.69299,21.04595,26.21388,15.99018,-4.772632,18.5543,17.35059,
638524921613488460,185200,-5.329163,21.54372,13.67154,21.01772,26.17871,15.96874,-4.766732,18.53136,17.32914,
638524921613598465,185212,-5.315974,21.49041,13.63771,20.97319,26.12325,15.9349,-4.757426,18.49518,17.29531,
638524921613708471,185223,-5.302826,21.43726,13.60398,20.92879,26.06795,15.90117,-4.748147,18.45911,17.26158,
638524921613818475,185234,-5.289703,21.3842,13.57031,20.88449,26.01276,15.86751,-4.738887,18.42311,17.22791,
638524921613928472,185245,-5.27692,21.33253,13.53752,20.84132,25.959,15.83471,-4.729867,18.38804,17.19512,
638524921614038468,185256,-5.263878,21.27981,13.50406,20.79729,25.90415,15.80125,-4.720664,18.35226,17.16166,
638524921614158464,185267,-5.250927,21.22745,13.47083,20.75356,25.84968,15.76803,-4.711524,18.31673,17.12844,
638524921614268465,185278,-5.237971,21.17507,13.43759,20.70981,25.79519,15.73479,-4.702381,18.28119,17.0952,
638524921614378471,185289,-5.224981,21.12256,13.40427,20.66595,25.74056,15.70146,-4.693214,18.24555,17.06187,
638524921614488474,185300,-5.211879,21.06959,13.37066,20.62171,25.68546,15.66785,-4.683969,18.20961,17.02826,
638524921614598464,185312,-5.199029,21.01764,13.33769,20.57832,25.63141,15.63489,-4.674901,18.17436,16.99529,
638524921614708472,185323,-5.186054,20.96519,13.30441,20.53451,25.57685,15.6016,-4.665745,18.13876,16.96201,
638524921614868475,185339,-5.172853,20.91183,13.27054,20.48994,25.52133,15.56774,-4.65643,18.10255,16.92814,
638524921614928465,185344,-5.154466,20.83749,13.22337,20.42785,25.444,15.52057,-4.643454,18.0521,16.88097,
638524921615038465,185356,-5.147233,20.80825,13.20481,20.40343,25.41358,15.50201,-4.63835,18.03226,16.86242,
638524921615158474,185367,-5.133982,20.75469,13.17082,20.35868,25.35785,15.46802,-4.628999,17.99591,16.82842,
638524921615268460,185378,-5.120917,20.70187,13.1373,20.31457,25.3029,15.4345,-4.61978,17.96007,16.79491,
638524921615378464,185389,-5.108084,20.64999,13.10438,20.27124,25.24893,15.40158,-4.610723,17.92486,16.76198,
638524921615488471,185401,-5.094933,20.59683,13.07064,20.22683,25.19362,15.36784,-4.601443,17.88878,16.72825,
638524921615598465,185412,-5.081698,20.54333,13.03669,20.18215,25.13796,15.33389,-4.592104,17.85248,16.69429,
638524921615708472,185423,-5.068661,20.49062,13.00325,20.13813,25.08313,15.30044,-4.582904,17.81671,16.66085,
638524921615828463,185434,-5.055587,20.43777,12.96971,20.09398,25.02815,15.2669,-4.573678,17.78085,16.62731,
638524921615938460,185445,-5.042463,20.38471,12.93604,20.04967,24.97295,15.23323,-4.564417,17.74484,16.59364,
638524921616048462,185456,-5.029689,20.33307,12.90327,20.00653,24.91923,15.20046,-4.555403,17.7098,16.56087,
638524921616158480,185467,-5.016673,20.28045,12.86987,19.96259,24.86448,15.16707,-4.546217,17.67409,16.52748,
638524921616268461,185479,-5.003768,20.22828,12.83677,19.91901,24.81021,15.13396,-4.537111,17.63869,16.49437,
638524921616418463,185494,-4.990712,20.1755,12.80327,19.87493,24.7553,15.10047,-4.527898,17.60287,16.46088,
638524921616488476,185500,-4.972875,20.1034,12.75751,19.8147,24.68028,15.05471,-4.51531,17.55393,16.41512,
638524921616598462,185512,-4.965019,20.07164,12.73736,19.78817,24.64725,15.03456,-4.509767,17.53238,16.39496,
638524921616708464,185523,-4.951778,20.01811,12.70339,19.74346,24.59156,15.00059,-4.500423,17.49606,16.36099,
638524921616828467,185534,-4.938753,19.96546,12.66998,19.69948,24.53678,14.96717,-4.491232,17.46033,16.32758,
638524921616938464,185545,-4.925731,19.91281,12.63657,19.65551,24.48202,14.93377,-4.482043,17.4246,16.29417,
638524921617048467,185556,-4.91278,19.86046,12.60334,19.61178,24.42755,14.90054,-4.472903,17.38907,16.26095,
638524921617158472,185568,-4.899847,19.80817,12.57017,19.56811,24.37315,14.86736,-4.463777,17.35359,16.22777,
638524921617268468,185578,-4.886642,19.75479,12.53629,19.52353,24.31762,14.83349,-4.454459,17.31737,16.19389,
638524921617378463,185590,-4.873914,19.70334,12.50364,19.48055,24.26409,14.80083,-4.445477,17.28245,16.16124,
638524921617498473,185601,-4.860791,19.65028,12.46997,19.43624,24.2089,14.76717,-4.436216,17.24644,16.12757,
638524921617598460,185612,-4.847458,19.59638,12.43577,19.39122,24.15282,14.73296,-4.426807,17.20987,16.09337,
638524921617708465,185623,-4.834941,19.54578,12.40366,19.34896,24.10018,14.70085,-4.417975,17.17553,16.06126,
638524921617818466,185634,-4.821943,19.49323,12.37031,19.30507,24.04552,14.66751,-4.408802,17.13987,16.02791,
638524921617978464,185649,-4.808853,19.44032,12.33673,19.26087,23.99046,14.63392,-4.399565,17.10396,15.99433,
638524921618038480,185656,-4.79121,19.36899,12.29147,19.20129,23.91626,14.58866,-4.387115,17.05556,15.94907,
638524921618158467,185667,-4.783105,19.33623,12.27067,19.17393,23.88217,14.56787,-4.381395,17.03332,15.92828,
638524921618268466,185679,-4.769897,19.28283,12.23679,19.12933,23.82662,14.53398,-4.372074,16.99709,15.89439,
638524921618378465,185690,-4.756903,19.2303,12.20345,19.08545,23.77198,14.50065,-4.362905,16.96144,15.86106,
638524921618488479,185701,-4.744024,19.17824,12.17041,19.04197,23.71781,14.46761,-4.353817,16.92611,15.82802,
638524921618608468,185712,-4.730748,19.12457,12.13636,18.99714,23.66198,14.43355,-4.344448,16.88968,15.79396,
638524921618718463,185723,-4.717631,19.07154,12.10271,18.95285,23.60681,14.3999,-4.335192,16.8537,15.76031,
638524921618828480,185735,-4.704465,19.01832,12.06893,18.9084,23.55144,14.36613,-4.325901,16.81758,15.72653,
638524921618938463,185746,-4.691374,18.9654,12.03535,18.86419,23.49639,14.33254,-4.316663,16.78167,15.69295,
638524921619048460,185757,-4.678328,18.91265,12.00188,18.82014,23.44152,14.29907,-4.307457,16.74587,15.65948,
638524921619158473,185768,-4.665321,18.86007,11.96851,18.77622,23.38681,14.2657,-4.298278,16.71019,15.62611,
638524921619268467,185779,-4.652375,18.80774,11.9353,18.73251,23.33237,14.23249,-4.289143,16.67467,15.5929,
638524921619388469,185790,-4.639358,18.75511,11.9019,18.68856,23.27762,14.1991,-4.279956,16.63896,15.5595,
638524921619538469,185806,-4.626267,18.70219,11.86832,18.64436,23.22257,14.16551,-4.270719,16.60305,15.52592,
638524921619598465,185812,-4.608255,18.62938,11.82211,18.58354,23.14681,14.11931,-4.258008,16.55363,15.47971,
638524921619718465,185823,-4.600655,18.59865,11.80261,18.55787,23.11485,14.09981,-4.252645,16.53278,15.46021,
638524921619828466,185834,-4.587688,18.54623,11.76935,18.51409,23.06031,14.06654,-4.243495,16.49721,15.42695,
638524921619938460,185845,-4.57464,18.49348,11.73587,18.47003,23.00543,14.03307,-4.234287,16.46141,15.39347,
638524921620048469,185857,-4.561699,18.44117,11.70267,18.42634,22.95101,13.99987,-4.225155,16.42591,15.36028,
638524921620158472,185868,-4.548695,18.38859,11.66931,18.38243,22.89631,13.96651,-4.215978,16.39023,15.32691,
638524921620268467,185879,-4.535553,18.33546,11.6356,18.33805,22.84104,13.93279,-4.206704,16.35418,15.2932,
638524921620378466,185890,-4.522764,18.28377,11.60279,18.29487,22.78726,13.89998,-4.19768,16.3191,15.26039,
638524921620498464,185901,-4.509714,18.23101,11.56931,18.2508,22.73237,13.8665,-4.18847,16.28329,15.22691,
638524921620598461,185912,-4.496577,18.1779,11.53561,18.20645,22.67712,13.8328,-4.1792,16.24725,15.19321,
638524921620718467,185923,-4.483799,18.12625,11.50283,18.1633,22.62338,13.80002,-4.170182,16.2122,15.16043,
638524921620828466,185934,-4.470727,18.0734,11.46929,18.11917,22.56841,13.76649,-4.160958,16.17634,15.12689,
638524921620938472,185946,-4.457699,18.02074,11.43587,18.07518,22.51362,13.73307,-4.151765,16.1406,15.09347,
638524921621088457,185961,-4.444535,17.96752,11.4021,18.03073,22.45825,13.69929,-4.142475,16.10448,15.0597,
638524921621158485,185967,-4.42682,17.8959,11.35665,17.97091,22.38375,13.65385,-4.129974,16.05588,15.01425,
638524921621268476,185979,-4.418997,17.86428,11.33658,17.94449,22.35085,13.63378,-4.124454,16.03442,14.99418,
638524921621378459,185990,-4.405727,17.81063,11.30254,17.89969,22.29504,13.59973,-4.11509,15.99802,14.96014,
638524921621488480,186001,-4.392911,17.75882,11.26966,17.85641,22.24114,13.56686,-4.106046,15.96286,14.92726,
638524921621598462,186012,-4.379925,17.70632,11.23634,17.81256,22.18652,13.53354,-4.096882,15.92723,14.89395,
638524921621718461,186023,-4.36692,17.65375,11.20298,17.76865,22.13183,13.50018,-4.087705,15.89155,14.86058,
638524921621828471,186034,-4.353894,17.60109,11.16956,17.72467,22.07704,13.46676,-4.078513,15.85582,14.82717,
638524921621938460,186045,-4.340982,17.54889,11.13644,17.68107,22.02274,13.43363,-4.069401,15.82039,14.79404,
638524921622048471,186057,-4.327945,17.49619,11.10299,17.63705,21.96791,13.40019,-4.060202,15.78463,14.7606,
638524921622158462,186068,-4.314685,17.44258,11.06898,17.59228,21.91215,13.36617,-4.050845,15.74825,14.72658,
638524921622268472,186079,-4.301918,17.39097,11.03622,17.54917,21.85845,13.33342,-4.041835,15.71323,14.69382,
638524921622378468,186090,-4.288954,17.33856,11.00297,17.50539,21.80393,13.30016,-4.032687,15.67766,14.66057,
638524921622488480,186101,-4.276,17.2862,10.96973,17.46165,21.74945,13.26693,-4.023546,15.64213,14.62734,
638524921622648469,186116,-4.262902,17.23325,10.93613,17.41743,21.69436,13.23333,-4.014303,15.60619,14.59373,
638524921622708476,186123,-4.245078,17.16119,10.89041,17.35724,21.6194,13.1876,-4.001725,15.55729,14.54801,
638524921622828472,186134,-4.23707,17.12882,10.86986,17.3302,21.58572,13.16706,-3.996074,15.53532,14.52746,
638524921622938464,186145,-4.223757,17.075,10.83571,17.28525,21.52973,13.1329,-3.98668,15.4988,14.49331,
638524921623048466,186156,-4.210987,17.02337,10.80295,17.24213,21.47602,13.10014,-3.977668,15.46377,14.46055,
638524921623158463,186168,-4.197994,16.97085,10.76961,17.19826,21.42138,13.06681,-3.968499,15.42812,14.42722,
638524921623268467,186179,-4.184931,16.91804,10.7361,17.15415,21.36644,13.0333,-3.959281,15.39229,14.3937,
638524921623378857,186190,-4.172063,16.86602,10.70309,17.1107,21.31232,13.00029,-3.9502,15.35698,14.36069,
638524921623498856,186201,-4.158969,16.81309,10.6695,17.06649,21.25725,12.96669,-3.94096,15.32106,14.3271,
638524921623598854,186212,-4.145802,16.75986,10.63572,17.02203,21.20187,12.93291,-3.931669,15.28494,14.29332,
638524921623718850,186223,-4.132903,16.70771,10.60263,16.97848,21.14763,12.89983,-3.922566,15.24955,14.26023,
638524921623828853,186234,-4.119971,16.65544,10.56945,16.93481,21.09324,12.86665,-3.913441,15.21407,14.22706,
638524921623938847,186245,-4.107089,16.60336,10.53641,16.89132,21.03906,12.8336,-3.90435,15.17873,14.19401,
638524921624048862,186257,-4.094044,16.55062,10.50294,16.84727,20.9842,12.80014,-3.895145,15.14294,14.16054,
638524921624208854,186272,-4.080876,16.49739,10.46916,16.80281,20.92882,12.76635,-3.885853,15.10682,14.12676,
638524921624268855,186278,-4.062872,16.42461,10.42297,16.74202,20.8531,12.72017,-3.873147,15.05743,14.08057,
638524921624378853,186290,-4.055212,16.39364,10.40332,16.71615,20.82088,12.70052,-3.867742,15.03641,14.06092,
638524921624488859,186301,-4.04213,16.34076,10.36976,16.67198,20.76587,12.66695,-3.858511,15.00053,14.02736,
638524921624598849,186312,-4.029119,16.28815,10.33638,16.62804,20.71114,12.63357,-3.849329,14.96483,13.99398,
638524921624708852,186323,-4.016193,16.2359,10.30322,16.5844,20.65678,12.60042,-3.840208,14.92937,13.96082,
638524921624828857,186334,-4.003279,16.18369,10.27009,16.54079,20.60247,12.56728,-3.831094,14.89394,13.92769,
638524921624938853,186345,-3.990238,16.13097,10.23663,16.49676,20.54762,12.53383,-3.821891,14.85816,13.89423,
638524921625048855,186356,-3.977183,16.0782,10.20314,16.45268,20.49272,12.50034,-3.812679,14.82235,13.86074,
638524921625158857,186367,-3.964104,16.02533,10.16959,16.40852,20.43771,12.46678,-3.803449,14.78647,13.82719,
638524921625268860,186379,-3.951236,15.9733,10.13657,16.36507,20.38359,12.43377,-3.794368,14.75116,13.79418,
638524921625378852,186390,-3.938222,15.92069,10.10319,16.32113,20.32886,12.40038,-3.785185,14.71546,13.76079,
638524921625488846,186401,-3.925297,15.86844,10.07003,16.27748,20.2745,12.36723,-3.776064,14.68,13.72763,
638524921625598848,186412,-3.912317,15.81597,10.03673,16.23366,20.21991,12.33393,-3.766905,14.64439,13.69433,
638524921625758850,186427,-3.899184,15.76288,10.00304,16.18931,20.16468,12.30024,-3.757638,14.60837,13.66064,
638524921625818855,186434,-3.881581,15.69172,9.957882,16.12987,20.09064,12.25508,-3.745215,14.56007,13.61548,
638524921625938848,186446,-3.873574,15.65934,9.937339,16.10283,20.05696,12.23453,-3.739565,14.53811,13.59494,
638524921626048847,186456,-3.860054,15.60469,9.902656,16.05719,20.00011,12.19985,-3.730024,14.50102,13.56026,
638524921626158854,186468,-3.847198,15.55272,9.869673,16.01377,19.94604,12.16687,-3.720952,14.46574,13.52728,
638524921626268850,186479,-3.834096,15.49975,9.836062,15.96954,19.89094,12.13326,-3.711706,14.4298,13.49366,
638524921626378850,186490,-3.821074,15.44711,9.802654,15.92557,19.83617,12.09985,-3.702517,14.39408,13.46026,
638524921626488872,186501,-3.808082,15.39459,9.769324,15.8817,19.78153,12.06652,-3.693349,14.35843,13.42693,
638524921626598853,186512,-3.795171,15.34239,9.736199,15.8381,19.72722,12.03339,-3.684237,14.32301,13.3938,
638524921626708854,186523,-3.782399,15.29076,9.703436,15.79498,19.67351,12.00063,-3.675225,14.28798,13.36104,
638524921626828854,186534,-3.769413,15.23826,9.67012,15.75113,19.6189,11.96732,-3.666061,14.25235,13.32772,
638524921626938849,186545,-3.756377,15.18556,9.636677,15.70711,19.56407,11.93387,-3.656862,14.21659,13.29428,
638524921627048848,186556,-3.743421,15.13319,9.60344,15.66337,19.50958,11.90064,-3.647719,14.18104,13.26104,
638524921627158846,186567,-3.730524,15.08105,9.570353,15.61982,19.45534,11.86755,-3.638618,14.14566,13.22795,
638524921627318850,186583,-3.7174,15.02799,9.536684,15.57551,19.40014,11.83388,-3.629357,14.10966,13.19429,
638524921627368868,186589,-3.699022,14.9537,9.489536,15.51345,19.32285,11.78673,-3.616388,14.05924,13.14714,
638524921627488856,186601,-3.691723,14.92419,9.470812,15.48881,19.29216,11.76801,-3.611237,14.03921,13.12841,
638524921627598869,186612,-3.678641,14.87131,9.437252,15.44463,19.23714,11.73445,-3.602006,14.00333,13.09485,
638524921627708847,186623,-3.665528,14.8183,9.403611,15.40036,19.18199,11.70081,-3.592752,13.96735,13.06121,
638524921627819072,186634,-3.652793,14.76681,9.370939,15.35736,19.12843,11.66813,-3.583766,13.93241,13.02854,
638524921627928847,186645,-3.639661,14.71373,9.337252,15.31302,19.0732,11.63445,-3.574499,13.89639,12.99485,
638524921628038852,186656,-3.626708,14.66136,9.304021,15.26928,19.01873,11.60122,-3.565358,13.86085,12.96162,
638524921628158851,186667,-3.613896,14.60957,9.271152,15.22602,18.96484,11.56835,-3.556317,13.8257,12.92875,
638524921628268847,186678,-3.600786,14.55657,9.237521,15.18176,18.90971,11.53472,-3.547066,13.78974,12.89512,
638524921628378853,186689,-3.587733,14.5038,9.204033,15.13768,18.85481,11.50123,-3.537855,13.75393,12.86164,
638524921628488847,186700,-3.574775,14.45142,9.17079,15.09392,18.80031,11.46799,-3.528711,13.71838,12.82839,
638524921628598852,186712,-3.561893,14.39934,9.137742,15.05043,18.74613,11.43494,-3.51962,13.68304,12.79534,
638524921628708858,186723,-3.548823,14.3465,9.104213,15.0063,18.69117,11.40141,-3.510397,13.64718,12.76182,
638524921628868853,186738,-3.535586,14.29299,9.070255,14.9616,18.6355,11.36745,-3.501056,13.61087,12.72786,
638524921628928853,186744,-3.517869,14.22137,9.024804,14.90178,18.56098,11.322,-3.488554,13.56227,12.68241,
638524921629038857,186756,-3.510097,14.18995,9.004866,14.87554,18.5283,11.30206,-3.48307,13.54094,12.66247,
638524921629158847,186767,-3.496862,14.13645,8.970912,14.83085,18.47264,11.26811,-3.47373,13.50463,12.62851,
638524921629268856,186778,-3.483798,14.08363,8.937396,14.78674,18.41769,11.23459,-3.464511,13.46879,12.595,
638524921629378848,186789,-3.470771,14.03097,8.903978,14.74275,18.36291,11.20117,-3.455318,13.43306,12.56158,
638524921629488853,186801,-3.457856,13.97876,8.870846,14.69914,18.30859,11.16804,-3.446205,13.39763,12.52845,
638524921629598851,186812,-3.444834,13.92612,8.837438,14.65517,18.25382,11.13463,-3.437015,13.3619,12.49504,
638524921629708852,186823,-3.431934,13.87397,8.804345,14.61162,18.19957,11.10154,-3.427912,13.32651,12.46195,
638524921629818848,186834,-3.418964,13.82154,8.771071,14.56782,18.14502,11.06827,-3.41876,13.29093,12.42867,
638524921629928853,186845,-3.405998,13.76912,8.737806,14.52404,18.09049,11.035,-3.409609,13.25536,12.39541,
638524921630038862,186856,-3.392882,13.71609,8.704159,14.47975,18.03533,11.00135,-3.400354,13.21937,12.36176,
638524921630148851,186867,-3.379822,13.6633,8.670657,14.43566,17.9804,10.96785,-3.391139,13.18355,12.32826,
638524921630268854,186878,-3.367005,13.61148,8.637774,14.39238,17.9265,10.93497,-3.382093,13.14838,12.29538,
638524921630418855,186894,-3.353965,13.55877,8.604322,14.34835,17.87166,10.90152,-3.372892,13.11261,12.26192,
638524921630478852,186900,-3.335665,13.48479,8.557376,14.28656,17.79469,10.85457,-3.359978,13.06241,12.21498,
638524921630598848,186912,-3.328362,13.45527,8.53864,14.2619,17.76398,10.83584,-3.354825,13.04237,12.19624,
638524921630708855,186923,-3.314981,13.40117,8.504311,14.21672,17.7077,10.80151,-3.345381,13.00566,12.16191,
638524921630818852,186934,-3.302066,13.34896,8.47118,14.17311,17.65339,10.76838,-3.336268,12.97023,12.12878,
638524921630928852,186945,-3.28899,13.2961,8.437634,14.12896,17.59839,10.73483,-3.327041,12.93436,12.09524,
638524921631038854,186956,-3.275817,13.24285,8.403839,14.08448,17.54299,10.70103,-3.317745,12.89822,12.06144,
638524921631158848,186967,-3.262888,13.19058,8.370671,14.04082,17.48862,10.66787,-3.308621,12.86275,12.02827,
638524921631268847,186978,-3.249939,13.13823,8.337453,13.9971,17.43416,10.63465,-3.299484,12.82723,11.99506,
638524921631379210,186989,-3.23695,13.08572,8.304129,13.95324,17.37953,10.60132,-3.290317,12.79159,11.96173,
638524921631489215,187000,-3.223859,13.0328,8.270544,13.90904,17.32447,10.56774,-3.281079,12.75568,11.92815,
638524921631599207,187012,-3.211008,12.98085,8.237577,13.86565,17.27043,10.53477,-3.272011,12.72042,11.89518,
638524921631709205,187023,-3.197995,12.92824,8.204194,13.82171,17.2157,10.50139,-3.262828,12.68472,11.8618,
638524921631819207,187034,-3.185012,12.87576,8.170887,13.77787,17.16109,10.46808,-3.253666,12.64911,11.82849,
638524921631989203,187050,-3.171843,12.82252,8.137101,13.7334,17.10571,10.4343,-3.244373,12.61298,11.7947,
638524921632039207,187056,-3.153012,12.74639,8.088792,13.66982,17.02651,10.38599,-3.231084,12.56131,11.74639,
638524921632149204,187066,-3.145775,12.71714,8.070228,13.64539,16.99608,10.36742,-3.225978,12.54146,11.72783,
638524921632259209,187078,-3.133897,12.66912,8.039756,13.60528,16.94612,10.33695,-3.217596,12.50888,11.69736,
638524921632369212,187089,-3.12072,12.61585,8.00595,13.56078,16.8907,10.30315,-3.208297,12.47273,11.66355,
638524921632479205,187100,-3.107703,12.56323,7.972557,13.51683,16.83596,10.26975,-3.199111,12.43702,11.63016,
638524921632589205,187111,-3.094972,12.51176,7.939897,13.47385,16.78242,10.23709,-3.190128,12.40209,11.5975,
638524921632699209,187122,-3.08182,12.45859,7.906154,13.42944,16.7271,10.20335,-3.180846,12.36601,11.56376,
638524921632809205,187133,-3.068992,12.40673,7.873247,13.38612,16.67315,10.17044,-3.171794,12.33082,11.53085,
638524921632929206,187144,-3.056011,12.35425,7.839944,13.34229,16.61856,10.13714,-3.162634,12.2952,11.49755,
638524921633029213,187155,-3.043009,12.30169,7.806589,13.29839,16.56387,10.10379,-3.153459,12.25953,11.46419,
638524921633149205,187166,-3.030084,12.24944,7.773431,13.25475,16.50951,10.07063,-3.144338,12.22408,11.43103,
638524921633259210,187178,-3.017006,12.19657,7.73988,13.21059,16.45451,10.03708,-3.135109,12.1882,11.39748,
638524921633365557,187189,-3.003897,12.14358,7.70625,13.16633,16.39938,10.00345,-3.125858,12.15223,11.36385,
638524921633535545,187206,-2.990863,12.09089,7.672812,13.12232,16.34456,9.970007,-3.11666,12.11648,11.33041,
638524921633595544,187212,-2.971333,12.01193,7.622709,13.05637,16.26242,9.919904,-3.102878,12.0629,11.28031,
638524921633695551,187221,-2.963642,11.98084,7.602978,13.0304,16.23008,9.900173,-3.097451,12.0418,11.26058,
638524921633805552,187233,-2.952832,11.93714,7.575246,12.9939,16.18461,9.872441,-3.089823,12.01214,11.23285,
638524921633922167,187244,-2.939574,11.88355,7.541236,12.94914,16.12886,9.838431,-3.080467,11.97577,11.19884,
638524921634032068,187255,-2.926094,11.82905,7.506654,12.90362,16.07216,9.803849,-3.070955,11.93879,11.16426,
638524921634142068,187266,-2.913641,11.77871,7.474705,12.86157,16.01979,9.7719,-3.062167,11.90462,11.13231,
638524921634252080,187277,-2.900432,11.72531,7.44082,12.81697,15.96424,9.738015,-3.052846,11.86839,11.09842,
638524921634363491,187288,-2.887341,11.67239,7.407235,12.77277,15.90918,9.704431,-3.043608,11.83247,11.06484,
638524921634473479,187299,-2.874291,11.61963,7.373756,12.7287,15.85429,9.670952,-3.034399,11.79667,11.03136,
638524921634593475,187311,-2.861638,11.56848,7.341297,12.68598,15.80108,9.638493,-3.02547,11.76196,10.9989,
638524921634699132,187322,-2.848259,11.51439,7.306973,12.64081,15.74481,9.60417,-3.016029,11.72526,10.96458,
638524921634809123,187333,-2.835677,11.46353,7.274695,12.59832,15.6919,9.571892,-3.00715,11.69074,10.9323,
638524921634919134,187344,-2.822653,11.41088,7.241283,12.55435,15.63712,9.53848,-2.99796,11.65501,10.89889,
638524921635075411,187359,-2.809606,11.35813,7.207811,12.51029,15.58225,9.505008,-2.988752,11.61922,10.86541,
638524921635135410,187366,-2.791773,11.28604,7.162061,12.45008,15.50725,9.459258,-2.976168,11.57029,10.81966,
638524921635255415,187377,-2.784085,11.25496,7.142338,12.42412,15.47491,9.439535,-2.970743,11.5492,10.79994,
638524921635359973,187388,-2.770873,11.20155,7.108444,12.37951,15.41935,9.405642,-2.96142,11.51296,10.76605,
638524921635469969,187399,-2.75786,11.14895,7.075062,12.33557,15.36462,9.372259,-2.952237,11.47726,10.73267,
638524921635579968,187410,-2.74494,11.09671,7.041915,12.29194,15.31028,9.339112,-0.839901,-9.974564,20,
638524921635689983,187421,-2.73191,11.04404,7.008486,12.24794,15.25548,9.305683,-0.8384971,-9.957891,19.96657,
638524921635809969,187432,-2.718945,10.99163,6.975227,12.20417,15.20096,9.272424,-0.8371004,-9.941304,19.93331,
638524921635919967,187443,-2.705969,10.93917,6.941938,12.16035,15.14639,9.239136,-0.8357024,-9.924703,19.90002,
638524921636030086,187455,-2.693021,10.88682,6.90872,12.11663,15.09193,9.205916,-0.8343074,-9.908135,19.8668,
638524921636140076,187466,-2.680029,10.8343,6.87539,12.07277,15.03729,9.172587,-0.8329077,-9.891513,19.83348,
638524921636260084,187477,-2.66697,10.78151,6.841889,12.02867,14.98237,9.139087,-0.8315008,-9.874805,19.79997,
638524921636360086,187488,-2.653321,10.72633,6.806872,11.98258,14.92496,9.10407,-0.8300303,-9.857342,19.76496,
638524921636470092,187499,-2.641083,10.67686,6.775477,11.94126,14.87349,9.072675,-0.8287118,-9.841684,19.73356,
638524921636620080,187514,-2.627922,10.62365,6.741714,11.89682,14.81814,9.038911,-0.8272939,-9.824845,19.6998,
