time(100ns),time_stamp(ms),object1.x,object1.y,object1.z,object2.x,object2.y,object2.z,object3.x,object3.y,object3.z,AvoidObject1.x,AvoidObject1.y,AvoidObject1.z,AvoidObject2.x,AvoidObject2.y,AvoidObject2.z,AvoidObject3.x,AvoidObject3.y,AvoidObject3.z,
638524921947334393,218585,-23.9878,-3.82342,19.46727,-20.82424,-16.05789,14.71538,-15.6368,-6.05617,12.87034,6.818288,-34.47305,20,-10.45541,12.94098,20,-8.17284,27.76406,20,
638524921947394393,218591,-23.9878,-3.82342,19.46727,-20.82424,-16.05789,14.71538,-15.6368,-6.05617,12.87034,6.79962,-34.37867,19.94524,-10.42679,12.90555,19.94524,-8.150463,27.68805,19.94524,
638524921947454394,218598,-23.9878,-3.82342,19.46727,-20.82424,-16.05789,14.71538,-15.6368,-6.05617,12.87034,6.792455,-34.34245,19.92422,-10.4158,12.89195,19.92422,-8.141875,27.65887,19.92422,
638524921947544389,218606,-23.9878,-3.82342,19.46727,-20.82424,-16.05789,14.71538,-15.6368,-6.05617,12.87034,6.786276,-34.31121,19.9061,-10.40633,12.88023,19.9061,-8.13447,27.63372,19.9061,
638524921947654387,218617,-23.9878,-3.82342,19.46727,-20.82424,-16.05789,14.71538,-15.6368,-6.05617,12.87034,6.777797,-34.26834,19.88123,-10.39332,12.86414,19.88123,-8.124307,27.59919,19.88123,
638524921947764394,218628,-23.9878,-3.82342,19.46727,-20.82424,-16.05789,14.71538,-15.6368,-6.05617,12.87034,6.766678,-34.21212,19.84862,-10.37627,12.84303,19.84862,-8.110979,27.55392,19.84862,
638524921947874378,218639,-23.9878,-3.82342,19.46727,-20.82424,-16.05789,14.71538,-15.6368,-6.05617,12.87034,6.755182,-34.154,19.8149,-10.35865,12.82121,19.8149,-8.097199,27.5071,19.8149,
638524921947984395,218650,-23.9878,-3.82342,19.46727,-20.82424,-16.05789,14.71538,-15.6368,-6.05617,12.87034,6.743834,-34.09663,19.78161,-10.34124,12.79968,19.78161,-8.083597,27.4609,19.78161,
638524921948094396,218661,-23.9878,-3.82342,19.46727,-20.82424,-16.05789,14.71538,-15.6368,-6.05617,12.87034,6.732455,-34.0391,19.74823,-10.3238,12.77808,19.74823,-8.069958,27.41456,19.74823,
638524921948204398,218672,-23.9878,-3.82342,19.46727,-20.82424,-16.05789,14.71538,-15.6368,-6.05617,12.87034,6.721169,-33.98204,19.71513,-10.30649,12.75666,19.71513,-8.05643,27.3686,19.71513,
638524921948314394,218684,-23.9878,-3.82342,19.46727,-20.82424,-16.05789,14.71538,-15.6368,-6.05617,12.87034,6.709767,-33.92439,19.68168,-10.28901,12.73502,19.68168,-8.042763,27.32218,19.68168,
638524921948424392,218694,-23.9878,-3.82342,19.46727,-20.82424,-16.05789,14.71538,-15.6368,-6.05617,12.87034,6.698283,-33.86633,19.64799,-10.2714,12.71322,19.64799,-8.028997,27.27541,19.64799,
638524921948534397,218706,-23.9878,-3.82342,19.46727,-20.82424,-16.05789,14.71538,-15.6368,-6.05617,12.87034,6.68708,-33.80968,19.61514,-10.25422,12.69196,19.61514,-8.01557,27.2298,19.61514,
638524921948654389,218717,-23.9878,-3.82342,19.46727,-20.82424,-16.05789,14.71538,-15.6368,-6.05617,12.87034,6.675762,-33.75246,19.58194,-10.23686,12.67048,19.58194,-8.002003,27.18371,19.58194,
638524921948764390,218728,-23.9878,-3.82342,19.46727,-20.82424,-16.05789,14.71538,-15.6368,-6.05617,12.87034,6.664328,-33.69465,19.5484,-10.21933,12.64878,19.5484,-7.988297,27.13715,19.5484,
638524921948874394,218739,-23.9878,-3.82342,19.46727,-20.82424,-16.05789,14.71538,-15.6368,-6.05617,12.87034,6.652964,-33.6372,19.51506,-10.2019,12.62721,19.51506,-7.974676,27.09088,19.51506,
638524921948984388,218750,-23.9878,-3.82342,19.46727,-20.82424,-16.05789,14.71538,-15.6368,-6.05617,12.87034,6.641358,-33.57852,19.48102,-10.18411,12.60519,19.48102,-7.960765,27.04362,19.48102,
638524921949094383,218761,-23.9878,-3.82342,19.46727,-20.82424,-16.05789,14.71538,-15.6368,-6.05617,12.87034,6.630312,-33.52267,19.44862,-10.16717,12.58422,19.44862,-7.947524,26.99864,19.44862,
638524921949204386,218772,-23.9878,-3.82342,19.46727,-20.82424,-16.05789,14.71538,-15.6368,-6.05617,12.87034,6.618921,-33.46508,19.41521,-10.1497,12.5626,19.41521,-7.93387,26.95226,19.41521,
638524921949314393,218783,-23.9878,-3.82342,19.46727,-20.82424,-16.05789,14.71538,-15.6368,-6.05617,12.87034,6.607559,-33.40763,19.38188,-10.13228,12.54104,19.38188,-7.92025,26.90599,19.38188,
638524921949434392,218795,-23.9878,-3.82342,19.46727,-20.82424,-16.05789,14.71538,-15.6368,-6.05617,12.87034,6.596205,-33.35022,19.34857,-10.11486,12.51949,19.34857,-7.90664,26.85975,19.34857,
638524921949534392,218806,-23.9878,-3.82342,19.46727,-20.82424,-16.05789,14.71538,-15.6368,-6.05617,12.87034,6.584535,-33.29122,19.31434,-10.09697,12.49734,19.31434,-7.892652,26.81223,19.31434,
638524921949644387,218817,-23.9878,-3.82342,19.46727,-20.82424,-16.05789,14.71538,-15.6368,-6.05617,12.87034,6.573421,-33.23503,19.28174,-10.07993,12.47624,19.28174,-7.87933,26.76698,19.28174,
638524921949764392,218828,-23.9878,-3.82342,19.46727,-20.82424,-16.05789,14.71538,-15.6368,-6.05617,12.87034,6.562181,-33.1782,19.24877,-10.06269,12.45491,19.24877,-7.865858,26.72121,19.24877,
638524921949874384,218839,-23.9878,-3.82342,19.46727,-20.82424,-16.05789,14.71538,-15.6368,-6.05617,12.87034,6.550661,-33.11995,19.21498,-10.04502,12.43304,19.21498,-7.852048,26.6743,19.21498,
638524921949984386,218850,-23.9878,-3.82342,19.46727,-20.82424,-16.05789,14.71538,-15.6368,-6.05617,12.87034,6.539431,-33.06318,19.18204,-10.0278,12.41173,19.18204,-7.838588,26.62857,19.18204,
638524921950094388,218861,-23.9878,-3.82342,19.46727,-20.82424,-16.05789,14.71538,-15.6368,-6.05617,12.87034,6.528025,-33.00551,19.14859,-10.01031,12.39009,19.14859,-7.824917,26.58213,19.14859,
638524921950204387,218872,-23.9878,-3.82342,19.46727,-20.82424,-16.05789,14.71538,-15.6368,-6.05617,12.87034,6.516632,-32.94791,19.11517,-9.992845,12.36846,19.11517,-7.81126,26.53574,19.11517,
638524921950314381,218883,-23.9878,-3.82342,19.46727,-20.82424,-16.05789,14.71538,-15.6368,-6.05617,12.87034,6.505372,-32.89098,19.08214,-9.975578,12.34709,19.08214,-7.797763,26.48989,19.08214,
638524921950424394,218895,-23.9878,-3.82342,19.46727,-20.82424,-16.05789,14.71538,-15.6368,-6.05617,12.87034,6.493971,-32.83333,19.04869,-9.958096,12.32545,19.04869,-7.784097,26.44346,19.04869,
638524921950534397,218906,-23.9878,-3.82342,19.46727,-20.82424,-16.05789,14.71538,-15.6368,-6.05617,12.87034,6.482525,-32.77546,19.01512,-9.940544,12.30373,19.01512,-7.770377,26.39685,19.01512,
638524921950654387,218917,-23.9878,-3.82342,19.46727,-20.82424,-16.05789,14.71538,-15.6368,-6.05617,12.87034,6.471198,-32.7182,18.9819,-9.923175,12.28223,18.9819,-7.7568,26.35073,18.9819,
638524921950764395,218928,-23.9878,-3.82342,19.46727,-20.82424,-16.05789,14.71538,-15.6368,-6.05617,12.87034,6.459816,-32.66065,18.94851,-9.905722,12.26063,18.94851,-7.743157,26.30438,18.94851,
638524921950874396,218939,-23.9878,-3.82342,19.46727,-20.82424,-16.05789,14.71538,-15.6368,-6.05617,12.87034,6.4485,-32.60344,18.91532,-9.888369,12.23915,18.91532,-7.729593,26.2583,18.91532,
638524921950984385,218950,-23.9878,-3.82342,19.46727,-20.82424,-16.05789,14.71538,-15.6368,-6.05617,12.87034,6.436889,-32.54473,18.88126,-9.870564,12.21712,18.88126,-7.715675,26.21102,18.88126,
638524921951104386,218962,-23.9878,-3.82342,19.46727,-20.82424,-16.05789,14.71538,-15.6368,-6.05617,12.87034,6.425286,-32.48607,18.84722,-9.852773,12.1951,18.84722,-7.701768,26.16378,18.84722,
638524921951214386,218973,-23.9878,-3.82342,19.46727,-20.82424,-16.05789,14.71538,-15.6368,-6.05617,12.87034,6.413773,-32.42786,18.81345,-9.835116,12.17324,18.81345,-7.687966,26.11689,18.81345,
638524921951334396,218985,-23.9878,-3.82342,19.46727,-20.82424,-16.05789,14.71538,-15.6368,-6.05617,12.87034,6.40216,-32.36914,18.77938,-9.817308,12.1512,18.77938,-7.674046,26.0696,18.77938,
638524921951444393,218996,-23.9878,-3.82342,19.46727,-20.82424,-16.05789,14.71538,-15.6368,-6.05617,12.87034,6.390394,-32.30965,18.74487,-9.799267,12.12887,18.74487,-7.659943,26.02169,18.74487,
638524921951554400,219007,-23.9878,-3.82342,19.46727,-20.82424,-16.05789,14.71538,-15.6368,-6.05617,12.87034,6.378659,-32.25032,18.71045,-9.781272,12.1066,18.71045,-7.645877,25.97391,18.71045,
638524921951664385,219019,-23.9878,-3.82342,19.46727,-20.82424,-16.05789,14.71538,-15.6368,-6.05617,12.87034,6.367134,-32.19205,18.67664,-9.763597,12.08472,18.67664,-7.632061,25.92698,18.67664,
638524921951784388,219030,-23.9878,-3.82342,19.46727,-20.82424,-16.05789,14.71538,-15.6368,-6.05617,12.87034,6.35562,-32.13383,18.64287,-9.745942,12.06287,18.64287,-7.61826,25.88009,18.64287,
638524921951894388,219041,-23.9878,-3.82342,19.46727,-20.82424,-16.05789,14.71538,-15.6368,-6.05617,12.87034,6.344059,-32.07538,18.60896,-9.728212,12.04093,18.60896,-7.604402,25.83301,18.60896,
638524921952014391,219053,-23.9878,-3.82342,19.46727,-20.82424,-16.05789,14.71538,-15.6368,-6.05617,12.87034,6.332403,-32.01645,18.57476,-9.710339,12.0188,18.57476,-7.59043,25.78555,18.57476,
638524921952124393,219064,-23.9878,-3.82342,19.46727,-20.82424,-16.05789,14.71538,-15.6368,-6.05617,12.87034,6.320609,-31.95681,18.54017,-9.692253,11.99642,18.54017,-7.576293,25.73752,18.54017,
638524921952234382,219075,-23.9878,-3.82342,19.46727,-20.82424,-16.05789,14.71538,-15.6368,-6.05617,12.87034,6.30928,-31.89954,18.50694,-9.674881,11.97492,18.50694,-7.562713,25.69139,18.50694,
638524921952354379,219087,-23.9878,-3.82342,19.46727,-20.82424,-16.05789,14.71538,-15.6368,-6.05617,12.87034,6.297634,-31.84065,18.47278,-9.657022,11.95281,18.47278,-7.548753,25.64397,18.47278,
638524921952464395,219098,-23.9878,-3.82342,19.46727,-20.82424,-16.05789,14.71538,-15.6368,-6.05617,12.87034,6.285981,-31.78174,18.43859,-9.639153,11.9307,18.43859,-7.534785,25.59652,18.43859,
638524921952574397,219109,-23.9878,-3.82342,19.46727,-20.82424,-16.05789,14.71538,-15.6368,-6.05617,12.87034,6.274389,-31.72313,18.40459,-9.621378,11.9087,18.40459,-7.520891,25.54932,18.40459,
638524921952694388,219121,-23.9878,-3.82342,19.46727,-20.82424,-16.05789,14.71538,-15.6368,-6.05617,12.87034,6.262779,-31.66443,18.37054,-9.603574,11.88666,18.37054,-7.506973,25.50204,18.37054,
638524921952804392,219132,-23.9878,-3.82342,19.46727,-20.82424,-16.05789,14.71538,-15.6368,-6.05617,12.87034,6.251196,-31.60587,18.33656,-9.585813,11.86468,18.33656,-7.493089,25.45488,18.33656,
638524921952924403,219144,-23.9878,-3.82342,19.46727,-20.82424,-16.05789,14.71538,-15.6368,-6.05617,12.87034,6.239462,-31.54654,18.30214,-9.567819,11.84241,18.30214,-7.479023,25.40709,18.30214,
638524921953034386,219155,-23.9878,-3.82342,19.46727,-20.82424,-16.05789,14.71538,-15.6368,-6.05617,12.87034,6.227774,-31.48745,18.26786,-9.549896,11.82022,18.26786,-7.465014,25.3595,18.26786,
638524921953144393,219166,-23.9878,-3.82342,19.46727,-20.82424,-16.05789,14.71538,-15.6368,-6.05617,12.87034,6.216157,-31.42871,18.23378,-9.532083,11.79818,18.23378,-7.451089,25.3122,18.23378,
638524921953254385,219177,-23.9878,-3.82342,19.46727,-20.82424,-16.05789,14.71538,-15.6368,-6.05617,12.87034,6.20472,-31.37088,18.20023,-9.514544,11.77647,18.20023,-7.437379,25.26562,18.20023,
638524921953364389,219188,-23.9878,-3.82342,19.46727,-20.82424,-16.05789,14.71538,-15.6368,-6.05617,12.87034,6.193199,-31.31264,18.16644,-9.496879,11.7546,18.16644,-7.42357,25.21871,18.16644,
638524921953474399,219200,-23.9878,-3.82342,19.46727,-20.82424,-16.05789,14.71538,-15.6368,-6.05617,12.87034,6.182117,-31.25661,18.13394,-9.479885,11.73357,18.13394,-7.410286,25.17359,18.13394,
638524921953594392,219211,-23.9878,-3.82342,19.46727,-20.82424,-16.05789,14.71538,-15.6368,-6.05617,12.87034,6.170572,-31.19824,18.10007,-9.462181,11.71166,18.10007,-7.396448,25.12658,18.10007,
638524921953704391,219222,-23.9878,-3.82342,19.46727,-20.82424,-16.05789,14.71538,-15.6368,-6.05617,12.87034,6.159027,-31.13986,18.0662,-9.444477,11.68974,18.0662,-7.382608,25.07956,18.0662,
638524921953814392,219233,-23.9878,-3.82342,19.46727,-20.82424,-16.05789,14.71538,-15.6368,-6.05617,12.87034,6.147922,-31.08371,18.03363,-9.427447,11.66867,18.03363,-7.369297,25.03434,18.03363,
638524921953924396,219244,-23.9878,-3.82342,19.46727,-20.82424,-16.05789,14.71538,-15.6368,-6.05617,12.87034,6.136601,-31.02648,18.00042,-9.410089,11.64718,18.00042,-7.355728,24.98825,18.00042,
638524921954034393,219255,-23.9878,-3.82342,19.46727,-20.82424,-16.05789,14.71538,-15.6368,-6.05617,12.87034,6.124796,-30.96679,17.96579,-9.391985,11.62477,17.96579,-7.341577,24.94017,17.96579,
638524921954144397,219266,-23.9878,-3.82342,19.46727,-20.82424,-16.05789,14.71538,-15.6368,-6.05617,12.87034,6.113949,-30.91195,17.93398,-9.375351,11.60419,17.93398,-7.328575,24.896,17.93398,
638524921954254394,219277,-23.9878,-3.82342,19.46727,-20.82424,-16.05789,14.71538,-15.6368,-6.05617,12.87034,6.102626,-30.8547,17.90076,-9.357988,11.5827,17.90076,-7.315002,24.8499,17.90076,
638524921954364392,219288,-23.9878,-3.82342,19.46727,-20.82424,-16.05789,14.71538,-15.6368,-6.05617,12.87034,6.091135,-30.7966,17.86706,-9.340367,11.56089,17.86706,-7.301229,24.8031,17.86706,
638524921954484395,219300,-23.9878,-3.82342,19.46727,-20.82424,-16.05789,14.71538,-15.6368,-6.05617,12.87034,6.079903,-30.73981,17.83411,-9.323144,11.53957,17.83411,-7.287765,24.75737,17.83411,
638524921954594390,219311,-23.9878,-3.82342,19.46727,-20.82424,-16.05789,14.71538,-15.6368,-6.05617,12.87034,6.068012,-30.67969,17.79923,-9.304911,11.517,17.79923,-7.273512,24.70895,17.79923,
638524921954694388,219322,-23.9878,-3.82342,19.46727,-20.82424,-16.05789,14.71538,-15.6368,-6.05617,12.87034,6.056995,-30.62399,17.76691,-9.288016,11.49609,17.76691,-7.260305,24.66409,17.76691,
638524921954814389,219333,-23.9878,-3.82342,19.46727,-20.82424,-16.05789,14.71538,-15.6368,-6.05617,12.87034,6.045795,-30.56736,17.73406,-9.270843,11.47484,17.73406,-7.246881,24.61848,17.73406,
638524921954924395,219344,-23.9878,-3.82342,19.46727,-20.82424,-16.05789,14.71538,-15.6368,-6.05617,12.87034,6.034409,-30.50979,17.70066,-9.253381,11.45322,17.70066,-7.233232,24.57211,17.70066,
638524921955034395,219355,-23.9878,-3.82342,19.46727,-20.82424,-16.05789,14.71538,-15.6368,-6.05617,12.87034,6.023092,-30.45257,17.66746,-9.236028,11.43175,17.66746,-7.219667,24.52604,17.66746,
638524921955144386,219366,-23.9878,-3.82342,19.46727,-20.82424,-16.05789,14.71538,-15.6368,-6.05617,12.87034,6.011732,-30.39513,17.63414,-9.218607,11.41018,17.63414,-7.206049,24.47977,17.63414,
638524921955254386,219377,-23.9878,-3.82342,19.46727,-20.82424,-16.05789,14.71538,-15.6368,-6.05617,12.87034,6.00013,-30.33648,17.60011,-9.200816,11.38817,17.60011,-7.192143,24.43253,17.60011,
638524921955364390,219388,-23.9878,-3.82342,19.46727,-20.82424,-16.05789,14.71538,-15.6368,-6.05617,12.87034,5.988691,-30.27864,17.56656,-9.183275,11.36646,17.56656,-7.178432,24.38595,17.56656,
638524921955474384,219399,-23.9878,-3.82342,19.46727,-20.82424,-16.05789,14.71538,-15.6368,-6.05617,12.87034,5.977621,-30.22267,17.53408,-9.166301,11.34545,17.53408,-7.165163,24.34088,17.53408,
638524921955584378,219410,-23.9878,-3.82342,19.46727,-20.82424,-16.05789,14.71538,-15.6368,-6.05617,12.87034,5.96625,-30.16518,17.50073,-9.148865,11.32386,17.50073,-7.151533,24.29458,17.50073,
638524921955694392,219421,-23.9878,-3.82342,19.46727,-20.82424,-16.05789,14.71538,-15.6368,-6.05617,12.87034,5.955004,-30.10832,17.46774,-9.131618,11.30252,17.46774,-7.138052,24.24878,17.46774,
638524921955814393,219433,-23.9878,-3.82342,19.46727,-20.82424,-16.05789,14.71538,-15.6368,-6.05617,12.87034,5.943602,-30.05067,17.4343,-9.114135,11.28088,17.4343,-7.124385,24.20235,17.4343,
638524921955924394,219445,-23.9878,-3.82342,19.46727,-20.82424,-16.05789,14.71538,-15.6368,-6.05617,12.87034,5.932125,-29.99264,17.40063,-9.096537,11.2591,17.40063,-7.110629,24.15562,17.40063,
638524921956034389,219455,-23.9878,-3.82342,19.46727,-20.82424,-16.05789,14.71538,-15.6368,-6.05617,12.87034,5.920229,-29.9325,17.36574,-9.078295,11.23652,17.36574,-7.096369,24.10718,17.36574,
638524921956144390,219466,-23.9878,-3.82342,19.46727,-20.82424,-16.05789,14.71538,-15.6368,-6.05617,12.87034,5.909243,-29.87695,17.33351,-9.061448,11.21567,17.33351,-7.0832,24.06244,17.33351,
638524921956254391,219477,-23.9878,-3.82342,19.46727,-20.82424,-16.05789,14.71538,-15.6368,-6.05617,12.87034,5.898087,-29.82055,17.30079,-9.04434,11.1945,17.30079,-7.069828,24.01701,17.30079,
638524921956364383,219488,-23.9878,-3.82342,19.46727,-20.82424,-16.05789,14.71538,-15.6368,-6.05617,12.87034,5.886485,-29.76189,17.26676,-9.02655,11.17248,17.26676,-7.055922,23.96977,17.26676,
638524921956474389,219499,-23.9878,-3.82342,19.46727,-20.82424,-16.05789,14.71538,-15.6368,-6.05617,12.87034,5.8755,-29.70635,17.23454,-9.009706,11.15163,17.23454,-7.042754,23.92504,17.23454,
638524921956584401,219511,-23.9878,-3.82342,19.46727,-20.82424,-16.05789,14.71538,-15.6368,-6.05617,12.87034,5.863974,-29.64807,17.20073,-8.99203,11.12975,17.20073,-7.028938,23.87811,17.20073,
638524921956694398,219521,-23.9878,-3.82342,19.46727,-20.82424,-16.05789,14.71538,-15.6368,-6.05617,12.87034,5.852475,-29.58994,17.167,-8.974398,11.10793,17.167,-7.015155,23.83128,17.167,
638524921956804396,219533,-23.9878,-3.82342,19.46727,-20.82424,-16.05789,14.71538,-15.6368,-6.05617,12.87034,5.841389,-29.53388,17.13448,-8.957397,11.08689,17.13448,-7.001865,23.78614,17.13448,
638524921956924399,219544,-23.9878,-3.82342,19.46727,-20.82424,-16.05789,14.71538,-15.6368,-6.05617,12.87034,5.830027,-29.47643,17.10115,-8.939973,11.06532,17.10115,-6.988245,23.73987,17.10115,
638524921957034391,219555,-23.9878,-3.82342,19.46727,-20.82424,-16.05789,14.71538,-15.6368,-6.05617,12.87034,5.81822,-29.41674,17.06652,-8.921869,11.04291,17.06652,-6.974094,23.6918,17.06652,
638524921957144386,219566,-23.9878,-3.82342,19.46727,-20.82424,-16.05789,14.71538,-15.6368,-6.05617,12.87034,5.807042,-29.36023,17.03373,-8.904728,11.0217,17.03373,-6.960695,23.64628,17.03373,
638524921957254396,219577,-23.9878,-3.82342,19.46727,-20.82424,-16.05789,14.71538,-15.6368,-6.05617,12.87034,5.795925,-29.30402,17.00112,-8.88768,11.0006,17.00112,-6.947369,23.60101,17.00112,
638524921957364389,219588,-23.9878,-3.82342,19.46727,-20.82424,-16.05789,14.71538,-15.6368,-6.05617,12.87034,5.784374,-29.24562,16.96724,-8.869967,10.97867,16.96724,-6.933523,23.55397,16.96724,
638524921957474398,219599,-23.9878,-3.82342,19.46727,-20.82424,-16.05789,14.71538,-15.6368,-6.05617,12.87034,5.773257,-29.18941,16.93463,-8.852921,10.95757,16.93463,-6.920197,23.5087,16.93463,
638524921957594407,219611,-23.9878,-3.82342,19.46727,-20.82424,-16.05789,14.71538,-15.6368,-6.05617,12.87034,5.761669,-29.13082,16.90063,-8.835151,10.93558,16.90063,-6.906307,23.46151,16.90063,
638524921957694391,219621,-23.9878,-3.82342,19.46727,-20.82424,-16.05789,14.71538,-15.6368,-6.05617,12.87034,5.750009,-29.07186,16.86643,-8.81727,10.91345,16.86643,-6.89233,23.41403,16.86643,
638524921957804389,219632,-23.9878,-3.82342,19.46727,-20.82424,-16.05789,14.71538,-15.6368,-6.05617,12.87034,5.739129,-29.01686,16.83452,-8.800588,10.8928,16.83452,-6.879289,23.36973,16.83452,
638524921957924393,219644,-23.9878,-3.82342,19.46727,-20.82424,-16.05789,14.71538,-15.6368,-6.05617,12.87034,5.727782,-28.95949,16.80123,-8.783188,10.87127,16.80123,-6.865688,23.32353,16.80123,
638524921958034387,219655,-23.9878,-3.82342,19.46727,-20.82424,-16.05789,14.71538,-15.6368,-6.05617,12.87034,5.71636,-28.90174,16.76773,-8.765673,10.84959,16.76773,-6.851997,23.27702,16.76773,
638524921958144390,219666,-23.9878,-3.82342,19.46727,-20.82424,-16.05789,14.71538,-15.6368,-6.05617,12.87034,5.704966,-28.84412,16.7343,-8.748199,10.82796,16.7343,-6.838338,23.23062,16.7343,
638524921958254395,219677,-23.9878,-3.82342,19.46727,-20.82424,-16.05789,14.71538,-15.6368,-6.05617,12.87034,5.69372,-28.78726,16.70132,-8.730954,10.80661,16.70132,-6.824858,23.18482,16.70132,
638524921958364392,219688,-23.9878,-3.82342,19.46727,-20.82424,-16.05789,14.71538,-15.6368,-6.05617,12.87034,5.68234,-28.72972,16.66794,-8.713504,10.78502,16.66794,-6.811217,23.13848,16.66794,
638524921958474391,219700,-23.9878,-3.82342,19.46727,-20.82424,-16.05789,14.71538,-15.6368,-6.05617,12.87034,5.670978,-28.67228,16.63461,-8.69608,10.76345,16.63461,-6.797597,23.09222,16.63461,
638524921958584389,219710,-23.9878,-3.82342,19.46727,-20.82424,-16.05789,14.71538,-15.6368,-6.05617,12.87034,5.659307,-28.61328,16.60038,-8.678185,10.7413,16.60038,-6.783609,23.0447,16.60038,
638524921958694389,219721,-23.9878,-3.82342,19.46727,-20.82424,-16.05789,14.71538,-15.6368,-6.05617,12.87034,5.648235,-28.55729,16.5679,-8.661207,10.72029,16.5679,-6.770338,22.99961,16.5679,
638524921958804385,219732,-23.9878,-3.82342,19.46727,-20.82424,-16.05789,14.71538,-15.6368,-6.05617,12.87034,5.636787,-28.49941,16.53432,-8.643653,10.69856,16.53432,-6.756616,22.953,16.53432,
638524921958914386,219744,-23.9878,-3.82342,19.46727,-20.82424,-16.05789,14.71538,-15.6368,-6.05617,12.87034,5.625563,-28.44267,16.50139,-8.626441,10.67726,16.50139,-6.743162,22.90729,16.50139,
638524921959034388,219755,-23.9878,-3.82342,19.46727,-20.82424,-16.05789,14.71538,-15.6368,-6.05617,12.87034,5.614206,-28.38525,16.46808,-8.609026,10.6557,16.46808,-6.729549,22.86105,16.46808,
638524921959144386,219766,-23.9878,-3.82342,19.46727,-20.82424,-16.05789,14.71538,-15.6368,-6.05617,12.87034,5.602768,-28.32742,16.43453,-8.591487,10.634,16.43453,-6.715838,22.81447,16.43453,
638524921959254385,219777,-23.9878,-3.82342,19.46727,-20.82424,-16.05789,14.71538,-15.6368,-6.05617,12.87034,5.59145,-28.27019,16.40133,-8.57413,10.61251,16.40133,-6.702271,22.76838,16.40133,
638524921959364391,219788,-23.9878,-3.82342,19.46727,-20.82424,-16.05789,14.71538,-15.6368,-6.05617,12.87034,5.580069,-28.21264,16.36795,-8.556678,10.59091,16.36795,-6.688629,22.72203,16.36795,
638524921959474388,219799,-23.9878,-3.82342,19.46727,-20.82424,-16.05789,14.71538,-15.6368,-6.05617,12.87034,5.568789,-28.15561,16.33486,-8.539381,10.5695,16.33486,-6.675107,22.6761,16.33486,
638524921959584399,219810,-23.9878,-3.82342,19.46727,-20.82424,-16.05789,14.71538,-15.6368,-6.05617,12.87034,5.557405,-28.09806,16.30147,-8.521925,10.5479,16.30147,-6.661463,22.62975,16.30147,
638524921959694386,219821,-23.9878,-3.82342,19.46727,-20.82424,-16.05789,14.71538,-15.6368,-6.05617,12.87034,5.545788,-28.03931,16.26739,-8.504109,10.52585,16.26739,-6.647536,22.58244,16.26739,
638524921959804385,219832,-23.9878,-3.82342,19.46727,-20.82424,-16.05789,14.71538,-15.6368,-6.05617,12.87034,5.534755,-27.98353,16.23503,-8.487191,10.50491,16.23503,-6.634311,22.53751,16.23503,
638524921959914398,219844,-23.9878,-3.82342,19.46727,-20.82424,-16.05789,14.71538,-15.6368,-6.05617,12.87034,5.52326,-27.92542,16.20131,-8.469565,10.48309,16.20131,-6.620533,22.49071,16.20131,
638524921960034389,219855,-23.9878,-3.82342,19.46727,-20.82424,-16.05789,14.71538,-15.6368,-6.05617,12.87034,5.511877,-27.86786,16.16792,-8.452109,10.46149,16.16792,-6.606888,22.44435,16.16792,
638524921960144383,219866,-23.9878,-3.82342,19.46727,-20.82424,-16.05789,14.71538,-15.6368,-6.05617,12.87034,5.500513,-27.81041,16.13459,-8.434685,10.43992,16.13459,-6.593267,22.39808,16.13459,
638524921960254390,219877,-23.9878,-3.82342,19.46727,-20.82424,-16.05789,14.71538,-15.6368,-6.05617,12.87034,5.489278,-27.7536,16.10163,-8.417457,10.4186,16.10163,-6.5798,22.35233,16.10163,
638524921960364394,219888,-23.9878,-3.82342,19.46727,-20.82424,-16.05789,14.71538,-15.6368,-6.05617,12.87034,5.477751,-27.69532,16.06782,-8.399781,10.39672,16.06782,-6.565983,22.30539,16.06782,
638524921960474389,219899,-23.9878,-3.82342,19.46727,-20.82424,-16.05789,14.71538,-15.6368,-6.05617,12.87034,5.466467,-27.63828,16.03472,-8.382479,10.3753,16.03472,-6.552458,22.25945,16.03472,
638524921960584398,219910,-23.9878,-3.82342,19.46727,-20.82424,-16.05789,14.71538,-15.6368,-6.05617,12.87034,5.455151,-27.58106,16.00153,-8.365126,10.35382,16.00153,-6.538894,22.21337,16.00153,
638524921960694393,219921,-23.9878,-3.82342,19.46727,-20.82424,-16.05789,14.71538,-15.6368,-6.05617,12.87034,5.443785,-27.5236,15.96819,-8.347697,10.33225,15.96819,-6.52527,22.16709,15.96819,
638524921960804394,219932,-23.9878,-3.82342,19.46727,-20.82424,-16.05789,14.71538,-15.6368,-6.05617,12.87034,5.432444,-27.46626,15.93492,-8.330307,10.31073,15.93492,-6.511676,22.1209,15.93492,
638524921960914401,219943,-23.9878,-3.82342,19.46727,-20.82424,-16.05789,14.71538,-15.6368,-6.05617,12.87034,5.421095,-27.40888,15.90163,-8.312904,10.28919,15.90163,-6.498072,22.07469,15.90163,
638524921961034393,219955,-23.9878,-3.82342,19.46727,-20.82424,-16.05789,14.71538,-15.6368,-6.05617,12.87034,5.409716,-27.35134,15.86825,-8.295455,10.26759,15.86825,-6.484432,22.02836,15.86825,
638524921961134387,219966,-23.9878,-3.82342,19.46727,-20.82424,-16.05789,14.71538,-15.6368,-6.05617,12.87034,5.398247,-27.29336,15.83461,-8.277867,10.24582,15.83461,-6.470685,21.98165,15.83461,
638524921961254387,219977,-23.9878,-3.82342,19.46727,-20.82424,-16.05789,14.71538,-15.6368,-6.05617,12.87034,5.387031,-27.23665,15.80171,-8.260668,10.22453,15.80171,-6.45724,21.93598,15.80171,
638524921961364403,219988,-23.9878,-3.82342,19.46727,-20.82424,-16.05789,14.71538,-15.6368,-6.05617,12.87034,5.375519,-27.17844,15.76794,-8.243015,10.20269,15.76794,-6.443441,21.8891,15.76794,
638524921961474389,219999,-23.9878,-3.82342,19.46727,-20.82424,-16.05789,14.71538,-15.6368,-6.05617,12.87034,5.364151,-27.12097,15.7346,-8.225584,10.18111,15.7346,-6.429815,21.84282,15.7346,
638524921961594410,220011,-23.9878,-3.82342,19.46727,-20.82424,-16.05789,14.71538,-15.6368,-6.05617,12.87034,5.352759,-27.06337,15.70119,-8.208116,10.15949,15.70119,-6.41616,21.79643,15.70119,
638524921961694396,220021,-23.9878,-3.82342,19.46727,-20.82424,-16.05789,14.71538,-15.6368,-6.05617,12.87034,5.341012,-27.00398,15.66673,-8.190103,10.13719,15.66673,-6.402079,21.74859,15.66673,
638524921961804388,220032,-23.9878,-3.82342,19.46727,-20.82424,-16.05789,14.71538,-15.6368,-6.05617,12.87034,5.330248,-26.94956,15.63515,-8.173596,10.11676,15.63515,-6.389176,21.70476,15.63515,
638524921961914388,220044,-23.9878,-3.82342,19.46727,-20.82424,-16.05789,14.71538,-15.6368,-6.05617,12.87034,5.318737,-26.89136,15.60139,-8.155946,10.09492,15.60139,-6.375379,21.65789,15.60139,
638524921962024387,220055,-23.9878,-3.82342,19.46727,-20.82424,-16.05789,14.71538,-15.6368,-6.05617,12.87034,5.3074,-26.83404,15.56814,-8.138562,10.0734,15.56814,-6.36179,21.61173,15.56814,
638524921962144388,220066,-23.9878,-3.82342,19.46727,-20.82424,-16.05789,14.71538,-15.6368,-6.05617,12.87034,5.296152,-26.77717,15.53514,-8.121314,10.05205,15.53514,-6.348308,21.56593,15.53514,
638524921962254399,220077,-23.9878,-3.82342,19.46727,-20.82424,-16.05789,14.71538,-15.6368,-6.05617,12.87034,5.284586,-26.7187,15.50122,-8.103579,10.0301,15.50122,-6.334444,21.51883,15.50122,
638524921962364391,220088,-23.9878,-3.82342,19.46727,-20.82424,-16.05789,14.71538,-15.6368,-6.05617,12.87034,5.273435,-26.66232,15.46851,-8.086478,10.00894,15.46851,-6.321077,21.47342,15.46851,
638524921962474391,220099,-23.9878,-3.82342,19.46727,-20.82424,-16.05789,14.71538,-15.6368,-6.05617,12.87034,5.262128,-26.60515,15.43534,-8.069139,9.987478,15.43534,-6.307524,21.42738,15.43534,
638524921962584391,220110,-23.9878,-3.82342,19.46727,-20.82424,-16.05789,14.71538,-15.6368,-6.05617,12.87034,5.250711,-26.54743,15.40186,-8.051633,9.965811,15.40186,-6.293839,21.38089,15.40186,
638524921962694401,220121,-23.9878,-3.82342,19.46727,-20.82424,-16.05789,14.71538,-15.6368,-6.05617,12.87034,5.239285,-26.48965,15.36834,-8.034111,9.944124,15.36834,-6.280143,21.33436,15.36834,
638524921962804385,220132,-23.9878,-3.82342,19.46727,-20.82424,-16.05789,14.71538,-15.6368,-6.05617,12.87034,5.22803,-26.43275,15.33533,-8.016853,9.922764,15.33533,-6.266653,21.28854,15.33533,
638524921962924398,220144,-23.9878,-3.82342,19.46727,-20.82424,-16.05789,14.71538,-15.6368,-6.05617,12.87034,5.216579,-26.37486,15.30174,-7.999294,9.901031,15.30174,-6.252927,21.24191,15.30174,
638524921963024397,220154,-23.9878,-3.82342,19.46727,-20.82424,-16.05789,14.71538,-15.6368,-6.05617,12.87034,5.204851,-26.31557,15.26734,-7.98131,9.878773,15.26734,-6.238869,21.19415,15.26734,
638524921963144388,220166,-23.9878,-3.82342,19.46727,-20.82424,-16.05789,14.71538,-15.6368,-6.05617,12.87034,5.19398,-26.2606,15.23545,-7.964641,9.858141,15.23545,-6.225838,21.14989,15.23545,
638524921963254395,220177,-23.9878,-3.82342,19.46727,-20.82424,-16.05789,14.71538,-15.6368,-6.05617,12.87034,5.182291,-26.2015,15.20116,-7.946716,9.835957,15.20116,-6.211827,21.10229,15.20116,
638524921963364389,220188,-23.9878,-3.82342,19.46727,-20.82424,-16.05789,14.71538,-15.6368,-6.05617,12.87034,5.171204,-26.14544,15.16864,-7.929713,9.814913,15.16864,-6.198536,21.05714,15.16864,
638524921963474395,220199,-23.9878,-3.82342,19.46727,-20.82424,-16.05789,14.71538,-15.6368,-6.05617,12.87034,5.159834,-26.08796,15.13529,-7.912278,9.793333,15.13529,-6.184907,21.01084,15.13529,
638524921963594395,220211,-23.9878,-3.82342,19.46727,-20.82424,-16.05789,14.71538,-15.6368,-6.05617,12.87034,5.148452,-26.03041,15.1019,-7.894825,9.77173,15.1019,-6.171264,20.96449,15.1019,
638524921963694397,220221,-23.9878,-3.82342,19.46727,-20.82424,-16.05789,14.71538,-15.6368,-6.05617,12.87034,5.136374,-25.96934,15.06648,-7.876304,9.748808,15.06648,-6.156787,20.91531,15.06648,
638524921963804390,220232,-23.9878,-3.82342,19.46727,-20.82424,-16.05789,14.71538,-15.6368,-6.05617,12.87034,5.125744,-25.9156,15.0353,-7.860004,9.728634,15.0353,-6.144046,20.87203,15.0353,
638524921963924393,220244,-23.9878,-3.82342,19.46727,-20.82424,-16.05789,14.71538,-15.6368,-6.05617,12.87034,5.114422,-25.85836,15.00209,-7.842643,9.707146,15.00209,-6.130475,20.82593,15.00209,
638524921964024386,220255,-23.9878,-3.82342,19.46727,-20.82424,-16.05789,14.71538,-15.6368,-6.05617,12.87034,5.102554,-25.79836,14.96728,-7.824445,9.684622,14.96728,-6.11625,20.7776,14.96728,
638524921964134417,220266,-23.9878,-3.82342,19.46727,-20.82424,-16.05789,14.71538,-15.6368,-6.05617,12.87034,5.091587,-25.74291,14.93511,-7.807628,9.663807,14.93511,-6.103104,20.73295,14.93511,
638524921964244383,220277,-23.9878,-3.82342,19.46727,-20.82424,-16.05789,14.71538,-15.6368,-6.05617,12.87034,5.080381,-25.68625,14.90224,-7.790445,9.64254,14.90224,-6.089673,20.68732,14.90224,
638524921964364390,220288,-23.9878,-3.82342,19.46727,-20.82424,-16.05789,14.71538,-15.6368,-6.05617,12.87034,5.068992,-25.62867,14.86883,-7.77298,9.620922,14.86883,-6.07602,20.64094,14.86883,
638524921964474393,220299,-23.9878,-3.82342,19.46727,-20.82424,-16.05789,14.71538,-15.6368,-6.05617,12.87034,5.057628,-25.57121,14.8355,-7.755554,9.599354,14.8355,-6.062399,20.59466,14.8355,
638524921964584387,220310,-23.9878,-3.82342,19.46727,-20.82424,-16.05789,14.71538,-15.6368,-6.05617,12.87034,5.046194,-25.5134,14.80196,-7.738021,9.577654,14.80196,-6.048694,20.54811,14.80196,
638524921964694400,220321,-23.9878,-3.82342,19.46727,-20.82424,-16.05789,14.71538,-15.6368,-6.05617,12.87034,5.034752,-25.45555,14.7684,-7.720475,9.555937,14.7684,-6.034978,20.50151,14.7684,
638524921964804382,220332,-23.9878,-3.82342,19.46727,-20.82424,-16.05789,14.71538,-15.6368,-6.05617,12.87034,5.023501,-25.39867,14.7354,-7.703223,9.534584,14.7354,-6.021492,20.4557,14.7354,
638524921964914405,220343,-23.9878,-3.82342,19.46727,-20.82424,-16.05789,14.71538,-15.6368,-6.05617,12.87034,5.012199,-25.34153,14.70225,-7.685893,9.513134,14.70225,-6.007946,20.40968,14.70225,
638524921965024403,220354,-23.9878,-3.82342,19.46727,-20.82424,-16.05789,14.71538,-15.6368,-6.05617,12.87034,5.000677,-25.28327,14.66845,-7.668224,9.491266,14.66845,-5.994135,20.36276,14.66845,
638524921965134384,220366,-23.9878,-3.82342,19.46727,-20.82424,-16.05789,14.71538,-15.6368,-6.05617,12.87034,4.989408,-25.22629,14.6354,-7.650943,9.469877,14.6354,-5.980627,20.31688,14.6354,
638524921965254390,220377,-23.9878,-3.82342,19.46727,-20.82424,-16.05789,14.71538,-15.6368,-6.05617,12.87034,4.977976,-25.1685,14.60186,-7.633414,9.448181,14.60186,-5.966924,20.27033,14.60186,
638524921965354382,220388,-23.9878,-3.82342,19.46727,-20.82424,-16.05789,14.71538,-15.6368,-6.05617,12.87034,4.966402,-25.10998,14.56791,-7.615666,9.426214,14.56791,-5.953051,20.2232,14.56791,
638524921965474383,220399,-23.9878,-3.82342,19.46727,-20.82424,-16.05789,14.71538,-15.6368,-6.05617,12.87034,4.955482,-25.05477,14.53588,-7.59892,9.405489,14.53588,-5.939961,20.17873,14.53588,
638524921965584394,220410,-23.9878,-3.82342,19.46727,-20.82424,-16.05789,14.71538,-15.6368,-6.05617,12.87034,4.944025,-24.99684,14.50228,-7.581351,9.383743,14.50228,-5.926228,20.13208,14.50228,
638524921965694383,220421,-23.9878,-3.82342,19.46727,-20.82424,-16.05789,14.71538,-15.6368,-6.05617,12.87034,4.932516,-24.93865,14.46852,-7.563704,9.3619,14.46852,-5.912434,20.08522,14.46852,
638524921965804391,220432,-23.9878,-3.82342,19.46727,-20.82424,-16.05789,14.71538,-15.6368,-6.05617,12.87034,4.921296,-24.88193,14.43561,-7.546499,9.340605,14.43561,-5.898984,20.03953,14.43561,
638524921965914397,220443,-23.9878,-3.82342,19.46727,-20.82424,-16.05789,14.71538,-15.6368,-6.05617,12.87034,4.909756,-24.82358,14.40176,-7.528803,9.318703,14.40176,-5.885152,19.99254,14.40176,
638524921966054405,220457,-23.9878,-3.82342,19.46727,-20.82424,-16.05789,14.71538,-15.6368,-6.05617,12.87034,4.898608,-24.76722,14.36906,-7.51171,9.297546,14.36906,-5.87179,19.94715,14.36906,
638524921966164388,220469,-23.9878,-3.82342,19.46727,-20.82424,-16.05789,14.71538,-15.6368,-6.05617,12.87034,4.884201,-24.69438,14.3268,-7.489618,9.270203,14.3268,-5.854521,19.88848,14.3268,
638524921966354387,220488,-23.9878,-3.82342,19.46727,-20.82424,-16.05789,14.71538,-15.6368,-6.05617,12.87034,4.872698,-24.63622,14.29306,-7.471978,9.248369,14.29306,-5.840732,19.84164,14.29306,
638524921966424390,220494,-23.9878,-3.82342,19.46727,-20.82424,-16.05789,14.71538,-15.6368,-6.05617,12.87034,4.860889,-24.57651,14.25842,-7.45387,9.225956,14.25842,-5.826577,19.79355,14.25842,
638524921966484396,220500,-23.9878,-3.82342,19.46727,-20.82424,-16.05789,14.71538,-15.6368,-6.05617,12.87034,4.8463,-24.50275,14.21563,-7.431499,9.198267,14.21563,-5.80909,19.73415,14.21563,
638524921966544391,220506,-23.9878,-3.82342,19.46727,-20.82424,-16.05789,14.71538,-15.6368,-6.05617,12.87034,4.840179,-24.4718,14.19767,-7.422113,9.186651,14.19767,-5.801753,19.70922,14.19767,
638524921966644385,220516,-23.9878,-3.82342,19.46727,-20.82424,-16.05789,14.71538,-15.6368,-6.05617,12.87034,4.834174,-24.44144,14.18006,-7.412904,9.175255,14.18006,-5.794555,19.68477,14.18006,
638524921966764393,220528,-23.9878,-3.82342,19.46727,-20.82424,-16.05789,14.71538,-15.6368,-6.05617,12.87034,4.823693,-24.38845,14.14932,-7.396833,9.155363,14.14932,-5.781992,19.64209,14.14932,
638524921966864391,220539,-23.9878,-3.82342,19.46727,-20.82424,-16.05789,14.71538,-15.6368,-6.05617,12.87034,4.812171,-24.33019,14.11552,-7.379165,9.133495,14.11552,-5.768181,19.59517,14.11552,
638524921966984391,220550,-23.9878,-3.82342,19.46727,-20.82424,-16.05789,14.71538,-15.6368,-6.05617,12.87034,4.801008,-24.27376,14.08278,-7.362047,9.112309,14.08278,-5.7548,19.54972,14.08278,
638524921967094402,220561,-23.9878,-3.82342,19.46727,-20.82424,-16.05789,14.71538,-15.6368,-6.05617,12.87034,4.789586,-24.21601,14.04927,-7.344532,9.09063,14.04927,-5.741109,19.50321,14.04927,
638524921967204390,220572,-23.9878,-3.82342,19.46727,-20.82424,-16.05789,14.71538,-15.6368,-6.05617,12.87034,4.778143,-24.15815,14.01571,-7.326985,9.068913,14.01571,-5.727393,19.45662,14.01571,
638524921967314394,220583,-23.9878,-3.82342,19.46727,-20.82424,-16.05789,14.71538,-15.6368,-6.05617,12.87034,4.766867,-24.10114,13.98263,-7.309695,9.047512,13.98263,-5.713877,19.4107,13.98263,
638524921967424394,220594,-23.9878,-3.82342,19.46727,-20.82424,-16.05789,14.71538,-15.6368,-6.05617,12.87034,4.755529,-24.04382,13.94938,-7.29231,9.025995,13.94938,-5.700288,19.36453,13.94938,
638524921967534385,220605,-23.9878,-3.82342,19.46727,-20.82424,-16.05789,14.71538,-15.6368,-6.05617,12.87034,4.744022,-23.98564,13.91563,-7.274664,9.004156,13.91563,-5.686495,19.31768,13.91563,
638524921967644373,220616,-23.9878,-3.82342,19.46727,-20.82424,-16.05789,14.71538,-15.6368,-6.05617,12.87034,4.732697,-23.92838,13.88241,-7.257298,8.982662,13.88241,-5.67292,19.27156,13.88241,
638524921967764386,220628,-23.9878,-3.82342,19.46727,-20.82424,-16.05789,14.71538,-15.6368,-6.05617,12.87034,4.72146,-23.87157,13.84945,-7.240067,8.961334,13.84945,-5.65945,19.2258,13.84945,
638524921967864386,220639,-23.9878,-3.82342,19.46727,-20.82424,-16.05789,14.71538,-15.6368,-6.05617,12.87034,4.709817,-23.8127,13.81529,-7.222212,8.939236,13.81529,-5.645494,19.17839,13.81529,
638524921967984394,220650,-23.9878,-3.82342,19.46727,-20.82424,-16.05789,14.71538,-15.6368,-6.05617,12.87034,4.698706,-23.75652,13.7827,-7.205173,8.918146,13.7827,-5.632174,19.13315,13.7827,
638524921968094388,220661,-23.9878,-3.82342,19.46727,-20.82424,-16.05789,14.71538,-15.6368,-6.05617,12.87034,4.68737,-23.69921,13.74945,-7.187792,8.896633,13.74945,-5.618587,19.08699,13.74945,
638524921968204393,220672,-23.9878,-3.82342,19.46727,-20.82424,-16.05789,14.71538,-15.6368,-6.05617,12.87034,4.675892,-23.64117,13.71578,-7.17019,8.874847,13.71578,-5.604828,19.04025,13.71578,
638524921968314396,220683,-23.9878,-3.82342,19.46727,-20.82424,-16.05789,14.71538,-15.6368,-6.05617,12.87034,4.664671,-23.58444,13.68287,-7.152983,8.85355,13.68287,-5.591378,18.99456,13.68287,
638524921968424396,220694,-23.9878,-3.82342,19.46727,-20.82424,-16.05789,14.71538,-15.6368,-6.05617,12.87034,4.653263,-23.52676,13.6494,-7.135489,8.831898,13.6494,-5.577703,18.9481,13.6494,
638524921968534386,220705,-23.9878,-3.82342,19.46727,-20.82424,-16.05789,14.71538,-15.6368,-6.05617,12.87034,4.64193,-23.46946,13.61616,-7.118111,8.810389,13.61616,-5.564118,18.90195,13.61616,
638524921968644387,220716,-23.9878,-3.82342,19.46727,-20.82424,-16.05789,14.71538,-15.6368,-6.05617,12.87034,4.630543,-23.41189,13.58276,-7.10065,8.788778,13.58276,-5.55047,18.85559,13.58276,
638524921968754387,220728,-23.9878,-3.82342,19.46727,-20.82424,-16.05789,14.71538,-15.6368,-6.05617,12.87034,4.619158,-23.35433,13.54936,-7.083191,8.76717,13.54936,-5.536823,18.80923,13.54936,
638524921968864385,220739,-23.9878,-3.82342,19.46727,-20.82424,-16.05789,14.71538,-15.6368,-6.05617,12.87034,4.607692,-23.29636,13.51573,-7.065609,8.745407,13.51573,-5.523079,18.76254,13.51573,
638524921968984392,220750,-23.9878,-3.82342,19.46727,-20.82424,-16.05789,14.71538,-15.6368,-6.05617,12.87034,4.596542,-23.23999,13.48303,-7.048512,8.724247,13.48303,-5.509715,18.71714,13.48303,
638524921969094394,220761,-23.9878,-3.82342,19.46727,-20.82424,-16.05789,14.71538,-15.6368,-6.05617,12.87034,4.585096,-23.18211,13.44945,-7.030959,8.702522,13.44945,-5.495994,18.67053,13.44945,
638524921969204407,220772,-23.9878,-3.82342,19.46727,-20.82424,-16.05789,14.71538,-15.6368,-6.05617,12.87034,4.573587,-23.12393,13.4157,-7.013311,8.680679,13.4157,-5.482199,18.62366,13.4157,
638524921969314386,220783,-23.9878,-3.82342,19.46727,-20.82424,-16.05789,14.71538,-15.6368,-6.05617,12.87034,4.562422,-23.06748,13.38294,-6.99619,8.659489,13.38294,-5.468816,18.5782,13.38294,
638524921969424395,220794,-23.9878,-3.82342,19.46727,-20.82424,-16.05789,14.71538,-15.6368,-6.05617,12.87034,4.550993,-23.00969,13.34942,-6.978665,8.637798,13.34942,-5.455116,18.53166,13.34942,
638524921969534389,220805,-23.9878,-3.82342,19.46727,-20.82424,-16.05789,14.71538,-15.6368,-6.05617,12.87034,4.539661,-22.9524,13.31618,-6.961289,8.616293,13.31618,-5.441534,18.48552,13.31618,
638524921969644389,220816,-23.9878,-3.82342,19.46727,-20.82424,-16.05789,14.71538,-15.6368,-6.05617,12.87034,4.528283,-22.89487,13.28281,-6.943841,8.594698,13.28281,-5.427896,18.43919,13.28281,
638524921969757168,220828,-23.9878,-3.82342,19.46727,-20.82424,-16.05789,14.71538,-15.6368,-6.05617,12.87034,4.516949,-22.83757,13.24956,-6.926461,8.573187,13.24956,-5.41431,18.39304,13.24956,
638524921969867145,220839,-23.9878,-3.82342,19.46727,-20.82424,-16.05789,14.71538,-15.6368,-6.05617,12.87034,4.505322,-22.77879,13.21546,-6.908632,8.551121,13.21546,-5.400373,18.34569,13.21546,
638524921969977143,220850,-23.9878,-3.82342,19.46727,-20.82424,-16.05789,14.71538,-15.6368,-6.05617,12.87034,4.494284,-22.72298,13.18308,-6.891706,8.53017,13.18308,-5.387143,18.30075,13.18308,
638524921970097152,220861,-23.9878,-3.82342,19.46727,-20.82424,-16.05789,14.71538,-15.6368,-6.05617,12.87034,4.482674,-22.66428,13.14903,-6.873903,8.508135,13.14903,-5.373226,18.25347,13.14903,
638524921970207146,220873,-23.9878,-3.82342,19.46727,-20.82424,-16.05789,14.71538,-15.6368,-6.05617,12.87034,4.471027,-22.60539,13.11486,-6.856043,8.486031,13.11486,-5.359266,18.20604,13.11486,
638524921970317143,220884,-23.9878,-3.82342,19.46727,-20.82424,-16.05789,14.71538,-15.6368,-6.05617,12.87034,4.459507,-22.54714,13.08107,-6.838377,8.464165,13.08107,-5.345457,18.15913,13.08107,
638524921970437143,220895,-23.9878,-3.82342,19.46727,-20.82424,-16.05789,14.71538,-15.6368,-6.05617,12.87034,4.447869,-22.4883,13.04693,-6.820531,8.442078,13.04693,-5.331507,18.11174,13.04693,
638524921970547158,220907,-23.9878,-3.82342,19.46727,-20.82424,-16.05789,14.71538,-15.6368,-6.05617,12.87034,4.436291,-22.42977,13.01297,-6.802777,8.420103,13.01297,-5.317629,18.0646,13.01297,
638524921970667149,220918,-23.9878,-3.82342,19.46727,-20.82424,-16.05789,14.71538,-15.6368,-6.05617,12.87034,4.424587,-22.37059,12.97864,-6.78483,8.39789,12.97864,-5.303599,18.01694,12.97864,
638524921970777277,220929,-23.9878,-3.82342,19.46727,-20.82424,-16.05789,14.71538,-15.6368,-6.05617,12.87034,4.413036,-22.31219,12.94476,-6.767118,8.375969,12.94476,-5.289754,17.9699,12.94476,
638524921970887282,220941,-23.9878,-3.82342,19.46727,-20.82424,-16.05789,14.71538,-15.6368,-6.05617,12.87034,4.401586,-22.2543,12.91117,-6.749559,8.354237,12.91117,-5.276029,17.92328,12.91117,
638524921971007287,220952,-23.9878,-3.82342,19.46727,-20.82424,-16.05789,14.71538,-15.6368,-6.05617,12.87034,4.389864,-22.19504,12.87679,-6.731586,8.331991,12.87679,-5.261979,17.87555,12.87679,
638524921971117277,220963,-23.9878,-3.82342,19.46727,-20.82424,-16.05789,14.71538,-15.6368,-6.05617,12.87034,4.378168,-22.1359,12.84249,-6.713651,8.309793,12.84249,-5.24796,17.82792,12.84249,
638524921971227286,220975,-23.9878,-3.82342,19.46727,-20.82424,-16.05789,14.71538,-15.6368,-6.05617,12.87034,4.366719,-22.07802,12.80891,-6.696095,8.288065,12.80891,-5.234237,17.78131,12.80891,
638524921971347286,220986,-23.9878,-3.82342,19.46727,-20.82424,-16.05789,14.71538,-15.6368,-6.05617,12.87034,4.35512,-22.01937,12.77488,-6.678308,8.26605,12.77488,-5.220333,17.73407,12.77488,
638524921971457294,220997,-23.9878,-3.82342,19.46727,-20.82424,-16.05789,14.71538,-15.6368,-6.05617,12.87034,4.343501,-21.96063,12.7408,-6.660491,8.243999,12.7408,-5.206406,17.68676,12.7408,
638524921971567283,221009,-23.9878,-3.82342,19.46727,-20.82424,-16.05789,14.71538,-15.6368,-6.05617,12.87034,4.331816,-21.90155,12.70653,-6.642573,8.221823,12.70653,-5.192399,17.63918,12.70653,
638524921971687284,221020,-23.9878,-3.82342,19.46727,-20.82424,-16.05789,14.71538,-15.6368,-6.05617,12.87034,4.320401,-21.84384,12.67304,-6.62507,8.200159,12.67304,-5.178717,17.5927,12.67304,
638524921971794615,221031,-23.9878,-3.82342,19.46727,-20.82424,-16.05789,14.71538,-15.6368,-6.05617,12.87034,4.308637,-21.78436,12.63853,-6.607029,8.17783,12.63853,-5.164615,17.54479,12.63853,
638524921971904606,221043,-23.9878,-3.82342,19.46727,-20.82424,-16.05789,14.71538,-15.6368,-6.05617,12.87034,4.297132,-21.72619,12.60479,-6.589388,8.155994,12.60479,-5.150826,17.49795,12.60479,
638524921972024610,221054,-23.9878,-3.82342,19.46727,-20.82424,-16.05789,14.71538,-15.6368,-6.05617,12.87034,4.285624,-21.668,12.57103,-6.571741,8.134151,12.57103,-5.137031,17.45108,12.57103,
638524921972134612,221065,-23.9878,-3.82342,19.46727,-20.82424,-16.05789,14.71538,-15.6368,-6.05617,12.87034,4.274062,-21.60955,12.53712,-6.554012,8.112207,12.53712,-5.123172,17.404,12.53712,
638524921972244716,221076,-23.9878,-3.82342,19.46727,-20.82424,-16.05789,14.71538,-15.6368,-6.05617,12.87034,4.2624,-21.55058,12.50291,-6.536128,8.090073,12.50291,-5.109193,17.35651,12.50291,
638524921972354718,221088,-23.9878,-3.82342,19.46727,-20.82424,-16.05789,14.71538,-15.6368,-6.05617,12.87034,4.25109,-21.4934,12.46974,-6.518785,8.068607,12.46974,-5.095636,17.31046,12.46974,
638524921972464719,221099,-23.9878,-3.82342,19.46727,-20.82424,-16.05789,14.71538,-15.6368,-6.05617,12.87034,4.23968,-21.43572,12.43627,-6.501289,8.046953,12.43627,-5.08196,17.264,12.43627,
638524921972584744,221110,-23.9878,-3.82342,19.46727,-20.82424,-16.05789,14.71538,-15.6368,-6.05617,12.87034,4.228295,-21.37815,12.40288,-6.483831,8.025345,12.40288,-5.068314,17.21764,12.40288,
638524921972684715,221121,-23.9878,-3.82342,19.46727,-20.82424,-16.05789,14.71538,-15.6368,-6.05617,12.87034,4.216763,-21.31985,12.36905,-6.466148,8.003458,12.36905,-5.054491,17.17068,12.36905,
638524921972798129,221132,-23.9878,-3.82342,19.46727,-20.82424,-16.05789,14.71538,-15.6368,-6.05617,12.87034,4.205791,-21.26438,12.33687,-6.449323,7.982633,12.33687,-5.041339,17.12601,12.33687,
638524921972918123,221143,-23.9878,-3.82342,19.46727,-20.82424,-16.05789,14.71538,-15.6368,-6.05617,12.87034,4.194338,-21.20647,12.30327,-6.43176,7.960895,12.30327,-5.02761,17.07937,12.30327,
638524921973028122,221154,-23.9878,-3.82342,19.46727,-20.82424,-16.05789,14.71538,-15.6368,-6.05617,12.87034,4.182849,-21.14838,12.26957,-6.414143,7.93909,12.26957,-5.013839,17.03259,12.26957,
638524921973138119,221165,-23.9878,-3.82342,19.46727,-20.82424,-16.05789,14.71538,-15.6368,-6.05617,12.87034,4.171612,-21.09156,12.23661,-6.396911,7.917761,12.23661,-5.000369,16.98683,12.23661,
638524921973248238,221176,-23.9878,-3.82342,19.46727,-20.82424,-16.05789,14.71538,-15.6368,-6.05617,12.87034,4.160088,-21.0333,12.20281,-6.379239,7.895888,12.20281,-4.986555,16.9399,12.20281,
638524921973358225,221187,-23.9878,-3.82342,19.46727,-20.82424,-16.05789,14.71538,-15.6368,-6.05617,12.87034,4.148891,-20.97669,12.16996,-6.362069,7.874637,12.16996,-4.973134,16.8943,12.16996,
638524921973468226,221199,-23.9878,-3.82342,19.46727,-20.82424,-16.05789,14.71538,-15.6368,-6.05617,12.87034,4.137539,-20.91929,12.13667,-6.344661,7.853091,12.13667,-4.959527,16.84808,12.13667,
638524921973578228,221210,-23.9878,-3.82342,19.46727,-20.82424,-16.05789,14.71538,-15.6368,-6.05617,12.87034,4.126191,-20.86192,12.10338,-6.32726,7.831552,12.10338,-4.945924,16.80187,12.10338,
638524921973688227,221221,-23.9878,-3.82342,19.46727,-20.82424,-16.05789,14.71538,-15.6368,-6.05617,12.87034,4.114462,-20.80261,12.06897,-6.309274,7.809289,12.06897,-4.931865,16.75411,12.06897,
638524921973798220,221232,-23.9878,-3.82342,19.46727,-20.82424,-16.05789,14.71538,-15.6368,-6.05617,12.87034,4.103226,-20.7458,12.03601,-6.292044,7.787963,12.03601,-4.918396,16.70835,12.03601,
638524921973908229,221243,-23.9878,-3.82342,19.46727,-20.82424,-16.05789,14.71538,-15.6368,-6.05617,12.87034,4.091911,-20.6886,12.00283,-6.274694,7.766489,12.00283,-4.904834,16.66228,12.00283,
638524921974028225,221254,-23.9878,-3.82342,19.46727,-20.82424,-16.05789,14.71538,-15.6368,-6.05617,12.87034,4.080677,-20.63179,11.96987,-6.257466,7.745164,11.96987,-4.891367,16.61653,11.96987,
638524921974138232,221265,-23.9878,-3.82342,19.46727,-20.82424,-16.05789,14.71538,-15.6368,-6.05617,12.87034,4.069256,-20.57405,11.93637,-6.239951,7.723485,11.93637,-4.877676,16.57002,11.93637,
638524921974248234,221277,-23.9878,-3.82342,19.46727,-20.82424,-16.05789,14.71538,-15.6368,-6.05617,12.87034,4.05803,-20.51729,11.90344,-6.222737,7.702179,11.90344,-4.86422,16.52431,11.90344,
638524921974358219,221287,-23.9878,-3.82342,19.46727,-20.82424,-16.05789,14.71538,-15.6368,-6.05617,12.87034,4.046345,-20.45821,11.86917,-6.204819,7.680002,11.86917,-4.850214,16.47673,11.86917,
638524921974468224,221298,-23.9878,-3.82342,19.46727,-20.82424,-16.05789,14.71538,-15.6368,-6.05617,12.87034,4.035347,-20.40261,11.83691,-6.187955,7.659128,11.83691,-4.837031,16.43195,11.83691,
638524921974578225,221310,-23.9878,-3.82342,19.46727,-20.82424,-16.05789,14.71538,-15.6368,-6.05617,12.87034,4.023951,-20.34499,11.80348,-6.17048,7.637498,11.80348,-4.823371,16.38554,11.80348,
638524921974688218,221321,-23.9878,-3.82342,19.46727,-20.82424,-16.05789,14.71538,-15.6368,-6.05617,12.87034,4.012552,-20.28736,11.77004,-6.153,7.615863,11.77004,-4.809708,16.33913,11.77004,
638524921974798216,221332,-23.9878,-3.82342,19.46727,-20.82424,-16.05789,14.71538,-15.6368,-6.05617,12.87034,4.001258,-20.23025,11.73691,-6.135681,7.594427,11.73691,-4.796169,16.29313,11.73691,
638524921974908232,221343,-23.9878,-3.82342,19.46727,-20.82424,-16.05789,14.71538,-15.6368,-6.05617,12.87034,3.989861,-20.17263,11.70348,-6.118204,7.572795,11.70348,-4.782508,16.24673,11.70348,
638524921975028222,221354,-23.9878,-3.82342,19.46727,-20.82424,-16.05789,14.71538,-15.6368,-6.05617,12.87034,3.978549,-20.11544,11.6703,-6.100859,7.551326,11.6703,-4.76895,16.20067,11.6703,
638524921975138225,221365,-23.9878,-3.82342,19.46727,-20.82424,-16.05789,14.71538,-15.6368,-6.05617,12.87034,3.96695,-20.0568,11.63628,-6.083073,7.529312,11.63628,-4.755046,16.15344,11.63628,
638524921975248328,221376,-23.9878,-3.82342,19.46727,-20.82424,-16.05789,14.71538,-15.6368,-6.05617,12.87034,3.95574,-20.00011,11.60339,-6.065882,7.508033,11.60339,-4.741608,16.10779,11.60339,
638524921975358316,221387,-23.9878,-3.82342,19.46727,-20.82424,-16.05789,14.71538,-15.6368,-6.05617,12.87034,3.944458,-19.94307,11.5703,-6.048581,7.486619,11.5703,-4.728085,16.06184,11.5703,
638524921975468318,221398,-23.9878,-3.82342,19.46727,-20.82424,-16.05789,14.71538,-15.6368,-6.05617,12.87034,3.93316,-19.88595,11.53716,-6.031256,7.465175,11.53716,-4.714542,16.01584,11.53716,
638524921975578323,221410,-23.9878,-3.82342,19.46727,-20.82424,-16.05789,14.71538,-15.6368,-6.05617,12.87034,3.921696,-19.82799,11.50353,-6.013678,7.443418,11.50353,-4.700801,15.96916,11.50353,
638524921975688321,221421,-23.9878,-3.82342,19.46727,-20.82424,-16.05789,14.71538,-15.6368,-6.05617,12.87034,3.910275,-19.77025,11.47003,-5.996166,7.421743,11.47003,-4.687112,15.92266,11.47003,
638524921975798317,221432,-23.9878,-3.82342,19.46727,-20.82424,-16.05789,14.71538,-15.6368,-6.05617,12.87034,3.89906,-19.71354,11.43714,-5.978968,7.400457,11.43714,-4.673669,15.87699,11.43714,
638524921975908322,221443,-23.9878,-3.82342,19.46727,-20.82424,-16.05789,14.71538,-15.6368,-6.05617,12.87034,3.887617,-19.65569,11.40357,-5.961421,7.378738,11.40357,-4.659953,15.83039,11.40357,
638524921976018317,221454,-23.9878,-3.82342,19.46727,-20.82424,-16.05789,14.71538,-15.6368,-6.05617,12.87034,3.876215,-19.59804,11.37012,-5.943936,7.357097,11.37012,-4.646285,15.78396,11.37012,
638524921976138319,221465,-23.9878,-3.82342,19.46727,-20.82424,-16.05789,14.71538,-15.6368,-6.05617,12.87034,3.864973,-19.5412,11.33715,-5.926698,7.335762,11.33715,-4.632811,15.73819,11.33715,
638524921976248435,221476,-23.9878,-3.82342,19.46727,-20.82424,-16.05789,14.71538,-15.6368,-6.05617,12.87034,3.853521,-19.4833,11.30356,-5.909137,7.314025,11.30356,-4.619083,15.69156,11.30356,
638524921976358430,221487,-23.9878,-3.82342,19.46727,-20.82424,-16.05789,14.71538,-15.6368,-6.05617,12.87034,3.84214,-19.42576,11.27017,-5.891685,7.292425,11.27017,-4.605442,15.64521,11.27017,
638524921976468432,221499,-23.9878,-3.82342,19.46727,-20.82424,-16.05789,14.71538,-15.6368,-6.05617,12.87034,3.830848,-19.36867,11.23705,-5.874369,7.270992,11.23705,-4.591906,15.59923,11.23705,
638524921976578425,221509,-23.9878,-3.82342,19.46727,-20.82424,-16.05789,14.71538,-15.6368,-6.05617,12.87034,3.819336,-19.31046,11.20328,-5.856716,7.249143,11.20328,-4.578107,15.55235,11.20328,
638524921976688434,221521,-23.9878,-3.82342,19.46727,-20.82424,-16.05789,14.71538,-15.6368,-6.05617,12.87034,3.808152,-19.25392,11.17048,-5.839566,7.227916,11.17048,-4.564701,15.50681,11.17048,
638524921976798436,221532,-23.9878,-3.82342,19.46727,-20.82424,-16.05789,14.71538,-15.6368,-6.05617,12.87034,3.796812,-19.19658,11.13721,-5.822176,7.206392,11.13721,-4.551107,15.46063,11.13721,
638524921976908428,221543,-23.9878,-3.82342,19.46727,-20.82424,-16.05789,14.71538,-15.6368,-6.05617,12.87034,3.785503,-19.1394,11.10404,-5.804834,7.184927,11.10404,-4.537551,15.41458,11.10404,
638524921977018420,221554,-23.9878,-3.82342,19.46727,-20.82424,-16.05789,14.71538,-15.6368,-6.05617,12.87034,3.77413,-19.08189,11.07067,-5.787393,7.16334,11.07067,-4.523918,15.36827,11.07067,
638524921977138433,221565,-23.9878,-3.82342,19.46727,-20.82424,-16.05789,14.71538,-15.6368,-6.05617,12.87034,3.762733,-19.02427,11.03724,-5.769915,7.141707,11.03724,-4.510256,15.32186,11.03724,
638524921977248432,221576,-23.9878,-3.82342,19.46727,-20.82424,-16.05789,14.71538,-15.6368,-6.05617,12.87034,3.751242,-18.96617,11.00354,-5.752295,7.119898,11.00354,-4.496482,15.27507,11.00354,
638524921977358427,221587,-23.9878,-3.82342,19.46727,-20.82424,-16.05789,14.71538,-15.6368,-6.05617,12.87034,3.740071,-18.9097,10.97077,-5.735166,7.098697,10.97077,-4.483093,15.22959,10.97077,
638524921977468427,221598,-23.9878,-3.82342,19.46727,-20.82424,-16.05789,14.71538,-15.6368,-6.05617,12.87034,3.728594,-18.85167,10.93711,-5.717566,7.076914,10.93711,-4.469336,15.18285,10.93711,
638524921977578437,221609,-23.9878,-3.82342,19.46727,-20.82424,-16.05789,14.71538,-15.6368,-6.05617,12.87034,3.71731,-18.79461,10.90401,-5.700263,7.055497,10.90401,-4.45581,15.1369,10.90401,
638524921977688426,221621,-23.9878,-3.82342,19.46727,-20.82424,-16.05789,14.71538,-15.6368,-6.05617,12.87034,3.70598,-18.73733,10.87077,-5.682889,7.033993,10.87077,-4.442229,15.09077,10.87077,
638524921977793593,221632,-23.9878,-3.82342,19.46727,-20.82424,-16.05789,14.71538,-15.6368,-6.05617,12.87034,3.694584,-18.67971,10.83734,-5.665413,7.012362,10.83734,-4.428568,15.04436,10.83734,
638524921977913595,221643,-23.9878,-3.82342,19.46727,-20.82424,-16.05789,14.71538,-15.6368,-6.05617,12.87034,3.683239,-18.62235,10.80406,-5.648017,6.99083,10.80406,-4.414969,14.99817,10.80406,
638524921978023583,221654,-23.9878,-3.82342,19.46727,-20.82424,-16.05789,14.71538,-15.6368,-6.05617,12.87034,3.671665,-18.56383,10.77011,-5.630269,6.968863,10.77011,-4.401096,14.95104,10.77011,
638524921978133584,221665,-23.9878,-3.82342,19.46727,-20.82424,-16.05789,14.71538,-15.6368,-6.05617,12.87034,3.66051,-18.50743,10.73739,-5.613163,6.947691,10.73739,-4.387725,14.90561,10.73739,
638524921978247409,221676,-23.9878,-3.82342,19.46727,-20.82424,-16.05789,14.71538,-15.6368,-6.05617,12.87034,3.649075,-18.44962,10.70385,-5.595628,6.925986,10.70385,-4.374018,14.85905,10.70385,
638524921978357409,221687,-23.9878,-3.82342,19.46727,-20.82424,-16.05789,14.71538,-15.6368,-6.05617,12.87034,3.63773,-18.39226,10.67057,-5.578231,6.904454,10.67057,-4.360419,14.81285,10.67057,
638524921978467394,221698,-23.9878,-3.82342,19.46727,-20.82424,-16.05789,14.71538,-15.6368,-6.05617,12.87034,3.626439,-18.33517,10.63745,-5.560917,6.883024,10.63745,-4.346885,14.76687,10.63745,
638524921978577392,221709,-23.9878,-3.82342,19.46727,-20.82424,-16.05789,14.71538,-15.6368,-6.05617,12.87034,3.615028,-18.27748,10.60398,-5.543419,6.861366,10.60398,-4.333207,14.72041,10.60398,
638524921978687401,221720,-23.9878,-3.82342,19.46727,-20.82424,-16.05789,14.71538,-15.6368,-6.05617,12.87034,3.603701,-18.22021,10.57076,-5.526049,6.839867,10.57076,-4.319629,14.67429,10.57076,
638524921978797407,221732,-23.9878,-3.82342,19.46727,-20.82424,-16.05789,14.71538,-15.6368,-6.05617,12.87034,3.592322,-18.16268,10.53738,-5.508601,6.818271,10.53738,-4.30599,14.62795,10.53738,
638524921978907410,221743,-23.9878,-3.82342,19.46727,-20.82424,-16.05789,14.71538,-15.6368,-6.05617,12.87034,3.580923,-18.10504,10.50394,-5.49112,6.796634,10.50394,-4.292326,14.58153,10.50394,
638524921979017404,221754,-23.9878,-3.82342,19.46727,-20.82424,-16.05789,14.71538,-15.6368,-6.05617,12.87034,3.569616,-18.04788,10.47078,-5.473783,6.775175,10.47078,-4.278774,14.5355,10.47078,
638524921979137399,221765,-23.9878,-3.82342,19.46727,-20.82424,-16.05789,14.71538,-15.6368,-6.05617,12.87034,3.558276,-17.99054,10.43751,-5.456393,6.753652,10.43751,-4.265181,14.48932,10.43751,
638524921979247410,221777,-23.9878,-3.82342,19.46727,-20.82424,-16.05789,14.71538,-15.6368,-6.05617,12.87034,3.546703,-17.93203,10.40356,-5.438646,6.731686,10.40356,-4.251308,14.44219,10.40356,
638524921979357404,221787,-23.9878,-3.82342,19.46727,-20.82424,-16.05789,14.71538,-15.6368,-6.05617,12.87034,3.535233,-17.87403,10.36992,-5.421056,6.709914,10.36992,-4.237558,14.39548,10.36992,
638524921979467399,221798,-23.9878,-3.82342,19.46727,-20.82424,-16.05789,14.71538,-15.6368,-6.05617,12.87034,3.524117,-17.81783,10.33731,-5.404011,6.688817,10.33731,-4.224234,14.35022,10.33731,
638524921979577412,221810,-23.9878,-3.82342,19.46727,-20.82424,-16.05789,14.71538,-15.6368,-6.05617,12.87034,3.512783,-17.76053,10.30407,-5.386632,6.667306,10.30407,-4.210649,14.30407,10.30407,
638524921979687399,221821,-23.9878,-3.82342,19.46727,-20.82424,-16.05789,14.71538,-15.6368,-6.05617,12.87034,3.501429,-17.70312,10.27076,-5.369221,6.645756,10.27076,-4.197039,14.25784,10.27076,
638524921979797406,221832,-23.9878,-3.82342,19.46727,-20.82424,-16.05789,14.71538,-15.6368,-6.05617,12.87034,3.489943,-17.64505,10.23707,-5.351608,6.623956,10.23707,-4.183271,14.21107,10.23707,
638524921979917404,221843,-23.9878,-3.82342,19.46727,-20.82424,-16.05789,14.71538,-15.6368,-6.05617,12.87034,3.478696,-17.58818,10.20408,-5.334362,6.60261,10.20408,-4.16979,14.16527,10.20408,
638524921980017397,221854,-23.9878,-3.82342,19.46727,-20.82424,-16.05789,14.71538,-15.6368,-6.05617,12.87034,3.467016,-17.52913,10.16982,-5.316453,6.580443,10.16982,-4.155791,14.11771,10.16982,
638524921980127408,221865,-23.9878,-3.82342,19.46727,-20.82424,-16.05789,14.71538,-15.6368,-6.05617,12.87034,3.456006,-17.47347,10.13753,-5.29957,6.559546,10.13753,-4.142593,14.07288,10.13753,
638524921980247404,221876,-23.9878,-3.82342,19.46727,-20.82424,-16.05789,14.71538,-15.6368,-6.05617,12.87034,3.44458,-17.4157,10.10401,-5.282049,6.537861,10.10401,-4.128898,14.02636,10.10401,
638524921980357396,221887,-23.9878,-3.82342,19.46727,-20.82424,-16.05789,14.71538,-15.6368,-6.05617,12.87034,3.4332,-17.35816,10.07063,-5.264599,6.516262,10.07063,-4.115258,13.98002,10.07063,
638524921980467408,221898,-23.9878,-3.82342,19.46727,-20.82424,-16.05789,14.71538,-15.6368,-6.05617,12.87034,3.421986,-17.30146,10.03774,-5.247403,6.494977,10.03774,-4.101816,13.93435,10.03774,
638524921980577400,221909,-23.9878,-3.82342,19.46727,-20.82424,-16.05789,14.71538,-15.6368,-6.05617,12.87034,3.410521,-17.2435,10.00411,-5.229822,6.473218,10.00411,-4.088073,13.88767,10.00411,
638524921980687416,221920,-23.9878,-3.82342,19.46727,-20.82424,-16.05789,14.71538,-15.6368,-6.05617,12.87034,3.399241,-17.18647,9.971022,-5.212526,6.45181,9.971022,-4.074553,13.84174,9.971022,
638524921980797410,221932,-23.9878,-3.82342,19.46727,-20.82424,-16.05789,14.71538,-15.6368,-6.05617,12.87034,3.387828,-17.12877,9.937542,-5.195024,6.430147,9.937542,-4.060872,13.79526,9.937542,
638524921980907404,221943,-23.9878,-3.82342,19.46727,-20.82424,-16.05789,14.71538,-15.6368,-6.05617,12.87034,3.376493,-17.07146,9.904295,-5.177643,6.408635,9.904295,-4.047286,13.74911,9.904295,
638524921981017401,221954,-23.9878,-3.82342,19.46727,-20.82424,-16.05789,14.71538,-15.6368,-6.05617,12.87034,3.36516,-17.01416,9.871052,-5.160264,6.387125,9.871052,-4.033701,13.70296,9.871052,
638524921981127401,221965,-23.9878,-3.82342,19.46727,-20.82424,-16.05789,14.71538,-15.6368,-6.05617,12.87034,3.353698,-16.9562,9.837429,-5.142687,6.365369,9.837429,-4.019962,13.65629,9.837429,
638524921981237395,221976,-23.9878,-3.82342,19.46727,-20.82424,-16.05789,14.71538,-15.6368,-6.05617,12.87034,3.342405,-16.89911,9.804304,-5.125371,6.343935,9.804304,-4.006425,13.6103,9.804304,
638524921981357414,221987,-23.9878,-3.82342,19.46727,-20.82424,-16.05789,14.71538,-15.6368,-6.05617,12.87034,3.331103,-16.84196,9.771152,-5.108039,6.322484,9.771152,-3.992878,13.56428,9.771152,
638524921981467402,221998,-23.9878,-3.82342,19.46727,-20.82424,-16.05789,14.71538,-15.6368,-6.05617,12.87034,3.319565,-16.78363,9.737307,-5.090346,6.300585,9.737307,-3.979048,13.5173,9.737307,
638524921981577396,222009,-23.9878,-3.82342,19.46727,-20.82424,-16.05789,14.71538,-15.6368,-6.05617,12.87034,3.308159,-16.72596,9.703848,-5.072855,6.278935,9.703848,-3.965375,13.47085,9.703848,
638524921981687405,222020,-23.9878,-3.82342,19.46727,-20.82424,-16.05789,14.71538,-15.6368,-6.05617,12.87034,3.29702,-16.66964,9.671175,-5.055775,6.257794,9.671175,-3.952023,13.4255,9.671175,
638524921981797403,222032,-23.9878,-3.82342,19.46727,-20.82424,-16.05789,14.71538,-15.6368,-6.05617,12.87034,3.285697,-16.61239,9.637961,-5.038412,6.236303,9.637961,-3.938451,13.37939,9.637961,
638524921981907403,222043,-23.9878,-3.82342,19.46727,-20.82424,-16.05789,14.71538,-15.6368,-6.05617,12.87034,3.274229,-16.55441,9.604321,-5.020826,6.214537,9.604321,-3.924704,13.33269,9.604321,
638524921982017401,222054,-23.9878,-3.82342,19.46727,-20.82424,-16.05789,14.71538,-15.6368,-6.05617,12.87034,3.262947,-16.49736,9.571227,-5.003525,6.193123,9.571227,-3.91118,13.28675,9.571227,
638524921982127414,222065,-23.9878,-3.82342,19.46727,-20.82424,-16.05789,14.71538,-15.6368,-6.05617,12.87034,3.251543,-16.4397,9.537776,-4.986038,6.171478,9.537776,-3.897511,13.24031,9.537776,
638524921982237411,222076,-23.9878,-3.82342,19.46727,-20.82424,-16.05789,14.71538,-15.6368,-6.05617,12.87034,3.240176,-16.38223,9.504434,-4.968607,6.149904,9.504434,-3.883885,13.19403,9.504434,
638524921982357403,222087,-23.9878,-3.82342,19.46727,-20.82424,-16.05789,14.71538,-15.6368,-6.05617,12.87034,3.22887,-16.32507,9.47127,-4.95127,6.128446,9.47127,-3.870333,13.14799,9.47127,
638524921982467408,222098,-23.9878,-3.82342,19.46727,-20.82424,-16.05789,14.71538,-15.6368,-6.05617,12.87034,3.21749,-16.26753,9.437888,-4.933819,6.106846,9.437888,-3.856692,13.10165,9.437888,
638524921982577407,222109,-23.9878,-3.82342,19.46727,-20.82424,-16.05789,14.71538,-15.6368,-6.05617,12.87034,3.20595,-16.20919,9.404037,-4.916123,6.084943,9.404037,-3.842859,13.05466,9.404037,
638524921982687398,222120,-23.9878,-3.82342,19.46727,-20.82424,-16.05789,14.71538,-15.6368,-6.05617,12.87034,3.194732,-16.15247,9.371133,-4.898921,6.063652,9.371133,-3.829413,13.00898,9.371133,
638524921982797403,222131,-23.9878,-3.82342,19.46727,-20.82424,-16.05789,14.71538,-15.6368,-6.05617,12.87034,3.183369,-16.09502,9.3378,-4.881495,6.042084,9.3378,-3.815792,12.96271,9.3378,
638524921982907393,222143,-23.9878,-3.82342,19.46727,-20.82424,-16.05789,14.71538,-15.6368,-6.05617,12.87034,3.172058,-16.03783,9.304622,-4.864151,6.020617,9.304622,-3.802234,12.91665,9.304622,
638524921983017406,222154,-23.9878,-3.82342,19.46727,-20.82424,-16.05789,14.71538,-15.6368,-6.05617,12.87034,3.160747,-15.98064,9.271442,-4.846806,5.999148,9.271442,-3.788676,12.87059,9.271442,
638524921983127414,222165,-23.9878,-3.82342,19.46727,-20.82424,-16.05789,14.71538,-15.6368,-6.05617,12.87034,3.1493,-15.92276,9.237865,-4.829253,5.977422,9.237865,-3.774955,12.82398,9.237865,
638524921983247401,222176,-23.9878,-3.82342,19.46727,-20.82424,-16.05789,14.71538,-15.6368,-6.05617,12.87034,3.137988,-15.86557,9.204685,-4.811907,5.955953,9.204685,-3.761396,12.77792,9.204685,
638524921983347395,222187,-23.9878,-3.82342,19.46727,-20.82424,-16.05789,14.71538,-15.6368,-6.05617,12.87034,3.126434,-15.80716,9.170794,-4.79419,5.934024,9.170794,-3.747547,12.73087,9.170794,
638524921983467408,222198,-23.9878,-3.82342,19.46727,-20.82424,-16.05789,14.71538,-15.6368,-6.05617,12.87034,3.115274,-15.75073,9.13806,-4.777077,5.912844,9.13806,-3.73417,12.68543,9.13806,
638524921983577422,222210,-23.9878,-3.82342,19.46727,-20.82424,-16.05789,14.71538,-15.6368,-6.05617,12.87034,3.103849,-15.69297,9.104547,-4.759558,5.89116,9.104547,-3.720475,12.63891,9.104547,
638524921983687403,222220,-23.9878,-3.82342,19.46727,-20.82424,-16.05789,14.71538,-15.6368,-6.05617,12.87034,3.092239,-15.63427,9.070491,-4.741755,5.869124,9.070491,-3.706559,12.59163,9.070491,
638524921983797441,222231,-23.9878,-3.82342,19.46727,-20.82424,-16.05789,14.71538,-15.6368,-6.05617,12.87034,3.081177,-15.57834,9.038042,-4.724791,5.848128,9.038042,-3.693299,12.54659,9.038042,
638524921983907412,222242,-23.9878,-3.82342,19.46727,-20.82424,-16.05789,14.71538,-15.6368,-6.05617,12.87034,3.069889,-15.52127,9.004932,-4.707482,5.826705,9.004932,-3.679769,12.50063,9.004932,
638524921984017397,222254,-23.9878,-3.82342,19.46727,-20.82424,-16.05789,14.71538,-15.6368,-6.05617,12.87034,3.058517,-15.46377,8.971573,-4.690043,5.80512,8.971573,-3.666137,12.45432,8.971573,
638524921984127399,222265,-23.9878,-3.82342,19.46727,-20.82424,-16.05789,14.71538,-15.6368,-6.05617,12.87034,3.047078,-15.40593,8.93802,-4.672503,5.783409,8.93802,-3.652426,12.40774,8.93802,
638524921984237412,222276,-23.9878,-3.82342,19.46727,-20.82424,-16.05789,14.71538,-15.6368,-6.05617,12.87034,3.03578,-15.34881,8.90488,-4.655178,5.761966,8.90488,-3.638883,12.36173,8.90488,
638524921984357399,222287,-23.9878,-3.82342,19.46727,-20.82424,-16.05789,14.71538,-15.6368,-6.05617,12.87034,3.024366,-15.2911,8.871399,-4.637675,5.740303,8.871399,-3.625202,12.31526,8.871399,
638524921984467403,222298,-23.9878,-3.82342,19.46727,-20.82424,-16.05789,14.71538,-15.6368,-6.05617,12.87034,3.012974,-15.2335,8.837981,-4.620205,5.71868,8.837981,-3.611546,12.26887,8.837981,
638524921984577399,222309,-23.9878,-3.82342,19.46727,-20.82424,-16.05789,14.71538,-15.6368,-6.05617,12.87034,3.001622,-15.1761,8.804683,-4.602798,5.697134,8.804683,-3.597939,12.22264,8.804683,
638524921984687397,222320,-23.9878,-3.82342,19.46727,-20.82424,-16.05789,14.71538,-15.6368,-6.05617,12.87034,2.990317,-15.11895,8.771523,-4.585463,5.675678,8.771523,-3.584388,12.17661,8.771523,
638524921984797418,222332,-23.9878,-3.82342,19.46727,-20.82424,-16.05789,14.71538,-15.6368,-6.05617,12.87034,2.978956,-15.0615,8.738196,-4.568041,5.654114,8.738196,-3.57077,12.13035,8.738196,
638524921984907398,222342,-23.9878,-3.82342,19.46727,-20.82424,-16.05789,14.71538,-15.6368,-6.05617,12.87034,2.967506,-15.00362,8.704612,-4.550484,5.632383,8.704612,-3.557046,12.08373,8.704612,
638524921985017404,222353,-23.9878,-3.82342,19.46727,-20.82424,-16.05789,14.71538,-15.6368,-6.05617,12.87034,2.956269,-14.9468,8.671649,-4.533252,5.611055,8.671649,-3.543576,12.03797,8.671649,
638524921985127406,222365,-23.9878,-3.82342,19.46727,-20.82424,-16.05789,14.71538,-15.6368,-6.05617,12.87034,2.944923,-14.88943,8.638367,-4.515853,5.58952,8.638367,-3.529975,11.99177,8.638367,
638524921985237404,222376,-23.9878,-3.82342,19.46727,-20.82424,-16.05789,14.71538,-15.6368,-6.05617,12.87034,2.933529,-14.83182,8.604942,-4.49838,5.567893,8.604942,-3.516317,11.94537,8.604942,
638524921985347398,222387,-23.9878,-3.82342,19.46727,-20.82424,-16.05789,14.71538,-15.6368,-6.05617,12.87034,2.922138,-14.77423,8.571529,-4.480913,5.546273,8.571529,-3.502663,11.89898,8.571529,
638524921985467397,222398,-23.9878,-3.82342,19.46727,-20.82424,-16.05789,14.71538,-15.6368,-6.05617,12.87034,2.910815,-14.71698,8.538315,-4.463549,5.524782,8.538315,-3.48909,11.85288,8.538315,
638524921985577413,222409,-23.9878,-3.82342,19.46727,-20.82424,-16.05789,14.71538,-15.6368,-6.05617,12.87034,2.899421,-14.65936,8.50489,-4.446076,5.503155,8.50489,-3.475431,11.80648,8.50489,
638524921985687400,222420,-23.9878,-3.82342,19.46727,-20.82424,-16.05789,14.71538,-15.6368,-6.05617,12.87034,2.888146,-14.60236,8.471821,-4.428788,5.481757,8.471821,-3.461918,11.76057,8.471821,
638524921985797404,222431,-23.9878,-3.82342,19.46727,-20.82424,-16.05789,14.71538,-15.6368,-6.05617,12.87034,2.876801,-14.545,8.43854,-4.411389,5.460222,8.43854,-3.448318,11.71437,8.43854,
638524921985907396,222442,-23.9878,-3.82342,19.46727,-20.82424,-16.05789,14.71538,-15.6368,-6.05617,12.87034,2.865287,-14.48679,8.404768,-4.393734,5.43837,8.404768,-3.434517,11.66749,8.404768,
638524921986017400,222454,-23.9878,-3.82342,19.46727,-20.82424,-16.05789,14.71538,-15.6368,-6.05617,12.87034,2.854049,-14.42997,8.371804,-4.376502,5.41704,8.371804,-3.421046,11.62173,8.371804,
638524921986127412,222465,-23.9878,-3.82342,19.46727,-20.82424,-16.05789,14.71538,-15.6368,-6.05617,12.87034,2.842586,-14.37201,8.33818,-4.358923,5.395283,8.33818,-3.407306,11.57505,8.33818,
638524921986237400,222476,-23.9878,-3.82342,19.46727,-20.82424,-16.05789,14.71538,-15.6368,-6.05617,12.87034,2.831259,-14.31474,8.304955,-4.341555,5.373785,8.304955,-3.393729,11.52893,8.304955,
638524921986347400,222487,-23.9878,-3.82342,19.46727,-20.82424,-16.05789,14.71538,-15.6368,-6.05617,12.87034,2.819835,-14.25698,8.271444,-4.324036,5.352102,8.271444,-3.380035,11.48241,8.271444,
638524921986467401,222498,-23.9878,-3.82342,19.46727,-20.82424,-16.05789,14.71538,-15.6368,-6.05617,12.87034,2.80863,-14.20033,8.238579,-4.306855,5.330837,8.238579,-3.366605,11.43678,8.238579,
638524921986577406,222509,-23.9878,-3.82342,19.46727,-20.82424,-16.05789,14.71538,-15.6368,-6.05617,12.87034,2.797047,-14.14176,8.2046,-4.289092,5.308851,8.2046,-3.35272,11.38961,8.2046,
638524921986687405,222520,-23.9878,-3.82342,19.46727,-20.82424,-16.05789,14.71538,-15.6368,-6.05617,12.87034,2.785821,-14.085,8.171673,-4.271878,5.287545,8.171673,-3.339264,11.3439,8.171673,
638524921986797400,222531,-23.9878,-3.82342,19.46727,-20.82424,-16.05789,14.71538,-15.6368,-6.05617,12.87034,2.774523,-14.02788,8.138532,-4.254552,5.266101,8.138532,-3.325721,11.2979,8.138532,
638524921986907407,222543,-23.9878,-3.82342,19.46727,-20.82424,-16.05789,14.71538,-15.6368,-6.05617,12.87034,2.763073,-13.96999,8.104946,-4.236995,5.24437,8.104946,-3.311997,11.25127,8.104946,
638524921987017402,222554,-23.9878,-3.82342,19.46727,-20.82424,-16.05789,14.71538,-15.6368,-6.05617,12.87034,2.751498,-13.91147,8.070993,-4.219245,5.2224,8.070993,-3.298122,11.20414,8.070993,
638524921987127405,222565,-23.9878,-3.82342,19.46727,-20.82424,-16.05789,14.71538,-15.6368,-6.05617,12.87034,2.740281,-13.85475,8.038091,-4.202044,5.20111,8.038091,-3.284677,11.15847,8.038091,
638524921987237396,222576,-23.9878,-3.82342,19.46727,-20.82424,-16.05789,14.71538,-15.6368,-6.05617,12.87034,2.728978,-13.79761,8.004937,-4.184712,5.179658,8.004937,-3.271128,11.11244,8.004937,
638524921987347400,222587,-23.9878,-3.82342,19.46727,-20.82424,-16.05789,14.71538,-15.6368,-6.05617,12.87034,2.717711,-13.74064,7.971888,-4.167435,5.158273,7.971888,-3.257623,11.06656,7.971888,
638524921987457412,222598,-23.9878,-3.82342,19.46727,-20.82424,-16.05789,14.71538,-15.6368,-6.05617,12.87034,2.706347,-13.68319,7.938555,-4.15001,5.136705,7.938555,-3.244002,11.02029,7.938555,
638524921987577406,222609,-23.9878,-3.82342,19.46727,-20.82424,-16.05789,14.71538,-15.6368,-6.05617,12.87034,2.694974,-13.62568,7.905193,-4.132569,5.115119,7.905193,-3.230369,10.97398,7.905193,
638524921987687406,222620,-23.9878,-3.82342,19.46727,-20.82424,-16.05789,14.71538,-15.6368,-6.05617,12.87034,2.683488,-13.56761,7.871503,-4.114957,5.093319,7.871503,-3.216601,10.92721,7.871503,
638524921987797404,222631,-23.9878,-3.82342,19.46727,-20.82424,-16.05789,14.71538,-15.6368,-6.05617,12.87034,2.672233,-13.5107,7.838487,-4.097697,5.071956,7.838487,-3.20311,10.88138,7.838487,
638524921987907423,222642,-23.9878,-3.82342,19.46727,-20.82424,-16.05789,14.71538,-15.6368,-6.05617,12.87034,2.660783,-13.45281,7.804901,-4.080139,5.050224,7.804901,-3.189385,10.83475,7.804901,
638524921988017396,222654,-23.9878,-3.82342,19.46727,-20.82424,-16.05789,14.71538,-15.6368,-6.05617,12.87034,2.649602,-13.39628,7.772105,-4.062994,5.029004,7.772105,-3.175983,10.78923,7.772105,
638524921988127407,222665,-23.9878,-3.82342,19.46727,-20.82424,-16.05789,14.71538,-15.6368,-6.05617,12.87034,2.63815,-13.33838,7.738514,-4.045434,5.007269,7.738514,-3.162256,10.7426,7.738514,
638524921988237398,222676,-23.9878,-3.82342,19.46727,-20.82424,-16.05789,14.71538,-15.6368,-6.05617,12.87034,2.626764,-13.28081,7.705114,-4.027974,4.985658,7.705114,-3.148608,10.69623,7.705114,
638524921988347410,222687,-23.9878,-3.82342,19.46727,-20.82424,-16.05789,14.71538,-15.6368,-6.05617,12.87034,2.615571,-13.22422,7.672282,-4.01081,4.964414,7.672282,-3.135191,10.65065,7.672282,
638524921988457400,222698,-23.9878,-3.82342,19.46727,-20.82424,-16.05789,14.71538,-15.6368,-6.05617,12.87034,2.604147,-13.16646,7.638774,-3.993293,4.942732,7.638774,-3.121498,10.60414,7.638774,
638524921988577401,222709,-23.9878,-3.82342,19.46727,-20.82424,-16.05789,14.71538,-15.6368,-6.05617,12.87034,2.59272,-13.10869,7.605254,-3.97577,4.921043,7.605254,-3.1078,10.55761,7.605254,
638524921988687394,222720,-23.9878,-3.82342,19.46727,-20.82424,-16.05789,14.71538,-15.6368,-6.05617,12.87034,2.581392,-13.05141,7.572026,-3.958399,4.899542,7.572026,-3.094222,10.51148,7.572026,
638524921988797407,222731,-23.9878,-3.82342,19.46727,-20.82424,-16.05789,14.71538,-15.6368,-6.05617,12.87034,2.569907,-12.99335,7.538338,-3.940788,4.877745,7.538338,-3.080456,10.46471,7.538338,
638524921988907406,222742,-23.9878,-3.82342,19.46727,-20.82424,-16.05789,14.71538,-15.6368,-6.05617,12.87034,2.558626,-12.93631,7.505249,-3.92349,4.856334,7.505249,-3.066934,10.41878,7.505249,
638524921989017410,222753,-23.9878,-3.82342,19.46727,-20.82424,-16.05789,14.71538,-15.6368,-6.05617,12.87034,2.547363,-12.87936,7.47221,-3.906218,4.834957,7.47221,-3.053433,10.37292,7.47221,
638524921989127395,222764,-23.9878,-3.82342,19.46727,-20.82424,-16.05789,14.71538,-15.6368,-6.05617,12.87034,2.536005,-12.82194,7.438894,-3.888802,4.813399,7.438894,-3.039819,10.32667,7.438894,
638524921989237399,222776,-23.9878,-3.82342,19.46727,-20.82424,-16.05789,14.71538,-15.6368,-6.05617,12.87034,2.524736,-12.76496,7.40584,-3.871522,4.792012,7.40584,-3.026311,10.28078,7.40584,
638524921989347402,222787,-23.9878,-3.82342,19.46727,-20.82424,-16.05789,14.71538,-15.6368,-6.05617,12.87034,2.513241,-12.70684,7.372122,-3.853895,4.770195,7.372122,-3.012532,10.23397,7.372122,
638524921989457402,222798,-23.9878,-3.82342,19.46727,-20.82424,-16.05789,14.71538,-15.6368,-6.05617,12.87034,2.501955,-12.64978,7.339016,-3.836588,4.748774,7.339016,-2.999004,10.18802,7.339016,
638524921989567395,222809,-23.9878,-3.82342,19.46727,-20.82424,-16.05789,14.71538,-15.6368,-6.05617,12.87034,2.490516,-12.59194,7.305462,-3.819047,4.727062,7.305462,-2.985292,10.14144,7.305462,
638524921989687404,222820,-23.9878,-3.82342,19.46727,-20.82424,-16.05789,14.71538,-15.6368,-6.05617,12.87034,2.479156,-12.53451,7.27214,-3.801627,4.705501,7.27214,-2.971675,10.09518,7.27214,
638524921989797412,222831,-23.9878,-3.82342,19.46727,-20.82424,-16.05789,14.71538,-15.6368,-6.05617,12.87034,2.467847,-12.47733,7.238967,-3.784286,4.684037,7.238967,-2.95812,10.04913,7.238967,
638524921989907415,222842,-23.9878,-3.82342,19.46727,-20.82424,-16.05789,14.71538,-15.6368,-6.05617,12.87034,2.45638,-12.41936,7.205333,-3.766702,4.662274,7.205333,-2.944376,10.00244,7.205333,
638524921990017400,222853,-23.9878,-3.82342,19.46727,-20.82424,-16.05789,14.71538,-15.6368,-6.05617,12.87034,2.445089,-12.36227,7.172212,-3.749388,4.640843,7.172212,-2.930841,9.956461,7.172212,
638524921990127400,222864,-23.9878,-3.82342,19.46727,-20.82424,-16.05789,14.71538,-15.6368,-6.05617,12.87034,2.433618,-12.30427,7.138565,-3.731798,4.619071,7.138565,-2.917091,9.909752,7.138565,
638524921990237396,222876,-23.9878,-3.82342,19.46727,-20.82424,-16.05789,14.71538,-15.6368,-6.05617,12.87034,2.422525,-12.24819,7.106026,-3.714788,4.598018,7.106026,-2.903795,9.864582,7.106026,
638524921990347397,222887,-23.9878,-3.82342,19.46727,-20.82424,-16.05789,14.71538,-15.6368,-6.05617,12.87034,2.411042,-12.19013,7.072342,-3.697179,4.576223,7.072342,-2.89003,9.817823,7.072342,
638524921990457409,222898,-23.9878,-3.82342,19.46727,-20.82424,-16.05789,14.71538,-15.6368,-6.05617,12.87034,2.399649,-12.13252,7.038923,-3.679708,4.554599,7.038923,-2.876374,9.771431,7.038923,
638524921990567404,222909,-23.9878,-3.82342,19.46727,-20.82424,-16.05789,14.71538,-15.6368,-6.05617,12.87034,2.388316,-12.07523,7.005682,-3.662331,4.53309,7.005682,-2.86279,9.725286,7.005682,
638524921990677393,222920,-23.9878,-3.82342,19.46727,-20.82424,-16.05789,14.71538,-15.6368,-6.05617,12.87034,2.376999,-12.018,6.972484,-3.644976,4.51161,6.972484,-2.849224,9.679201,6.972484,
638524921990797405,222931,-23.9878,-3.82342,19.46727,-20.82424,-16.05789,14.71538,-15.6368,-6.05617,12.87034,2.36563,-11.96052,6.939136,-3.627542,4.490032,6.939136,-2.835596,9.632908,6.939136,
638524921990907409,222942,-23.9878,-3.82342,19.46727,-20.82424,-16.05789,14.71538,-15.6368,-6.05617,12.87034,2.354267,-11.90307,6.905803,-3.610117,4.468464,6.905803,-2.821975,9.586636,6.905803,
638524921991017404,222953,-23.9878,-3.82342,19.46727,-20.82424,-16.05789,14.71538,-15.6368,-6.05617,12.87034,2.342891,-11.84555,6.872434,-3.592673,4.446873,6.872434,-2.808339,9.540314,6.872434,
638524921991127419,222965,-23.9878,-3.82342,19.46727,-20.82424,-16.05789,14.71538,-15.6368,-6.05617,12.87034,2.331492,-11.78792,6.839,-3.575195,4.42524,6.839,-2.794677,9.493902,6.839,
638524921991237403,222976,-23.9878,-3.82342,19.46727,-20.82424,-16.05789,14.71538,-15.6368,-6.05617,12.87034,2.319813,-11.72887,6.804742,-3.557285,4.403073,6.804742,-2.780678,9.446344,6.804742,
638524921991347392,222987,-23.9878,-3.82342,19.46727,-20.82424,-16.05789,14.71538,-15.6368,-6.05617,12.87034,2.308875,-11.67357,6.772657,-3.540512,4.382312,6.772657,-2.767566,9.401804,6.772657,
638524921991457410,222998,-23.9878,-3.82342,19.46727,-20.82424,-16.05789,14.71538,-15.6368,-6.05617,12.87034,2.297526,-11.61619,6.739367,-3.523109,4.360772,6.739367,-2.753963,9.355593,6.739367,
638524921991567417,223009,-23.9878,-3.82342,19.46727,-20.82424,-16.05789,14.71538,-15.6368,-6.05617,12.87034,2.286049,-11.55816,6.705701,-3.50551,4.338989,6.705701,-2.740206,9.308859,6.705701,
638524921991677400,223020,-23.9878,-3.82342,19.46727,-20.82424,-16.05789,14.71538,-15.6368,-6.05617,12.87034,2.274739,-11.50098,6.672525,-3.488167,4.317523,6.672525,-2.726649,9.262804,6.672525,
638524921991797404,223031,-23.9878,-3.82342,19.46727,-20.82424,-16.05789,14.71538,-15.6368,-6.05617,12.87034,2.263429,-11.44379,6.63935,-3.470824,4.296057,6.63935,-2.713092,9.216751,6.63935,
638524921991907398,223042,-23.9878,-3.82342,19.46727,-20.82424,-16.05789,14.71538,-15.6368,-6.05617,12.87034,2.251761,-11.3848,6.605125,-3.452932,4.273911,6.605125,-2.699106,9.169241,6.605125,
638524921992017418,223053,-23.9878,-3.82342,19.46727,-20.82424,-16.05789,14.71538,-15.6368,-6.05617,12.87034,2.240701,-11.32888,6.572682,-3.435971,4.252919,6.572682,-2.685849,9.124205,6.572682,
638524921992127407,223064,-23.9878,-3.82342,19.46727,-20.82424,-16.05789,14.71538,-15.6368,-6.05617,12.87034,2.229055,-11.27,6.538523,-3.418114,4.230816,6.538523,-2.67189,9.076784,6.538523,
638524921992237397,223076,-23.9878,-3.82342,19.46727,-20.82424,-16.05789,14.71538,-15.6368,-6.05617,12.87034,2.217864,-11.21342,6.505695,-3.400953,4.209576,6.505695,-2.658475,9.031214,6.505695,
638524921992347404,223087,-23.9878,-3.82342,19.46727,-20.82424,-16.05789,14.71538,-15.6368,-6.05617,12.87034,2.206596,-11.15644,6.472642,-3.383674,4.188189,6.472642,-2.644969,8.985331,6.472642,
638524921992457406,223098,-23.9878,-3.82342,19.46727,-20.82424,-16.05789,14.71538,-15.6368,-6.05617,12.87034,2.19528,-11.09923,6.439448,-3.366321,4.166711,6.439448,-2.631404,8.939251,6.439448,
638524921992577406,223109,-23.9878,-3.82342,19.46727,-20.82424,-16.05789,14.71538,-15.6368,-6.05617,12.87034,2.183758,-11.04097,6.405651,-3.348653,4.144842,6.405651,-2.617593,8.892334,6.405651,
638524921992687415,223120,-23.9878,-3.82342,19.46727,-20.82424,-16.05789,14.71538,-15.6368,-6.05617,12.87034,2.172214,-10.9826,6.371789,-3.33095,4.122931,6.371789,-2.603755,8.845325,6.371789,
638524921992787398,223131,-23.9878,-3.82342,19.46727,-20.82424,-16.05789,14.71538,-15.6368,-6.05617,12.87034,2.161034,-10.92608,6.338996,-3.313807,4.101713,6.338996,-2.590354,8.799803,6.338996,
638524921992907404,223142,-23.9878,-3.82342,19.46727,-20.82424,-16.05789,14.71538,-15.6368,-6.05617,12.87034,2.14978,-10.86918,6.305984,-3.29655,4.080353,6.305984,-2.576864,8.753977,6.305984,
638524921993017410,223153,-23.9878,-3.82342,19.46727,-20.82424,-16.05789,14.71538,-15.6368,-6.05617,12.87034,2.138381,-10.81154,6.272546,-3.279069,4.058717,6.272546,-2.5632,8.707558,6.272546,
638524921993127401,223164,-23.9878,-3.82342,19.46727,-20.82424,-16.05789,14.71538,-15.6368,-6.05617,12.87034,2.127021,-10.7541,6.239223,-3.261649,4.037155,6.239223,-2.549583,8.661299,6.239223,
638524921993237425,223175,-23.9878,-3.82342,19.46727,-20.82424,-16.05789,14.71538,-15.6368,-6.05617,12.87034,2.115727,-10.697,6.206096,-3.244331,4.01572,6.206096,-2.536046,8.615313,6.206096,
638524921993347403,223187,-23.9878,-3.82342,19.46727,-20.82424,-16.05789,14.71538,-15.6368,-6.05617,12.87034,2.1044,-10.63973,6.172867,-3.22696,3.99422,6.172867,-2.522468,8.569185,6.172867,
638524921993457404,223198,-23.9878,-3.82342,19.46727,-20.82424,-16.05789,14.71538,-15.6368,-6.05617,12.87034,2.092957,-10.58187,6.139302,-3.209413,3.972502,6.139302,-2.508752,8.522591,6.139302,
638524921993577405,223209,-23.9878,-3.82342,19.46727,-20.82424,-16.05789,14.71538,-15.6368,-6.05617,12.87034,2.081631,-10.52461,6.106079,-3.192045,3.951005,6.106079,-2.495175,8.476471,6.106079,
638524921993687405,223220,-23.9878,-3.82342,19.46727,-20.82424,-16.05789,14.71538,-15.6368,-6.05617,12.87034,2.069951,-10.46556,6.071819,-3.174135,3.928837,6.071819,-2.481175,8.428911,6.071819,
638524921993797398,223231,-23.9878,-3.82342,19.46727,-20.82424,-16.05789,14.71538,-15.6368,-6.05617,12.87034,2.058785,-10.4091,6.039065,-3.157012,3.907644,6.039065,-2.467791,8.383444,6.039065,
638524921993907409,223242,-23.9878,-3.82342,19.46727,-20.82424,-16.05789,14.71538,-15.6368,-6.05617,12.87034,2.0475,-10.35204,6.005961,-3.139707,3.886224,6.005961,-2.454263,8.33749,6.005961,
638524921994017402,223253,-23.9878,-3.82342,19.46727,-20.82424,-16.05789,14.71538,-15.6368,-6.05617,12.87034,2.036151,-10.29466,5.972672,-3.122304,3.864684,5.972672,-2.440659,8.291277,5.972672,
638524921994127409,223264,-23.9878,-3.82342,19.46727,-20.82424,-16.05789,14.71538,-15.6368,-6.05617,12.87034,2.024757,-10.23705,5.93925,-3.104832,3.843058,5.93925,-2.427002,8.244881,5.93925,
638524921994237405,223275,-23.9878,-3.82342,19.46727,-20.82424,-16.05789,14.71538,-15.6368,-6.05617,12.87034,2.013471,-10.17999,5.906146,-3.087526,3.821638,5.906146,-2.413474,8.198925,5.906146,
638524921994347403,223287,-23.9878,-3.82342,19.46727,-20.82424,-16.05789,14.71538,-15.6368,-6.05617,12.87034,2.002093,-10.12246,5.87277,-3.070078,3.800043,5.87277,-2.399836,8.152594,5.87277,
638524921994457414,223298,-23.9878,-3.82342,19.46727,-20.82424,-16.05789,14.71538,-15.6368,-6.05617,12.87034,1.990607,-10.06439,5.839079,-3.052466,3.778243,5.839079,-2.386068,8.105824,5.839079,
638524921994567410,223309,-23.9878,-3.82342,19.46727,-20.82424,-16.05789,14.71538,-15.6368,-6.05617,12.87034,1.979105,-10.00624,5.805341,-3.034829,3.756413,5.805341,-2.372281,8.058989,5.805341,
638524921994677398,223320,-23.9878,-3.82342,19.46727,-20.82424,-16.05789,14.71538,-15.6368,-6.05617,12.87034,1.968073,-9.950455,5.772979,-3.017911,3.735473,5.772979,-2.359057,8.014063,5.772979,
638524921994787407,223331,-23.9878,-3.82342,19.46727,-20.82424,-16.05789,14.71538,-15.6368,-6.05617,12.87034,1.956717,-9.893038,5.739668,-3.000496,3.713919,5.739668,-2.345444,7.96782,5.739668,
638524921994897409,223342,-23.9878,-3.82342,19.46727,-20.82424,-16.05789,14.71538,-15.6368,-6.05617,12.87034,1.945288,-9.835255,5.706144,-2.982971,3.692228,5.706144,-2.331745,7.921282,5.706144,
638524921995017402,223353,-23.9878,-3.82342,19.46727,-20.82424,-16.05789,14.71538,-15.6368,-6.05617,12.87034,1.934025,-9.778311,5.673108,-2.965701,3.670852,5.673108,-2.318245,7.875421,5.673108,
638524921995127423,223364,-23.9878,-3.82342,19.46727,-20.82424,-16.05789,14.71538,-15.6368,-6.05617,12.87034,1.922581,-9.720448,5.639538,-2.948151,3.64913,5.639538,-2.304527,7.828819,5.639538,
638524921995237400,223375,-23.9878,-3.82342,19.46727,-20.82424,-16.05789,14.71538,-15.6368,-6.05617,12.87034,1.911275,-9.663284,5.606374,-2.930815,3.627672,5.606374,-2.290975,7.782781,5.606374,
638524921995347395,223386,-23.9878,-3.82342,19.46727,-20.82424,-16.05789,14.71538,-15.6368,-6.05617,12.87034,1.899845,-9.605495,5.572848,-2.913288,3.605978,5.572848,-2.277275,7.73624,5.572848,
638524921995457399,223398,-23.9878,-3.82342,19.46727,-20.82424,-16.05789,14.71538,-15.6368,-6.05617,12.87034,1.888549,-9.548384,5.539714,-2.895967,3.584539,5.539714,-2.263735,7.690244,5.539714,
638524921995567396,223409,-23.9878,-3.82342,19.46727,-20.82424,-16.05789,14.71538,-15.6368,-6.05617,12.87034,1.877028,-9.490129,5.505918,-2.878299,3.562671,5.505918,-2.249924,7.643327,5.505918,
638524921995677395,223420,-23.9878,-3.82342,19.46727,-20.82424,-16.05789,14.71538,-15.6368,-6.05617,12.87034,1.865759,-9.433155,5.472863,-2.861019,3.541283,5.472863,-2.236417,7.597441,5.472863,
638524921995787402,223431,-23.9878,-3.82342,19.46727,-20.82424,-16.05789,14.71538,-15.6368,-6.05617,12.87034,1.854504,-9.376247,5.439848,-2.84376,3.519921,5.439848,-2.222925,7.551609,5.439848,
638524921995907404,223442,-23.9878,-3.82342,19.46727,-20.82424,-16.05789,14.71538,-15.6368,-6.05617,12.87034,1.843061,-9.318396,5.406284,-2.826213,3.498204,5.406284,-2.20921,7.505016,5.406284,
638524921996017395,223453,-23.9878,-3.82342,19.46727,-20.82424,-16.05789,14.71538,-15.6368,-6.05617,12.87034,1.831727,-9.261087,5.373036,-2.808832,3.476691,5.373036,-2.195623,7.458862,5.373036,
638524921996127408,223464,-23.9878,-3.82342,19.46727,-20.82424,-16.05789,14.71538,-15.6368,-6.05617,12.87034,1.82022,-9.202911,5.339284,-2.791188,3.454852,5.339284,-2.181831,7.412008,5.339284,
638524921996237401,223475,-23.9878,-3.82342,19.46727,-20.82424,-16.05789,14.71538,-15.6368,-6.05617,12.87034,1.809044,-9.146402,5.3065,-2.774049,3.433638,5.3065,-2.168434,7.366497,5.3065,
638524921996347394,223486,-23.9878,-3.82342,19.46727,-20.82424,-16.05789,14.71538,-15.6368,-6.05617,12.87034,1.797644,-9.088764,5.27306,-2.756568,3.412001,5.27306,-2.154769,7.320076,5.27306,
638524921996457398,223497,-23.9878,-3.82342,19.46727,-20.82424,-16.05789,14.71538,-15.6368,-6.05617,12.87034,1.786348,-9.031652,5.239926,-2.739247,3.390562,5.239926,-2.141229,7.274079,5.239926,
638524921996567414,223509,-23.9878,-3.82342,19.46727,-20.82424,-16.05789,14.71538,-15.6368,-6.05617,12.87034,1.775002,-8.974285,5.206644,-2.721848,3.369027,5.206644,-2.127628,7.227876,5.206644,
638524921996677412,223520,-23.9878,-3.82342,19.46727,-20.82424,-16.05789,14.71538,-15.6368,-6.05617,12.87034,1.763614,-8.916708,5.173241,-2.704385,3.347413,5.173241,-2.113978,7.181505,5.173241,
638524921996787405,223531,-23.9878,-3.82342,19.46727,-20.82424,-16.05789,14.71538,-15.6368,-6.05617,12.87034,1.752113,-8.858561,5.139506,-2.68675,3.325585,5.139506,-2.100193,7.134675,5.139506,
638524921996897396,223542,-23.9878,-3.82342,19.46727,-20.82424,-16.05789,14.71538,-15.6368,-6.05617,12.87034,1.740926,-8.801997,5.10669,-2.669595,3.304352,5.10669,-2.086783,7.089119,5.10669,
638524921997017399,223553,-23.9878,-3.82342,19.46727,-20.82424,-16.05789,14.71538,-15.6368,-6.05617,12.87034,1.729478,-8.744118,5.073111,-2.65204,3.282624,5.073111,-2.073061,7.042504,5.073111,
638524921997127399,223564,-23.9878,-3.82342,19.46727,-20.82424,-16.05789,14.71538,-15.6368,-6.05617,12.87034,1.718058,-8.686378,5.039612,-2.634528,3.260949,5.039612,-2.059372,6.996001,5.039612,
638524921997237399,223575,-23.9878,-3.82342,19.46727,-20.82424,-16.05789,14.71538,-15.6368,-6.05617,12.87034,1.706822,-8.629573,5.006656,-2.6173,3.239625,5.006656,-2.045905,6.950252,5.006656,
