time(100ns),time_stamp(ms),object1.x,object1.y,object1.z,object2.x,object2.y,object2.z,object3.x,object3.y,object3.z,
638520715263979725,198259,-9.769748,1.768799,20,10.17334,-16.47671,20,-12.35118,-1.241604,20,
638520715264029732,198264,-9.746523,1.764594,19.95246,10.14915,-16.43754,19.95246,-12.32182,-1.238652,19.95246,
638520715264119726,198273,-9.737367,1.762936,19.93371,10.13962,-16.4221,19.93371,-12.31025,-1.237489,19.93371,
638520715264229721,198284,-9.725801,1.760843,19.91004,10.12758,-16.40259,19.91004,-12.29562,-1.236019,19.91004,
638520715264339727,198295,-9.709551,1.7579,19.87677,10.11065,-16.37519,19.87677,-12.27508,-1.233954,19.87677,
638520715264449723,198306,-9.693157,1.754932,19.84321,10.09358,-16.34754,19.84321,-12.25436,-1.23187,19.84321,
638520715264559729,198317,-9.677162,1.752036,19.81046,10.07693,-16.32056,19.81046,-12.23413,-1.229838,19.81046,
638520715264669739,198328,-9.661027,1.749115,19.77743,10.06013,-16.29335,19.77743,-12.21374,-1.227787,19.77743,
638520715264779729,198339,-9.644656,1.746151,19.74392,10.04308,-16.26574,19.74392,-12.19304,-1.225707,19.74392,
638520715264889723,198350,-9.628261,1.743183,19.71036,10.02601,-16.23809,19.71036,-12.17231,-1.223623,19.71036,
638520715265009743,198362,-9.61202,1.740243,19.67711,10.00909,-16.2107,19.67711,-12.15178,-1.221559,19.67711,
638520715265109723,198372,-9.595451,1.737243,19.64319,9.991841,-16.18275,19.64319,-12.13083,-1.219453,19.64319,
638520715265229722,198384,-9.579486,1.734353,19.61051,9.975217,-16.15583,19.61051,-12.11065,-1.217425,19.61051,
638520715265339735,198395,-9.563006,1.731369,19.57677,9.958056,-16.12804,19.57677,-12.08982,-1.21533,19.57677,
638520715265459733,198407,-9.546763,1.728428,19.54352,9.941143,-16.10064,19.54352,-12.06928,-1.213266,19.54352,
638520715265569731,198418,-9.528054,1.725041,19.50522,9.92166,-16.06909,19.50522,-12.04563,-1.210888,19.50522,
638520715265669745,198428,-9.512588,1.722241,19.47356,9.905555,-16.043,19.47356,-12.02608,-1.208923,19.47356,
638520715265779725,198439,-9.498551,1.7197,19.44483,9.890939,-16.01933,19.44483,-12.00833,-1.207139,19.44483,
638520715265889724,198450,-9.48197,1.716698,19.41088,9.873672,-15.99137,19.41088,-11.98737,-1.205032,19.41088,
638520715265999735,198461,-9.465349,1.713688,19.37686,9.856365,-15.96334,19.37686,-11.96636,-1.202919,19.37686,
638520715266109734,198472,-9.449478,1.710815,19.34437,9.839839,-15.93657,19.34437,-11.94629,-1.200902,19.34437,
638520715266229729,198484,-9.433018,1.707835,19.31067,9.822699,-15.90881,19.31067,-11.92548,-1.19881,19.31067,
638520715266339737,198495,-9.416473,1.70484,19.27681,9.805471,-15.88091,19.27681,-11.90457,-1.196708,19.27681,
638520715266449726,198506,-9.400352,1.701921,19.2438,9.788684,-15.85373,19.2438,-11.88419,-1.194659,19.2438,
638520715266559727,198517,-9.384205,1.698997,19.21075,9.771869,-15.82649,19.21075,-11.86377,-1.192607,19.21075,
638520715266669722,198528,-9.367535,1.695979,19.17662,9.754509,-15.79838,19.17662,-11.8427,-1.190488,19.17662,
638520715266779734,198539,-9.351317,1.693043,19.14342,9.737621,-15.77103,19.14342,-11.8222,-1.188427,19.14342,
638520715266889725,198550,-9.335676,1.690211,19.1114,9.721334,-15.74465,19.1114,-11.80242,-1.186439,19.1114,
638520715266999725,198561,-9.318518,1.687105,19.07628,9.703467,-15.71571,19.07628,-11.78073,-1.184259,19.07628,
638520715267119737,198573,-9.302849,1.684268,19.0442,9.687152,-15.68929,19.0442,-11.76092,-1.182268,19.0442,
638520715267219724,198583,-9.28616,1.681247,19.01003,9.669773,-15.66114,19.01003,-11.73982,-1.180146,19.01003,
638520715267339734,198595,-9.270419,1.678397,18.97781,9.653382,-15.63459,18.97781,-11.71992,-1.178146,18.97781,
638520715267449730,198606,-9.253918,1.675409,18.94403,9.636199,-15.60676,18.94403,-11.69906,-1.176049,18.94403,
638520715267559752,198617,-9.237788,1.672489,18.91101,9.619403,-15.57956,18.91101,-11.67867,-1.173999,18.91101,
638520715267669740,198628,-9.221343,1.669512,18.87735,9.602279,-15.55182,18.87735,-11.65788,-1.171909,18.87735,
638520715267779741,198639,-9.204199,1.666408,18.84225,9.584426,-15.52291,18.84225,-11.6362,-1.16973,18.84225,
638520715267899729,198651,-9.188027,1.66348,18.80914,9.567587,-15.49563,18.80914,-11.61576,-1.167675,18.80914,
638520715268009720,198662,-9.171692,1.660522,18.7757,9.550577,-15.46808,18.7757,-11.59511,-1.165599,18.7757,
638520715268119730,198673,-9.15518,1.657533,18.7419,9.533383,-15.44024,18.7419,-11.57423,-1.163501,18.7419,
638520715268239748,198685,-9.138674,1.654545,18.70811,9.516195,-15.4124,18.70811,-11.55336,-1.161403,18.70811,
638520715268349738,198696,-9.121984,1.651523,18.67395,9.498816,-15.38425,18.67395,-11.53226,-1.159282,18.67395,
638520715268459728,198707,-9.105421,1.648524,18.64004,9.481569,-15.35632,18.64004,-11.51132,-1.157177,18.64004,
638520715268579719,198719,-9.088612,1.645481,18.60563,9.464066,-15.32797,18.60563,-11.49007,-1.155041,18.60563,
638520715268689743,198730,-9.071525,1.642387,18.57065,9.446273,-15.29915,18.57065,-11.46847,-1.152869,18.57065,
638520715268809727,198742,-9.055589,1.639502,18.53802,9.429679,-15.27228,18.53802,-11.44833,-1.150844,18.53802,
638520715268919741,198753,-9.03824,1.636361,18.50251,9.411614,-15.24302,18.50251,-11.42639,-1.148639,18.50251,
638520715269029727,198764,-9.022195,1.633456,18.46967,9.394906,-15.21596,18.46967,-11.40611,-1.1466,18.46967,
638520715269139734,198775,-9.006029,1.63053,18.43657,9.378073,-15.18869,18.43657,-11.38567,-1.144546,18.43657,
638520715269249748,198786,-8.989744,1.627581,18.40323,9.361115,-15.16123,18.40323,-11.36508,-1.142476,18.40323,
638520715269369737,198798,-8.972861,1.624525,18.36867,9.343534,-15.13276,18.36867,-11.34374,-1.140331,18.36867,
638520715269479723,198809,-8.956187,1.621506,18.33454,9.326172,-15.10463,18.33454,-11.32266,-1.138211,18.33454,
638520715269589749,198820,-8.939831,1.618544,18.30106,9.309139,-15.07705,18.30106,-11.30198,-1.136133,18.30106,
638520715269699746,198831,9.419649,-4.543818,20,9.29226,-15.04971,18.26787,-11.28149,-1.134073,18.26787,
638520715269809738,198842,9.403688,-4.536119,19.96611,9.275023,-15.02179,18.23398,-11.26056,-1.131969,18.23398,
638520715269929745,198854,9.388072,-4.528587,19.93296,9.258157,-14.99448,18.20083,-11.24008,-1.129911,18.20083,
638520715270039737,198865,9.372167,-4.520915,19.89919,9.240979,-14.96666,18.16706,-11.21923,-1.127814,18.16706,
638520715270149737,198876,9.356048,-4.513139,19.86496,9.22357,-14.93846,18.13283,-11.19809,-1.12569,18.13283,
638520715270259733,198887,9.340888,-4.505826,19.83277,9.207197,-14.91194,18.10064,-11.17822,-1.123691,18.10064,
638520715270369732,198898,9.325144,-4.498232,19.79934,9.190194,-14.88441,18.06721,-11.15757,-1.121616,18.06721,
638520715270479732,198909,9.309649,-4.490758,19.76645,9.17346,-14.8573,18.03432,-11.13726,-1.119574,18.03432,
638520715270589736,198920,9.29417,-4.483291,19.73358,9.156742,-14.83023,18.00145,-11.11696,-1.117534,18.00145,
638520715270699737,198931,9.278368,-4.475668,19.70003,9.139675,-14.80259,17.9679,-11.09624,-1.115451,17.9679,
638520715270809725,198942,9.262564,-4.468045,19.66647,9.122606,-14.77494,17.93434,-11.07552,-1.113367,17.93434,
638520715270919739,198953,9.246713,-4.460398,19.63282,9.105487,-14.74721,17.90069,-11.05473,-1.111278,17.90069,
638520715271039726,198965,9.231309,-4.452968,19.60011,9.088851,-14.72027,17.86798,-11.03454,-1.109248,17.86798,
638520715271139725,198975,9.214841,-4.445024,19.56515,9.071066,-14.69147,17.83302,-11.01294,-1.107077,17.83302,
638520715271259731,198987,9.200327,-4.438024,19.53433,9.055391,-14.66608,17.8022,-10.99391,-1.105164,17.8022,
638520715271369727,198998,9.184048,-4.430171,19.49977,9.037809,-14.6376,17.76764,-10.97257,-1.103018,17.76764,
638520715271479732,199009,9.168083,-4.42247,19.46587,9.020568,-14.60968,17.73374,-10.95163,-1.100914,17.73374,
638520715271589739,199020,9.153119,-4.415251,19.4341,9.004406,-14.5835,17.70197,-10.93201,-1.098942,17.70197,
638520715271699728,199031,9.137256,-4.407599,19.40042,8.987273,-14.55575,17.66829,-10.91121,-1.096851,17.66829,
638520715271809734,199042,9.120955,-4.399736,19.36581,8.969669,-14.52724,17.63368,-10.88984,-1.094702,17.63368,
638520715271919732,199053,9.106057,-4.39255,19.33417,8.953579,-14.50118,17.60205,-10.8703,-1.092738,17.60205,
638520715272029728,199064,9.09016,-4.384881,19.30042,8.93641,-14.47338,17.56829,-10.84946,-1.090643,17.56829,
638520715272139719,199075,9.074404,-4.377281,19.26697,8.919393,-14.44581,17.53484,-10.8288,-1.088566,17.53484,
638520715272259744,199087,9.058799,-4.369753,19.23383,8.902538,-14.41852,17.5017,-10.80834,-1.086509,17.5017,
638520715272359719,199097,9.042335,-4.361811,19.19888,8.884757,-14.38972,17.46675,-10.78675,-1.084339,17.46675,
638520715272479743,199109,9.027405,-4.354609,19.16718,8.868633,-14.3636,17.43505,-10.76717,-1.082371,17.43505,
638520715272589733,199120,9.011855,-4.347108,19.13416,8.851839,-14.3364,17.40203,-10.74678,-1.080321,17.40203,
638520715272699733,199131,8.996097,-4.339507,19.1007,8.83482,-14.30884,17.36857,-10.72612,-1.078244,17.36857,
638520715272809736,199142,8.980405,-4.331937,19.06739,8.817873,-14.28139,17.33526,-10.70555,-1.076176,17.33526,
638520715272919729,199153,8.964843,-4.32443,19.03434,8.801065,-14.25417,17.30222,-10.68514,-1.074125,17.30222,
638520715273029727,199164,8.949028,-4.316802,19.00077,8.783985,-14.22651,17.26864,-10.6644,-1.07204,17.26864,
638520715273139723,199175,8.933045,-4.309093,18.96683,8.766724,-14.19855,17.2347,-10.64345,-1.069933,17.2347,
638520715273249733,199186,8.917575,-4.30163,18.93398,8.750015,-14.17149,17.20186,-10.62316,-1.067894,17.20186,
638520715273369733,199198,8.90188,-4.294059,18.90066,8.733065,-14.14404,17.16853,-10.60258,-1.065825,17.16853,
638520715273479724,199209,8.885692,-4.286251,18.86629,8.715581,-14.11572,17.13416,-10.58136,-1.063692,17.13416,
638520715273589733,199220,8.870333,-4.278842,18.83368,8.698994,-14.08886,17.10155,-10.56122,-1.061667,17.10155,
638520715273699727,199231,8.854945,-4.27142,18.80101,8.682375,-14.06194,17.06888,-10.54104,-1.059639,17.06888,
638520715273809747,199242,8.839003,-4.263729,18.76716,8.665156,-14.03405,17.03503,-10.52014,-1.057538,17.03503,
638520715273919736,199253,8.823147,-4.256081,18.7335,8.648032,-14.00632,17.00137,-10.49935,-1.055448,17.00137,
638520715274029733,199264,8.807753,-4.248655,18.70081,8.631407,-13.97939,16.96868,-10.47916,-1.053419,16.96868,
638520715274139732,199275,8.792036,-4.241074,18.66744,8.614433,-13.9519,16.93531,-10.45856,-1.051347,16.93531,
638520715274249743,199286,8.776282,-4.233474,18.63399,8.597419,-13.92435,16.90187,-10.4379,-1.049271,16.90187,
638520715274369734,199298,8.760633,-4.225926,18.60077,8.580518,-13.89697,16.86864,-10.41738,-1.047208,16.86864,
638520715274469724,199308,8.744696,-4.218238,18.56693,8.563304,-13.8691,16.8348,-10.39648,-1.045107,16.8348,
638520715274589740,199320,8.729485,-4.2109,18.53463,8.546875,-13.84249,16.8025,-10.37654,-1.043102,16.8025,
638520715274699736,199331,8.713415,-4.203149,18.50051,8.52952,-13.81438,16.76838,-10.35547,-1.040984,16.76838,
638520715274809721,199342,8.69775,-4.195592,18.46725,8.512602,-13.78698,16.73512,-10.33493,-1.038919,16.73512,
638520715274919726,199353,8.682198,-4.18809,18.43423,8.495805,-13.75978,16.7021,-10.31453,-1.03687,16.7021,
638520715275029722,199364,8.666312,-4.180428,18.4005,8.478648,-13.73199,16.66837,-11.64772,-16.86232,20,
638520715275139730,199375,8.650666,-4.172881,18.36728,8.461751,-13.70462,16.63515,-11.62837,-16.83431,19.96678,
638520715275259732,199387,8.635104,-4.165374,18.33424,8.444944,-13.6774,16.60211,-11.60913,-16.80645,19.93374,
638520715275369727,199398,8.619112,-4.15766,18.30028,8.427672,-13.64943,16.56816,-11.58935,-16.77782,19.89978,
638520715275479738,199409,8.603321,-4.150043,18.26676,8.410618,-13.62181,16.53463,-11.56983,-16.74956,19.86626,
638520715275589727,199420,8.588013,-4.142658,18.23425,8.394084,-13.59503,16.50212,-11.5509,-16.72215,19.83375,
638520715275699725,199431,8.572392,-4.135123,18.20109,8.377213,-13.5677,16.46896,-11.53158,-16.69419,19.80059,
638520715275809722,199442,8.55588,-4.127158,18.16603,8.35938,-13.53882,16.4339,-11.51116,-16.66463,19.76553,
638520715275919735,199453,8.540976,-4.119969,18.13438,8.343284,-13.51275,16.40226,-11.49273,-16.63795,19.73388,
638520715276039738,199465,8.52528,-4.112398,18.10106,8.326332,-13.4853,16.36893,-11.47333,-16.60985,19.70056,
638520715276139742,199475,8.508845,-4.10447,18.06617,8.308582,-13.45655,16.33404,-11.453,-16.58043,19.66567,
638520715276249736,199486,8.494077,-4.097346,18.03481,8.292632,-13.43072,16.30268,-11.43474,-16.554,19.63431,
638520715276359734,199497,8.478054,-4.089617,18.00079,8.275327,-13.40269,16.26866,-11.41493,-16.52531,19.60029,
638520715276479722,199509,8.462349,-4.082041,17.96744,8.258365,-13.37522,16.23531,-11.39551,-16.4972,19.56694,
638520715276589741,199520,8.446325,-4.074312,17.93342,8.241059,-13.34719,16.20129,-11.3757,-16.46852,19.53292,
638520715276699726,199531,8.431142,-4.066988,17.90118,8.224661,-13.32063,16.16905,-11.35692,-16.44134,19.50068,
638520715276799717,199541,8.415016,-4.059209,17.86694,8.207245,-13.29243,16.13482,-11.33698,-16.41247,19.46644,
638520715276919723,199553,8.400152,-4.052039,17.83538,8.191192,-13.26643,16.10325,-11.3186,-16.38586,19.43488,
638520715277029734,199564,8.383898,-4.044198,17.80087,8.173636,-13.23799,16.06874,-11.2985,-16.35676,19.40037,
638520715277139729,199575,8.368234,-4.036642,17.76761,8.156719,-13.21059,16.03548,-11.27913,-16.32872,19.36711,
638520715277259729,199587,8.352898,-4.029244,17.73505,8.140157,-13.18377,16.00292,-11.26017,-16.30127,19.33455,
638520715277359734,199597,8.335793,-4.020993,17.69873,8.121683,-13.15385,15.9666,-11.23902,-16.27065,19.29823,
638520715277469730,199608,8.321165,-4.013937,17.66768,8.105886,-13.12826,15.93555,-11.22093,-16.24446,19.26718,
638520715277589730,199620,8.305539,-4.0064,17.6345,8.089009,-13.10093,15.90237,-11.20161,-16.21649,19.234,
638520715277699745,199631,8.289861,-3.998837,17.60121,8.072077,-13.0735,15.86908,-11.18222,-16.18842,19.20071,
638520715277799724,199641,8.273466,-3.990928,17.5664,8.05437,-13.04483,15.83427,-11.16195,-16.15907,19.1659,
638520715277919734,199653,8.258807,-3.983857,17.53527,8.038538,-13.01919,15.80314,-11.14382,-16.13283,19.13478,
638520715278029741,199664,8.242743,-3.976108,17.50117,8.021189,-12.99109,15.76904,-11.12396,-16.10407,19.10067,
638520715278139731,199675,8.226587,-3.968314,17.46686,8.00374,-12.96283,15.73473,-11.10398,-16.07515,19.06636,
638520715278259732,199687,8.211468,-3.961021,17.43476,7.987411,-12.93638,15.70263,-11.08528,-16.04809,19.03426,
638520715278369733,199698,8.195246,-3.953196,17.40032,7.969892,-12.90801,15.66819,-11.06522,-16.01905,18.99982,
638520715278469729,199708,8.179242,-3.945477,17.36634,7.952608,-12.88001,15.63421,-11.04544,-15.9904,18.96584,
638520715278589733,199720,8.164153,-3.938198,17.3343,7.936311,-12.85362,15.60217,-11.02678,-15.96339,18.9338,
638520715278699732,199731,8.148526,-3.93066,17.30112,7.919433,-12.82628,15.56899,-11.00745,-15.93541,18.90062,
638520715278809730,199742,8.132845,-3.923096,17.26783,7.902498,-12.79885,15.5357,-10.98806,-15.90734,18.86733,
638520715278919728,199753,8.117233,-3.915565,17.23468,7.885637,-12.77155,15.50255,-10.96876,-15.8794,18.83418,
638520715279039729,199765,8.101764,-3.908103,17.20184,7.868929,-12.74449,15.46971,-10.94963,-15.8517,18.80134,
638520715279139726,199775,8.084903,-3.89997,17.16604,7.850719,-12.715,15.43391,-10.92878,-15.82152,18.76554,
638520715279249750,199786,8.070341,-3.892945,17.13512,7.834992,-12.68952,15.40299,-10.91078,-15.79545,18.73462,
638520715279359728,199797,8.054155,-3.885138,17.10075,7.817511,-12.66121,15.36862,-10.89076,-15.76648,18.70025,
638520715279469725,199808,8.038623,-3.877645,17.06777,7.800736,-12.63404,15.33564,-10.87155,-15.73867,18.66727,
638520715279579743,199819,8.023152,-3.870183,17.03493,7.784027,-12.60698,15.3028,-10.85242,-15.71098,18.63443,
638520715279699733,199831,8.007474,-3.86262,17.00164,7.767094,-12.57956,15.26951,-10.83304,-15.68291,18.60114,
638520715279809728,199842,7.990889,-3.85462,16.96642,7.749182,-12.55055,15.23429,-10.81253,-15.65322,18.56592,
638520715279919730,199853,7.976034,-3.847454,16.93488,7.733138,-12.52456,15.20275,-10.79416,-15.62663,18.53438,
638520715280039727,199865,7.96019,-3.839811,16.90124,7.716026,-12.49685,15.16911,-10.77457,-15.59827,18.50074,
638520715280139723,199875,7.94367,-3.831842,16.86617,7.698185,-12.46795,15.13404,-10.75414,-15.5687,18.46567,
638520715280259741,199887,7.92932,-3.824921,16.8357,7.682687,-12.44285,15.10357,-10.7364,-15.54301,18.4352,
638520715280369733,199898,7.912289,-3.816705,16.79954,7.664293,-12.41306,15.06741,-10.71534,-15.51252,18.39904,
638520715280469731,199908,7.896964,-3.809313,16.767,7.647741,-12.38625,15.03487,-10.69639,-15.48509,18.3665,
638520715280579733,199919,7.881966,-3.802078,16.73516,7.631543,-12.36002,15.00303,-10.67784,-15.45824,18.33466,
638520715280699742,199931,7.866081,-3.794416,16.70143,7.614388,-12.33223,14.9693,-10.6582,-15.4298,18.30093,
638520715280799722,199941,7.850141,-3.786727,16.66759,7.597172,-12.30435,14.93545,-10.63849,-15.40127,18.26709,
638520715280919741,199953,7.83494,-3.779394,16.63531,7.580754,-12.27776,14.90318,-10.61969,-15.37406,18.23481,
638520715281029737,199964,7.819175,-3.77179,16.60184,7.563728,-12.25019,14.86971,-10.6002,-15.34583,18.20134,
638520715281139725,199975,7.802901,-3.763939,16.56729,7.546151,-12.22172,14.83515,-10.58007,-15.3167,18.16679,
638520715281249734,199986,7.788033,-3.756767,16.53572,7.530094,-12.19571,14.80359,-10.56169,-15.29009,18.13522,
638520715281359734,199997,7.771508,-3.748796,16.50063,7.512246,-12.16681,14.7685,-10.54126,-15.2605,18.10013,
638520715281469720,200008,7.756286,-3.741454,16.46831,7.495807,-12.14018,14.73618,-10.52243,-15.23326,18.06781,
638520715281589733,200020,7.740765,-3.733967,16.43536,7.479043,-12.11303,14.70323,-10.50324,-15.20547,18.03486,
638520715281699739,200031,7.724555,-3.726148,16.40094,7.461538,-12.08468,14.66881,-10.4832,-15.17646,18.00044,
638520715281799725,200041,7.709035,-3.718661,16.36799,7.444775,-12.05753,14.63586,-10.46401,-15.14867,17.96749,
638520715281909738,200052,7.693638,-3.711234,16.3353,7.428146,-12.0306,14.60317,-10.44497,-15.12111,17.9348,
638520715282029728,200064,7.678106,-3.703742,16.30232,7.411371,-12.00343,14.57019,-10.42576,-15.09331,17.90182,
638520715282139726,200075,7.661839,-3.695895,16.26778,7.393803,-11.97498,14.53565,-10.40565,-15.06419,17.86728,
638520715282249741,200086,7.646559,-3.688524,16.23534,7.3773,-11.94825,14.50321,-10.38675,-15.03683,17.83484,
638520715282369725,200098,7.630896,-3.680968,16.20208,7.360383,-11.92085,14.46995,-10.36738,-15.00879,17.80158,
638520715282469729,200108,7.614189,-3.672909,16.16661,7.342339,-11.89163,14.43448,-10.34673,-14.97888,17.76611,
638520715282579731,200119,7.599476,-3.665812,16.13537,7.326448,-11.86589,14.40324,-10.32853,-14.95255,17.73487,
638520715282689735,200131,7.583539,-3.658125,16.10153,7.309237,-11.83801,14.3694,-10.30883,-14.92402,17.70103,
638520715282799723,200141,7.567811,-3.650538,16.06814,7.29225,-11.8105,14.33601,-10.28938,-14.89586,17.66764,
638520715282919747,200153,7.55245,-3.643128,16.03552,7.27566,-11.78363,14.30339,-10.27038,-14.86836,17.63502,
638520715283029735,200164,7.536627,-3.635496,16.00193,7.258571,-11.75595,14.2698,-10.25082,-14.84004,17.60143,
638520715283139733,200175,7.520398,-3.627668,15.96747,7.241044,-11.72757,14.23534,-10.23075,-14.81099,17.56697,
638520715283249738,200186,7.505434,-3.620449,15.9357,7.224882,-11.70139,14.20356,-10.21225,-14.7842,17.5352,
638520715283359730,200197,7.488873,-3.612461,15.90053,7.206996,-11.67242,14.1684,-10.19177,-14.75455,17.50004,
638520715283469730,200208,7.473923,-3.605249,15.86879,7.19085,-11.64627,14.13666,-10.17328,-14.72779,17.46829,
638520715283579730,200219,7.458279,-3.597703,15.83558,7.173954,-11.61891,14.10345,-10.15394,-14.69979,17.43508,
638520715283699733,200231,7.442393,-3.59004,15.80185,7.156797,-11.59112,14.06972,-10.1343,-14.67135,17.40135,
638520715283809723,200242,7.426555,-3.5824,15.76822,7.139692,-11.56342,14.03609,-10.11471,-14.643,17.36772,
638520715283919723,200253,7.410686,-3.574745,15.73452,7.122552,-11.53566,14.00239,-10.09509,-14.61459,17.33403,
638520715284029725,200264,7.395293,-3.56732,15.70184,7.105928,-11.50874,13.96971,-10.07605,-14.58704,17.30134,
638520715284139724,200275,7.379513,-3.559708,15.66834,7.088885,-11.48113,13.93621,-10.05654,-14.55879,17.26784,
638520715284249736,200286,7.363894,-3.552174,15.63518,7.072017,-11.45381,13.90304,-10.03723,-14.53083,17.23468,
638520715284359726,200297,7.348122,-3.544566,15.60169,7.054983,-11.42623,13.86956,-10.01773,-14.50259,17.20119,
638520715284469732,200308,7.33229,-3.536929,15.56807,7.037884,-11.39853,13.83594,-9.998149,-14.47425,17.16757,
638520715284579746,200319,7.317119,-3.529611,15.53586,7.021499,-11.37199,13.80373,-9.979389,-14.44709,17.13536,
638520715284689728,200330,7.301216,-3.521939,15.5021,7.004323,-11.34418,13.76996,-9.959724,-14.41862,17.1016,
638520715284799730,200341,7.285463,-3.51434,15.46865,6.98731,-11.31662,13.73652,-9.940246,-14.39043,17.06815,
638520715284919733,200353,7.269913,-3.506839,15.43563,6.970515,-11.28942,13.7035,-9.921017,-14.36259,17.03513,
638520715285029729,200364,7.253979,-3.499153,15.4018,6.953307,-11.26155,13.66967,-9.901315,-14.33407,17.0013,
638520715285129740,200375,7.238117,-3.491501,15.36812,6.936176,-11.23381,13.63599,-9.881701,-14.30567,16.96762,
638520715285249734,200386,7.223046,-3.484231,15.33612,6.919899,-11.20744,13.60399,-9.863065,-14.27869,16.93563,
638520715285359731,200397,7.206647,-3.476321,15.3013,6.902188,-11.17876,13.56917,-9.842787,-14.24934,16.90081,
638520715285469731,200408,7.191304,-3.46892,15.26873,6.885616,-11.15192,13.5366,-9.823813,-14.22187,16.86823,
638520715285579731,200419,7.175904,-3.461491,15.23603,6.868985,-11.12498,13.5039,-9.804771,-14.1943,16.83553,
638520715285689724,200430,7.159695,-3.453672,15.20161,6.851479,-11.09663,13.46948,-9.784729,-14.16529,16.80112,
638520715285799725,200441,7.144097,-3.446148,15.1685,6.834633,-11.06935,13.43637,-9.765442,-14.13736,16.768,
638520715285909726,200452,7.128608,-3.438677,15.13561,6.817905,-11.04226,13.40348,-9.74629,-14.10964,16.73512,
638520715286029732,200464,7.113057,-3.431175,15.10259,6.801109,-11.01505,13.37046,-9.72706,-14.0818,16.7021,
638520715286139726,200475,7.097202,-3.423527,15.06893,6.783985,-10.98732,13.3368,-9.707455,-14.05342,16.66843,
638520715286249735,200486,7.081753,-3.416075,15.03613,6.767301,-10.9603,13.304,-9.688352,-14.02576,16.63563,
638520715286359738,200497,7.065001,-3.407994,15.00056,6.749208,-10.931,13.26843,-9.667638,-13.99577,16.60007,
638520715286469735,200508,7.049776,-3.40065,14.96823,6.732765,-10.90436,13.2361,-9.648811,-13.96852,16.56774,
638520715286579731,200519,7.034633,-3.393345,14.93608,6.71641,-10.87788,13.20395,-9.630086,-13.94141,16.53559,
638520715286689727,200530,7.018927,-3.385769,14.90273,6.699448,-10.8504,13.1706,-9.610665,-13.9133,16.50224,
638520715286799720,200541,7.002846,-3.378012,14.86859,6.68208,-10.82228,13.13646,-9.590781,-13.88451,16.4681,
638520715286909740,200552,6.987533,-3.370625,14.83608,6.665542,-10.79549,13.10395,-9.571846,-13.8571,16.43558,
638520715287029728,200564,6.971849,-3.36306,14.80278,6.648603,-10.76806,13.07064,-9.552452,-13.82902,16.40228,
638520715287139727,200575,6.955855,-3.355345,14.76882,6.63133,-10.74008,13.03669,-9.532676,-13.80039,16.36832,
638520715287249725,200586,6.940411,-3.347895,14.73603,6.614649,-10.71306,13.00389,-9.513577,-13.77274,16.33553,
638520715287369747,200598,6.924145,-3.340049,14.70149,6.597082,-10.68461,12.96936,-9.493464,-13.74362,16.301,
638520715287469725,200608,6.907331,-3.331937,14.66579,6.578922,-10.6552,12.93366,-9.472672,-13.71352,16.2653,
638520715287579732,200619,6.89348,-3.325256,14.63638,6.563963,-10.63097,12.90425,-9.455545,-13.68873,16.23589,
638520715287689732,200630,6.877643,-3.317617,14.60275,6.546859,-10.60327,12.87062,-9.435963,-13.66038,16.20226,
638520715287799736,200641,6.861807,-3.309978,14.56913,6.529756,-10.57557,12.837,-9.416382,-13.63203,16.16864,
638520715287909727,200652,6.846156,-3.302428,14.5359,6.512852,-10.54819,12.80377,-9.397028,-13.60401,16.13541,
638520715288029729,200664,6.830464,-3.294858,14.50258,6.495904,-10.52074,12.77045,-9.377625,-13.57592,16.10209,
638520715288139737,200675,6.814651,-3.287231,14.46901,6.478827,-10.49309,12.73688,-9.358072,-13.54762,16.06852,
638520715288249731,200686,6.799228,-3.279791,14.43626,6.462169,-10.46611,12.70413,-9.339001,-13.52001,16.03577,
638520715288359731,200697,6.783314,-3.272115,14.40247,6.444982,-10.43827,12.67034,-9.319323,-13.49152,16.00198,
638520715288469737,200708,6.767519,-3.264495,14.36894,6.427923,-10.41064,12.63681,-9.299791,-13.46324,15.96845,
638520715288579749,200719,6.752095,-3.257056,14.33619,6.411266,-10.38366,12.60406,-9.28072,-13.43563,15.9357,
638520715288699728,200731,6.73605,-3.249316,14.30212,6.393936,-10.3556,12.56999,-9.260879,-13.40691,15.90163,
638520715288799724,200741,6.720001,-3.241574,14.26805,6.376603,-10.32753,12.53591,-9.241034,-13.37818,15.86755,
638520715288909741,200752,6.704852,-3.234266,14.23588,6.360242,-10.30103,12.50375,-9.222301,-13.35106,15.83539,
638520715289019726,200763,6.689076,-3.226656,14.20239,6.343204,-10.27343,12.47025,-9.202794,-13.32282,15.8019,
638520715289139725,200775,6.673573,-3.219178,14.16947,6.326461,-10.24632,12.43734,-9.183623,-13.29507,15.76898,
638520715289249732,200786,6.657603,-3.211474,14.13556,6.309213,-10.21838,12.40343,-9.163876,-13.26648,15.73507,
638520715289359735,200797,6.642102,-3.203997,14.10265,6.292471,-10.19127,12.37052,-9.144709,-13.23873,15.70216,
638520715289469732,200808,6.626373,-3.19641,14.06925,6.275485,-10.16375,12.33712,-9.125259,-13.21058,15.66876,
638520715289579739,200819,6.610795,-3.188895,14.03618,6.258659,-10.1365,12.30404,-9.105996,-13.18269,15.63568,
638520715289689737,200830,6.594763,-3.181162,14.00214,15.46278,-17.25454,20,-9.086173,-13.15399,15.60165,
638520715289809727,200842,6.579093,-3.173603,13.96886,15.43705,-17.22583,19.96673,-9.066795,-13.12594,15.56837,
638520715289919733,200853,6.563198,-3.165936,13.93512,15.41096,-17.19672,19.93298,-9.047141,-13.09749,15.53463,
638520715290019745,200863,6.54707,-3.158156,13.90087,15.38449,-17.16718,19.89874,-9.027198,-13.06861,15.50038,
638520715290129727,200874,6.532264,-3.151014,13.86944,15.36018,-17.14006,19.8673,-9.00889,-13.04211,15.46895,
638520715290249729,200886,6.51675,-3.14353,13.8365,15.33472,-17.11164,19.83436,-8.989706,-13.01434,15.43601,
638520715290359743,200897,6.499992,-3.135447,13.80092,15.30721,-17.08094,19.79878,-8.968985,-12.98434,15.40043,
638520715290469730,200908,6.48502,-3.128225,13.76913,15.28263,-17.05352,19.76699,-8.950471,-12.95754,15.36864,
638520715290579730,200919,6.469453,-3.120716,13.73608,15.25708,-17.025,19.73394,-8.931222,-12.92967,15.33559,
638520715290689734,200930,6.453618,-3.113077,13.70245,15.23108,-16.996,19.70032,-8.91164,-12.90132,15.30196,
638520715290799730,200941,6.438006,-3.105546,13.66931,15.20545,-16.9674,19.66717,-8.892336,-12.87338,15.26882,
638520715290909743,200952,6.422509,-3.098071,13.6364,15.18001,-16.93901,19.63427,-8.873173,-12.84563,15.23591,
638520715291029735,200964,6.406618,-3.090405,13.60266,15.15393,-16.9099,19.60053,-8.853523,-12.81719,15.20217,
638520715291139733,200975,6.390775,-3.082763,13.56903,15.12792,-16.88088,19.56689,-8.833933,-12.78883,15.16854,
638520715291249734,200986,6.375173,-3.075237,13.5359,15.10231,-16.8523,19.53376,-8.81464,-12.7609,15.13541,
638520715291359727,200997,6.359635,-3.067742,13.50291,15.0768,-16.82384,19.50077,-8.795427,-12.73308,15.10242,
638520715291469729,201008,6.343956,-3.060179,13.46962,15.05107,-16.79512,19.46748,-8.776039,-12.70502,15.06913,
638520715291579732,201019,6.328071,-3.052516,13.43589,15.02499,-16.76603,19.43375,-8.756397,-12.67658,15.0354,
638520715291689732,201030,6.312713,-3.045108,13.40328,14.99978,-16.73789,19.40115,-8.737407,-12.64909,15.00279,
638520715291799722,201041,6.297097,-3.037575,13.37013,14.97415,-16.70929,19.36799,-8.718098,-12.62113,14.96964,
638520715291909741,201052,6.281322,-3.029965,13.33663,14.94825,-16.68039,19.3345,-8.698591,-12.59289,14.93614,
638520715292049730,201066,6.26543,-3.0223,13.30289,14.92216,-16.65129,19.30075,-8.678942,-12.56445,14.9024,
638520715292169737,201078,6.24552,-3.012696,13.26062,14.88948,-16.61481,19.25848,-8.654323,-12.5288,14.86013,
638520715292319727,201093,6.229901,-3.005162,13.22746,14.86384,-16.5862,19.22532,-8.63501,-12.50084,14.82697,
638520715292369729,201098,6.208382,-2.994781,13.18177,14.82852,-16.54679,19.17963,-8.6084,-12.46232,14.78128,
638520715292429724,201104,6.199841,-2.990661,13.16363,14.8145,-16.53114,19.16149,-8.597839,-12.44703,14.76314,
638520715292529728,201114,6.192522,-2.98713,13.14809,14.80248,-16.51773,19.14595,-8.588789,-12.43393,14.7476,
638520715292639736,201125,6.178522,-2.980377,13.11837,14.7795,-16.49209,19.11623,-8.571477,-12.40887,14.71788,
638520715292749723,201136,6.162747,-2.972768,13.08488,14.7536,-16.4632,19.08273,-8.551971,-12.38063,14.68438,
638520715292859728,201147,6.147271,-2.965302,13.05201,14.7282,-16.43485,19.04987,-8.532834,-12.35293,14.65152,
638520715292969722,201158,6.131482,-2.957686,13.01849,14.70228,-16.40593,19.01635,-8.513311,-12.32466,14.618,
638520715293079729,201169,6.115932,-2.950185,12.98547,14.67675,-16.37744,18.98334,-8.494082,-12.29683,14.58498,
638520715293189731,201180,6.10008,-2.942539,12.95182,14.65073,-16.34841,18.94968,-8.474482,-12.26845,14.55133,
638520715293309722,201192,6.084537,-2.935041,12.91882,14.62522,-16.31993,18.91668,-8.455261,-12.24063,14.51832,
638520715293409731,201202,6.068512,-2.927311,12.88479,14.59891,-16.29058,18.88265,-8.435447,-12.21194,14.4843,
638520715293529735,201214,6.053184,-2.919917,12.85225,14.57375,-16.2625,18.85011,-8.416492,-12.1845,14.45176,
638520715293629735,201225,6.037282,-2.912246,12.81848,14.54765,-16.23338,18.81634,-8.396831,-12.15603,14.41799,
638520715293749723,201236,6.022052,-2.9049,12.78615,14.52265,-16.20548,18.78401,-8.377997,-12.12877,14.38566,
638520715293859726,201247,6.005936,-2.897125,12.75193,14.49619,-16.17596,18.74979,-8.358069,-12.09992,14.35144,
638520715293969731,201258,5.990301,-2.889583,12.71873,14.47053,-16.14732,18.71659,-8.338736,-12.07193,14.31824,
638520715294079729,201269,5.974885,-2.882147,12.686,14.44522,-16.11908,18.68386,-8.319674,-12.04434,14.28551,
638520715294189732,201280,5.959051,-2.874509,12.65238,14.41923,-16.09007,18.65024,-8.300094,-12.01599,14.25189,
638520715294299721,201292,5.943079,-2.866805,12.61847,14.39301,-16.06082,18.61633,-8.280344,-11.9874,14.21798,
638520715294419730,201303,5.927374,-2.859229,12.58512,14.36723,-16.03205,18.58298,-8.260925,-11.95929,14.18463,
638520715294519725,201313,5.911695,-2.851665,12.55183,14.34149,-16.00333,18.54969,-8.241537,-11.93122,14.15134,
638520715294639741,201325,5.896341,-2.84426,12.51923,14.31629,-15.9752,18.51709,-8.222552,-11.90373,14.11874,
638520715294749722,201336,5.880444,-2.836591,12.48548,14.29019,-15.94608,18.48334,-8.202894,-11.87527,14.08499,
638520715294859733,201347,5.864974,-2.829129,12.45263,14.2648,-15.91775,18.45049,-8.183765,-11.84758,14.05214,
638520715294969732,201358,5.848742,-2.821299,12.41817,14.23815,-15.88801,18.41603,-8.163693,-11.81852,14.01768,
638520715295079724,201369,5.8331,-2.813754,12.38496,14.21247,-15.85936,18.38282,-8.144353,-11.79053,13.98447,
638520715295189734,201380,5.817807,-2.806377,12.35249,14.18737,-15.83135,18.35035,-8.125443,-11.76315,13.952,
638520715295299730,201391,5.801799,-2.798655,12.3185,14.16109,-15.80202,18.31636,-8.105648,-11.73449,13.91801,
638520715295409729,201402,5.786478,-2.791264,12.28597,14.13594,-15.77396,18.28383,-8.086702,-11.70706,13.88548,
638520715295529722,201414,5.770679,-2.783643,12.25242,14.11,-15.74502,18.25028,-8.067166,-11.67878,13.85193,
638520715295639725,201425,5.754902,-2.776033,12.21893,14.08411,-15.71612,18.21678,-8.047657,-11.65054,13.81843,
638520715295749724,201436,5.739185,-2.768451,12.18556,14.05831,-15.68733,18.18341,-8.028223,-11.62241,13.78506,
638520715295859739,201447,5.723496,-2.760884,12.15224,14.03255,-15.65859,18.1501,-8.008823,-11.59432,13.75175,
638520715295979732,201459,5.707249,-2.753046,12.11775,14.00588,-15.62883,18.11561,-7.988733,-11.56524,13.71726,
638520715296089724,201470,5.691372,-2.745388,12.08404,13.97982,-15.59975,18.0819,-7.9691,-11.53681,13.68355,
638520715296199735,201481,5.675363,-2.737665,12.05005,13.95354,-15.57043,18.0479,-7.949305,-11.50816,13.64956,
638520715296309731,201492,5.659209,-2.729873,12.01575,13.92702,-15.54084,18.01361,-7.92933,-11.47924,13.61526,
638520715296429734,201504,5.643399,-2.722246,11.98218,13.90107,-15.51188,17.98004,-7.90978,-11.45094,13.58169,
638520715296539736,201515,5.627131,-2.714399,11.94764,13.87436,-15.48208,17.9455,-7.889664,-11.42181,13.54715,
638520715296649722,201526,5.611246,-2.706737,11.91391,13.84829,-15.45298,17.91177,-7.870023,-11.39338,13.51342,
638520715296769733,201538,5.5955,-2.699142,11.88048,13.82244,-15.42414,17.87834,-7.850553,-11.36519,13.47999,
638520715296879722,201549,5.579465,-2.691406,11.84643,13.79612,-15.39476,17.84429,-7.830725,-11.33649,13.44594,
638520715296999739,201561,5.563153,-2.683538,11.8118,13.76934,-15.36489,17.80966,-7.810555,-11.30729,13.41131,
638520715297109726,201572,5.547322,-2.675902,11.77819,13.74336,-15.33589,17.77604,-7.790979,-11.27895,13.3777,
638520715297219722,201583,5.531019,-2.668037,11.74357,13.71659,-15.30602,17.74143,-7.77082,-11.24976,13.34308,
638520715297339726,201595,5.515186,-2.6604,11.70996,13.69061,-15.27702,17.70782,-7.751243,-11.22142,13.30947,
638520715297449743,201606,5.499138,-2.652659,11.67588,13.66426,-15.24763,17.67374,-7.731399,-11.19269,13.27539,
638520715297569736,201618,5.483087,-2.644916,11.6418,13.63791,-15.21822,17.63966,-7.711551,-11.16396,13.24131,
638520715297679731,201629,5.466791,-2.637056,11.60721,13.61116,-15.18837,17.60506,-7.691401,-11.13479,13.20672,
638520715297789730,201640,5.451044,-2.62946,11.57377,13.58531,-15.15953,17.57162,-7.671928,-11.1066,13.17328,
638520715297909729,201652,5.435028,-2.621734,11.53977,13.55902,-15.13019,17.53762,-7.652124,-11.07793,13.13927,
638520715298019734,201663,5.418628,-2.613823,11.50494,13.5321,-15.10015,17.5028,-7.631845,-11.04857,13.10445,
638520715298129730,201674,5.402704,-2.606142,11.47113,13.50596,-15.07098,17.46899,-7.612154,-11.02006,13.07064,
638520715298239731,201685,21.24881,27.75135,20,13.4793,-15.04123,17.43451,-7.592072,-10.99099,13.03616,
638520715298349738,201696,21.21382,27.70566,19.96707,13.45384,-15.01282,17.40157,-7.572891,-10.96322,13.00322,
638520715298459727,201707,21.17869,27.65977,19.934,13.42827,-14.98429,17.36851,-7.553633,-10.93534,12.97016,
638520715298579731,201719,21.14342,27.61371,19.9008,13.40261,-14.95565,17.33531,-7.534299,-10.90735,12.93696,
638520715298689724,201730,21.10792,27.56734,19.86738,13.37677,-14.92682,17.30189,-7.514839,-10.87918,12.90354,
638520715298799727,201741,21.07144,27.5197,19.83305,13.35022,-14.8972,17.26755,-7.494841,-10.85023,12.86921,
638520715298909726,201752,21.0365,27.47407,19.80016,13.3248,-14.86883,17.23467,-7.475689,-10.8225,12.83632,
638520715299019726,201763,21.00159,27.42848,19.76731,13.2994,-14.84048,17.20181,-7.456556,-10.7948,12.80347,
638520715299129735,201774,20.96673,27.38295,19.73449,13.27403,-14.81217,17.169,-7.437445,-10.76714,12.77065,
638520715299239733,201785,20.93172,27.33723,19.70154,13.24855,-14.78375,17.13605,-7.418256,-10.73936,12.7377,
638520715299349743,201796,20.89536,27.28975,19.66732,13.2221,-14.75422,17.10183,-7.398326,-10.71051,12.70348,
638520715299469729,201808,20.86033,27.24399,19.63435,13.1966,-14.72577,17.06886,-7.379122,-10.6827,12.67051,
638520715299579729,201819,20.82436,27.19701,19.60049,13.17042,-14.69656,17.035,-7.359404,-10.65416,12.63665,
638520715299679733,201829,20.78903,27.15086,19.56723,13.14471,-14.66787,17.00174,-7.340035,-10.62612,12.60339,
638520715299799720,201841,20.7543,27.10551,19.53455,13.11944,-14.63967,16.96905,-7.320998,-10.59856,12.57071,
638520715299919747,201853,20.71914,27.05959,19.50145,13.09385,-14.61112,16.93596,-7.301725,-10.57066,12.53761,
638520715300019729,201863,20.68116,27.00998,19.4657,13.06622,-14.58028,16.90021,-7.280905,-10.54052,12.50186,
638520715300129734,201874,20.64643,26.96463,19.43302,13.04095,-14.55208,16.86753,-7.261869,-10.51296,12.46918,
638520715300239728,201885,20.61294,26.9209,19.4015,13.01658,-14.52489,16.83601,-7.243514,-10.48639,12.43766,
638520715300349727,201896,20.57726,26.8743,19.36792,12.99061,-14.49592,16.80243,-7.223956,-10.45807,12.40408,
638520715300459725,201907,20.54174,26.82791,19.33448,12.96476,-14.46707,16.76899,-7.204483,-10.42988,12.37064,
638520715300569734,201918,20.50616,26.78144,19.30099,12.93887,-14.43818,16.7355,-7.184979,-10.40165,12.33715,
638520715300689727,201930,20.47137,26.73601,19.26825,12.91356,-14.40993,16.70276,-7.165911,-10.37404,12.30441,
638520715300799726,201941,20.43527,26.68886,19.23428,12.88729,-14.38062,16.66878,-7.146123,-10.3454,12.27043,
638520715300909731,201952,20.39969,26.64239,19.20079,12.86139,-14.35172,16.63529,-7.12662,-10.31716,12.23694,
638520715301019729,201963,20.36463,26.5966,19.16779,12.83588,-14.32325,16.60229,-7.1074,-10.28934,12.20394,
638520715301129724,201974,20.32921,26.55034,19.13445,12.8101,-14.29449,16.56895,-7.087984,-10.26123,12.1706,
638520715301239729,201985,20.29333,26.50348,19.10067,12.78399,-14.26535,16.53518,-7.068314,-10.23275,12.13683,
638520715301349726,201996,20.25779,26.45706,19.06722,12.75813,-14.23649,16.50173,-7.048833,-10.20455,12.10338,
638520715301459740,202007,20.22293,26.41154,19.03441,12.73277,-14.20819,16.46892,-7.029726,-10.17689,12.07057,
638520715301569745,202018,20.18756,26.36534,19.00112,12.70702,-14.17946,16.43563,-7.010335,-10.14882,12.03727,
638520715301689730,202030,20.15235,26.31935,18.96798,12.6814,-14.15087,16.40248,-6.991034,-10.12087,12.00413,
638520715301789725,202040,20.11652,26.27256,18.93425,12.65533,-14.12178,16.36876,-6.971394,-10.09244,11.97041,
638520715301909732,202052,20.08178,26.2272,18.90156,12.63005,-14.09357,16.33607,-6.952354,-10.06488,11.93772,
638520715302019743,202063,20.04596,26.18041,18.86785,12.60399,-14.06449,16.30235,-6.932719,-10.03645,11.904,
638520715302129723,202074,20.01085,26.13455,18.8348,12.57843,-14.03597,16.2693,-6.913471,-10.00859,11.87095,
638520715302239744,202085,19.97539,26.08825,18.80143,12.55263,-14.00718,16.23593,-6.894036,-9.98045,11.83758,
638520715302349740,202096,19.93983,26.0418,18.76795,12.52675,-13.9783,16.20246,-6.87454,-9.952226,11.8041,
638520715302459723,202107,19.90419,25.99526,18.73441,12.50082,-13.94937,16.16892,-6.855008,-9.923949,11.77057,
638520715302569738,202118,19.86888,25.94913,18.70117,12.47512,-13.92069,16.13568,-6.835648,-9.895922,11.73732,
638520715302689731,202130,19.83373,25.90324,18.66809,12.44955,-13.89215,16.1026,-6.816386,-9.868035,11.70425,
638520715302799733,202141,19.79759,25.85604,18.63408,12.42325,-13.86281,16.06858,-6.796576,-9.839356,11.67023,
638520715302909733,202152,19.76256,25.81028,18.6011,12.39775,-13.83436,16.03561,-6.77737,-9.811552,11.63725,
638520715303019732,202163,19.72745,25.76442,18.56805,12.3722,-13.80584,16.00256,-6.758122,-9.783688,11.60421,
638520715303129744,202174,19.69209,25.71825,18.53477,12.34647,-13.77713,15.96928,-6.738741,-9.75563,11.57093,
638520715303239736,202185,19.65639,25.67162,18.50117,12.32049,-13.74814,15.93568,-6.719172,-9.7273,11.53732,
638520715303349725,202196,19.6216,25.62619,18.46842,12.29518,-13.71989,15.90293,-6.700102,-9.699692,11.50458,
638520715303459724,202207,19.58546,25.57899,18.43441,12.26888,-13.69055,15.86892,-6.680293,-9.671015,11.47057,
638520715303579733,202219,19.55084,25.53377,18.40182,12.24369,-13.66243,15.83633,-6.661313,-9.643538,11.43798,
638520715303679743,202229,19.51438,25.48616,18.36751,12.21716,-13.63283,15.80202,-6.641329,-9.614608,11.40366,
638520715303789737,202240,19.47973,25.4409,18.33489,12.19194,-13.60469,15.7694,-6.622333,-9.587107,11.37105,
638520715303909729,202252,19.4443,25.39462,18.30154,12.16615,-13.57592,15.73605,-6.602911,-9.55899,11.3377,
638520715304019733,202263,19.40899,25.34851,18.2683,12.14046,-13.54725,15.70281,-6.583554,-9.530967,11.30446,
638520715304129722,202274,19.37341,25.30205,18.23482,12.11457,-13.51836,15.66933,-6.564054,-9.502737,11.27098,
638520715304239728,202285,19.33811,25.25594,18.20159,12.08888,-13.48969,15.6361,-6.544703,-9.474723,11.23775,
638520715304349739,202296,19.30254,25.20949,18.16812,12.063,-13.46081,15.60263,-6.525207,-9.446498,11.20427,
638520715304459728,202307,19.26656,25.16249,18.13425,12.03681,-13.43159,15.56876,-6.505482,-9.417942,11.1704,
638520715304569733,202318,19.23185,25.11716,18.10157,12.01155,-13.40341,15.53608,-6.486454,-9.390396,11.13773,
638520715304679732,202329,19.1963,25.07074,18.06812,11.98569,-13.37454,15.50263,-6.46697,-9.362189,11.10428,
638520715304789733,202340,19.16094,25.02455,18.03483,11.95995,-13.34583,15.46934,-6.447585,-9.334126,11.07099,
638520715304909727,202352,19.1258,24.97866,18.00176,11.93438,-13.31729,15.43627,-6.428321,-9.306237,11.03791,
638520715305019726,202363,19.09031,24.93231,17.96836,11.90856,-13.28847,15.40287,-6.40887,-9.278077,11.00451,
638520715305129737,202374,19.05378,24.8846,17.93397,11.88197,-13.25881,15.36848,-6.388844,-9.249085,10.97013,
638520715305239757,202385,19.01895,24.83911,17.90119,11.85663,-13.23053,15.3357,-6.369752,-9.221448,10.93735,
638520715305349729,202396,18.98406,24.79355,17.86835,11.83124,-13.20219,15.30286,-6.350627,-9.19376,10.90451,
638520715305459735,202407,18.94866,24.74732,17.83503,11.80548,-13.17345,15.26954,-6.331224,-9.165671,10.87119,
638520715305569720,202418,18.91215,24.69963,17.80066,11.77891,-13.1438,15.23518,-6.311209,-9.136695,10.83682,
638520715305679726,202429,18.87793,24.65494,17.76845,11.754,-13.11601,15.20296,-6.29245,-9.109537,10.80461,
638520715305799742,202441,18.84236,24.60848,17.73498,11.72812,-13.08713,15.16949,-6.272953,-9.081312,10.77114,
638520715305909734,202452,18.80625,24.56133,17.70099,11.70185,-13.05781,15.1355,-6.25316,-9.052659,10.73715,
638520715306019729,202463,18.77104,24.51534,17.66785,11.67622,-13.02922,15.10236,-6.233858,-9.024714,10.70401,
638520715306129736,202474,18.73611,24.46972,17.63498,11.65081,-13.00086,15.06949,-6.214713,-8.997,10.67113,
638520715306239725,202485,18.70013,24.42273,17.60111,11.62462,-12.97164,15.03562,-6.194989,-8.968445,10.63727,
638520715306349727,202496,18.66489,24.3767,17.56794,11.59898,-12.94302,15.00245,-6.175671,-8.940478,10.6041,
638520715306459730,202507,18.63037,24.33163,17.53545,11.57386,-12.915,14.96996,-6.156753,-8.91309,10.57161,
638520715306569720,202518,18.5947,24.28504,17.50188,11.5479,-12.88603,14.93639,-6.137199,-8.884782,10.53804,
638520715306679731,202529,18.55928,24.23878,17.46853,11.52212,-12.85726,14.90304,-6.11778,-8.856669,10.50469,
638520715306789726,202540,18.52369,24.1923,17.43504,11.49623,-12.82837,14.86955,-6.098272,-8.828429,10.4712,
638520715306909733,202552,18.48852,24.14636,17.40193,11.47063,-12.7998,14.83644,-6.078992,-8.800517,10.43809,
638520715307019730,202563,18.45262,24.09948,17.36814,11.44451,-12.77066,14.80266,-6.059315,-8.772031,10.4043,
638520715307129725,202574,18.41742,24.05351,17.33501,11.41889,-12.74207,14.76952,-6.04002,-8.744097,10.37117,
638520715307239734,202585,18.38219,24.0075,17.30186,11.39326,-12.71347,14.73637,-6.020709,-8.716141,10.33801,
638520715307349729,202596,18.34703,23.96158,17.26876,11.36767,-12.68491,14.70327,-6.001436,-8.688239,10.30492,
638520715307459724,202607,18.31117,23.91475,17.23501,11.34158,-12.65579,14.66952,-5.981778,-8.659781,10.27117,
638520715307569727,202618,18.27609,23.86893,17.20199,11.31605,-12.62731,14.6365,-5.962548,-8.631941,10.23815,
638520715307689726,202630,18.24042,23.82235,17.16842,11.2901,-12.59835,14.60293,-5.942999,-8.60364,10.20458,
638520715307789745,202640,18.20374,23.77444,17.13389,-15.8214,-32.46709,20,-5.922891,-8.57453,10.17005,
638520715307909725,202652,18.17017,23.7306,17.10229,-15.7964,-32.41579,19.9684,-5.904487,-8.547886,10.13845,
638520715308019746,202663,18.13386,23.68318,17.06812,-15.76937,-32.36031,19.93423,-5.884584,-8.519073,10.10428,
638520715308129725,202674,18.09849,23.63699,17.03483,-15.74303,-32.30627,19.90094,-5.865198,-8.491007,10.07099,
638520715308239734,202685,18.06381,23.59169,17.00218,-15.71721,-32.25328,19.86829,-5.846186,-8.463483,10.03834,
638520715308349725,202696,18.02741,23.54415,16.96792,-15.6901,-32.19765,19.83403,-5.826231,-8.434595,10.00408,
638520715308459731,202707,17.99282,23.49897,16.93536,-15.66435,-32.1448,19.80147,-5.807271,-8.407146,9.971525,
638520715308569733,202718,17.95793,23.45341,16.90252,-15.63837,-32.09149,19.76863,-5.788145,-8.379458,9.938684,
638520715308679729,202729,17.9224,23.40701,16.86909,-15.61192,-32.03721,19.7352,-5.768672,-8.351268,9.905249,
638520715308789725,202740,17.88646,23.36007,16.83526,-15.58516,-31.98229,19.70136,-5.748971,-8.322745,9.871419,
638520715308909729,202752,17.85144,23.31434,16.8023,-15.55909,-31.92879,19.66841,-5.729776,-8.294958,9.838461,
638520715309019735,202763,17.81555,23.26746,16.76851,-15.53236,-31.87394,19.63462,-5.710099,-8.266472,9.804674,
638520715309129740,202774,17.78022,23.22132,16.73526,-15.50606,-31.81997,19.60137,-5.690736,-8.23844,9.771426,
638520715309239729,202785,17.74522,23.17561,16.70232,-15.47999,-31.76649,19.56842,-5.671548,-8.210662,9.73848,
638520715309349734,202796,17.7098,23.12935,16.66898,-15.45362,-31.71237,19.53509,-5.652133,-8.182556,9.705144,
638520715309459728,202807,17.67434,23.08304,16.6356,-15.42722,-31.65819,19.50171,-5.632696,-8.154417,9.671768,
638520715309569729,202818,17.63885,23.03668,16.60219,-15.40079,-31.60395,19.4683,-5.613238,-8.126248,9.638357,
638520715309689726,202830,17.60338,22.99036,16.56881,-15.37438,-31.54976,19.43492,-5.593795,-8.098101,9.604972,
638520715309789737,202840,17.56581,22.9413,16.53345,-15.34641,-31.49236,19.39956,-5.573204,-8.068291,9.569614,
638520715309899730,202851,17.5321,22.89727,16.50173,-15.32131,-31.44086,19.36783,-5.554727,-8.041542,9.537888,
638520715310029729,202864,17.49721,22.85169,16.46888,-15.29533,-31.38753,19.33499,-5.535596,-8.013847,9.505039,
638520715310129731,202874,17.45738,22.79968,16.43139,-15.26568,-31.32668,19.2975,-5.513767,-7.982244,9.467557,
638520715310239727,202885,17.42628,22.75907,16.40212,-15.24252,-31.27916,19.26823,-5.496719,-7.957563,9.438283,
638520715310349744,202896,17.39088,22.71284,16.3688,-15.21616,-31.22508,19.23491,-5.477315,-7.929473,9.404965,
638520715310459726,202907,17.35402,22.66469,16.33411,-15.18872,-31.16875,19.20021,-5.457109,-7.90022,9.370269,
638520715310569733,202918,17.32002,22.62028,16.3021,-15.1634,-31.1168,19.16821,-5.43847,-7.873236,9.338264,
638520715310679729,202929,17.28467,22.57412,16.26883,-15.13708,-31.06279,19.13494,-5.419094,-7.845186,9.304996,
638520715310789739,202940,17.24921,22.52781,16.23546,-15.11068,-31.00862,19.10157,-5.399659,-7.817051,9.271625,
638520715310899720,202951,17.21444,22.4824,16.20273,-15.08479,-30.95548,19.06884,-5.380597,-7.789454,9.238894,
638520715311019734,202963,17.17899,22.4361,16.16936,-15.05839,-30.90132,19.03547,-5.361165,-7.761324,9.205528,
638520715311129730,202974,17.14241,22.38833,16.13494,-15.03116,-30.84543,19.00104,-5.341115,-7.732297,9.171101,
638520715311239735,202985,17.10788,22.34322,16.10243,-15.00544,-30.79266,18.96853,-5.322182,-7.704889,9.138593,
638520715311349733,202996,17.07269,22.29726,16.0693,-14.97924,-30.73889,18.93541,-5.302892,-7.676964,9.105471,
638520715311459733,203007,17.03758,22.25141,16.03626,-14.9531,-30.68525,18.90237,-5.283648,-7.649104,9.072427,
638520715311569734,203018,17.00149,22.20428,16.00229,-14.92623,-30.6301,18.8684,-5.263865,-7.620465,9.038459,
638520715311679729,203029,16.96597,22.15788,15.96886,-14.89978,-30.57583,18.83496,-5.244393,-7.592276,9.005023,
638520715311789723,203040,16.93001,22.11093,15.93501,-14.87301,-30.52089,18.80112,-5.224683,-7.563742,8.97118,
638520715311899743,203051,16.89532,22.06563,15.90237,-14.84718,-30.46789,18.76848,-5.20567,-7.536217,8.938534,
638520715312009725,203062,16.85957,22.01892,15.86871,-14.82056,-30.41325,18.73482,-5.186069,-7.50784,8.904877,
638520715312129726,203074,16.82444,21.97305,15.83565,-14.7944,-30.35958,18.70175,-5.166812,-7.479962,8.871812,
638520715312239735,203085,16.78896,21.92671,15.80226,-14.76799,-30.30537,18.66836,-5.147367,-7.451811,8.838422,
638520715312349735,203096,16.75332,21.88017,15.76871,-14.74145,-30.25092,18.63482,-5.127831,-7.42353,8.804878,
638520715312459726,203107,16.71874,21.835,15.73616,-14.7157,-30.19808,18.60227,-5.108875,-7.396087,8.772328,
638520715312569728,203118,16.68364,21.78916,15.70312,-14.68957,-30.14445,18.56923,-5.089633,-7.368231,8.739289,
638520715312679727,203129,16.64724,21.74162,15.66886,-14.66246,-30.08883,18.53497,-5.06968,-7.339344,8.705028,
638520715312789731,203140,16.61236,21.69607,15.63604,-14.63649,-30.03554,18.50214,-5.050562,-7.311668,8.672202,
638520715312899726,203151,16.57711,21.65003,15.60285,-14.61025,-29.98167,18.46896,-5.031238,-7.283693,8.639021,
638520715313019724,203163,16.54169,21.60378,15.56952,-14.58387,-29.92756,18.43563,-5.011823,-7.255586,8.605684,
638520715313129725,203174,16.50401,21.55456,15.53405,-14.55582,-29.86998,18.40016,-4.991168,-7.225684,8.570218,
638520715313239745,203185,16.47022,21.51044,15.50225,-14.53066,-29.81836,18.36836,-4.972649,-7.198874,8.538419,
638520715313349727,203196,16.43486,21.46426,15.46897,-14.50433,-29.76434,18.33508,-4.953266,-7.170814,8.505137,
638520715313459724,203207,16.40022,21.41902,15.43637,-14.47854,-29.71141,18.30247,-4.934278,-7.143325,8.472534,
638520715313569734,203218,16.36427,21.37206,15.40252,-14.45177,-29.65647,18.26863,-4.914568,-7.114791,8.43869,
638520715313679728,203229,16.32948,21.32663,15.36978,-14.42587,-29.60331,18.23589,-4.895499,-7.087185,8.405948,
638520715313789733,203240,16.29394,21.28022,15.33634,-14.39941,-29.54902,18.20244,-4.87602,-7.058985,8.372501,
638520715313909744,203252,16.25824,21.23359,15.30273,-14.37283,-29.49446,18.16883,-4.856449,-7.030651,8.338895,
638520715314009728,203262,16.22095,21.18489,15.26764,-14.34507,-29.4375,18.13374,-4.836011,-7.001065,8.303802,
638520715314119729,203273,16.18782,21.14161,15.23645,-14.32039,-29.38686,18.10255,-4.817846,-6.974767,8.272612,
638520715314239734,203285,16.1521,21.09497,15.20283,-14.2938,-29.33229,18.06894,-4.79827,-6.946427,8.238998,
638520715314349732,203296,16.11664,21.04866,15.16946,-14.2674,-29.27811,18.03556,-4.778831,-6.918286,8.205622,
638520715314459723,203307,16.08139,21.00262,15.13628,-14.24115,-29.22425,18.00238,-4.759508,-6.890311,8.172441,
638520715314569725,203318,16.04555,20.95581,15.10254,-14.21446,-29.16949,17.96865,-4.739861,-6.861869,8.138707,
638520715314679739,203329,16.01031,20.90979,15.06937,-14.18822,-29.11563,17.93547,-4.720542,-6.8339,8.105535,
638520715314789723,203340,15.97369,20.86197,15.03491,-14.16096,-29.05969,17.90101,-4.700471,-6.804844,8.071072,
638520715314899735,203351,15.94017,20.81819,15.00336,-14.136,-29.00847,17.86946,-4.682096,-6.778243,8.039521,
638520715315009731,203362,15.90412,20.77111,14.96942,-14.10916,-28.95339,17.83553,-4.662335,-6.749635,8.005589,
638520715315119727,203373,15.86913,20.72541,14.93649,-14.08311,-28.89993,17.8026,-4.643157,-6.721871,7.97266,
638520715315229742,203384,15.83307,20.67832,14.90255,-14.05626,-28.84483,17.76866,-4.62339,-6.693254,7.938718,
638520715315349733,203396,15.79824,20.63283,14.86977,-14.03032,-28.79161,17.73587,-4.604296,-6.665612,7.905932,
638520715315459733,203407,15.76287,20.58663,14.83647,-14.00398,-28.73756,17.70258,-4.584906,-6.637541,7.872638,
638520715315569747,203418,15.72758,20.54055,14.80326,-13.97771,-28.68365,17.66937,-4.565565,-6.609541,7.839428,
638520715315679733,203429,15.69144,20.49335,14.76925,-13.9508,-28.62843,17.63535,-4.545755,-6.580862,7.805413,
638520715315789731,203440,15.65581,20.44682,14.73571,-13.92428,-28.57399,17.60182,-4.526225,-6.552588,7.771878,
638520715315899731,203451,15.62097,20.40131,14.70292,-13.89833,-28.52075,17.56902,-4.507125,-6.524938,7.739082,
638520715316009722,203462,15.58596,20.35558,14.66996,-13.87226,-28.46725,17.53606,-4.487931,-6.497151,7.706125,
638520715316119733,203473,15.55055,20.30933,14.63663,-13.8459,-28.41315,17.50274,-4.468522,-6.469053,7.672798,
638520715316229739,203484,15.51513,20.26308,14.6033,-13.81953,-28.35904,17.4694,-4.44911,-6.44095,7.639466,
638520715316339730,203495,15.47952,20.21657,14.56978,-13.79301,-28.30462,17.43588,-4.429586,-6.412686,7.605942,
638520715316459741,203507,15.44476,20.17118,14.53706,-13.76713,-28.25151,17.40317,-4.410534,-6.385105,7.573229,
638520715316569727,203518,15.4091,20.1246,14.5035,-13.74058,-28.19702,17.3696,-4.390985,-6.356803,7.539661,
638520715316679739,203529,15.37313,20.07763,14.46964,-13.7138,-28.14207,17.33575,-4.37127,-6.328262,7.505809,
638520715316789728,203540,15.33743,20.031,14.43604,-13.68721,-28.08752,17.30215,-4.351701,-6.299932,7.472208,
638520715316899724,203551,15.30212,19.98489,14.40281,-13.66092,-28.03357,17.26891,-4.332346,-6.271913,7.438974,
638520715317009727,203562,15.26775,19.93999,14.37045,-13.63533,-27.98104,17.23656,-4.313503,-6.244633,7.406618,
638520715317119729,203573,15.23205,19.89337,14.33685,-13.60875,-27.92649,17.20296,-4.293933,-6.216302,7.373015,
638520715317229730,203584,15.19622,19.84657,14.30312,-13.58207,-27.87174,17.16923,-4.274292,-6.187868,7.339289,
638520715317339742,203595,15.16084,19.80037,14.26983,-13.55573,-27.81769,17.13593,-4.2549,-6.159793,7.305991,
638520715317459729,203607,15.12556,19.7543,14.23662,-13.52946,-27.76379,17.10273,-4.235564,-6.131801,7.272789,
638520715317569737,203618,15.0903,19.70824,14.20343,-13.5032,-27.7099,17.06953,-4.216231,-6.103813,7.239594,
638520715317679727,203629,15.05358,19.66029,14.16887,-13.47586,-27.6538,17.03498,-4.196105,-6.074677,7.205036,
638520715317789724,203640,15.01988,19.61627,14.13715,-13.45077,-27.60231,17.00326,-4.177631,-6.047932,7.173315,
638520715317899734,203651,14.98397,19.56937,14.10335,-13.42403,-27.54744,16.96946,-4.157948,-6.019436,7.139516,
638520715318009734,203662,14.94869,19.5233,14.07015,-13.39777,-27.49354,16.93625,-4.138611,-5.991442,7.106313,
638520715318119725,203673,14.91375,19.47766,14.03726,-13.37175,-27.44015,16.90337,-4.119457,-5.963713,7.073424,
638520715318229730,203684,14.87844,19.43155,14.00402,-13.34546,-27.3862,16.87013,-4.1001,-5.93569,7.040187,
638520715318349745,203696,14.84232,19.38437,13.97003,-13.31856,-27.33101,16.83613,-4.080301,-5.907027,7.00619,
638520715318449745,203706,14.80561,19.33644,13.93548,-13.29123,-27.27493,16.80159,-4.060181,-5.8779,6.971643,
638520715318569727,203718,14.77195,19.29247,13.90379,-13.26617,-27.22349,16.7699,-4.041728,-5.851186,6.939958,
638520715318679734,203729,14.73626,19.24586,13.8702,-13.23959,-27.16895,16.73631,-4.022163,-5.822862,6.906363,
638520715318789724,203740,14.70082,19.19958,13.83684,-13.21321,-27.11481,16.70295,-4.002738,-5.79474,6.873008,
638520715318899729,203751,14.66543,19.15336,13.80354,-13.18686,-27.06074,16.66965,-3.98334,-5.766658,6.839701,
638520715319009734,203762,14.6297,19.10669,13.7699,-13.16025,-27.00613,16.63601,-3.963751,-5.738299,6.806066,
638520715319119734,203773,14.59469,19.06097,13.73695,-13.13418,-26.95264,16.60306,-3.944561,-5.710517,6.773115,
638520715319229742,203784,14.5594,19.01488,13.70373,-13.1079,-26.89872,16.56984,-3.925215,-5.68251,6.739896,
638520715319349724,203796,14.52375,18.96832,13.67018,-13.08136,-26.84425,16.53628,-3.905673,-5.654219,6.706341,
638520715319459731,203807,14.48777,18.92132,13.63631,-19.40631,20.46299,20,-3.88595,-5.625666,6.672475,
638520715319569745,203818,14.45273,18.87556,13.60333,-19.37432,20.42924,19.96702,-3.866743,-5.597861,6.639496,
638520715319679739,203829,14.41765,18.82976,13.57032,-19.34228,20.39547,19.93401,-3.847517,-5.570027,6.606483,
638520715319789719,203840,14.38252,18.78387,13.53725,-19.3102,20.36164,19.90094,-3.82826,-5.54215,6.573418,
638520715319899732,203851,14.34655,18.73689,13.50339,-19.27735,20.327,19.86709,-3.808542,-5.513604,6.53956,
638520715320009730,203862,14.31076,18.69015,13.4697,-19.24466,20.29252,19.8334,-3.788921,-5.485198,6.505869,
638520715320119734,203873,14.2758,18.64449,13.4368,-19.21273,20.25886,19.80049,-3.769758,-5.457457,6.472965,
638520715320229748,203884,14.23967,18.59731,13.40279,-19.17974,20.22407,19.76649,-3.749954,-5.428786,6.43896,
638520715320339742,203895,14.20485,18.55182,13.37002,-19.14793,20.19053,19.73371,-3.730865,-5.401151,6.406183,
638520715320449727,203906,14.1696,18.50579,13.33684,-19.11574,20.15659,19.70053,-3.711542,-5.373178,6.373005,
638520715320569723,203918,14.1344,18.45983,13.30371,-19.0836,20.12269,19.6674,-3.692251,-5.34525,6.33988,
638520715320679727,203929,14.09849,18.41292,13.26991,-19.05079,20.08811,19.6336,-3.672564,-5.31675,6.306077,
638520715320789730,203940,14.06272,18.36621,13.23625,-19.01813,20.05367,19.59994,-3.652959,-5.288368,6.272414,
638520715320899736,203951,14.02803,18.3209,13.20359,-18.98644,20.02025,19.56728,-3.633941,-5.260835,6.239758,
638520715321009733,203962,13.99272,18.27479,13.17036,-18.9542,19.98625,19.53405,-3.614589,-5.232819,6.206529,
638520715321119725,203973,13.95785,18.22925,13.13754,-18.92236,19.95267,19.50123,-3.595474,-5.205146,6.173707,
638520715321229744,203984,13.92151,18.18178,13.10333,-18.88916,19.91767,19.46702,-3.575551,-5.176304,6.139498,
638520715321349738,203996,13.88684,18.13651,13.0707,-18.8575,19.88429,19.43439,-3.556549,-5.148796,6.106871,
638520715321449730,204006,13.84958,18.08784,13.03563,-18.82347,19.8484,19.39932,-3.536124,-5.119226,6.071799,
638520715321559734,204017,13.8164,18.0445,13.0044,-18.79316,19.81644,19.36809,-3.517932,-5.09289,6.040563,
638520715321679731,204029,13.78055,17.99767,12.97065,-18.76042,19.78192,19.33434,-3.498281,-5.064441,6.00682,
638520715321789724,204040,13.74419,17.95019,12.93643,-18.72722,19.7469,19.30012,-3.478352,-5.035589,5.9726,
638520715321899730,204051,13.71004,17.90559,12.90429,-18.69603,19.71402,19.26798,-3.459633,-5.008491,5.940459,
638520715322009725,204062,13.67446,17.85913,12.8708,-18.66354,19.67976,19.2345,-3.440131,-4.980257,5.906972,
638520715322119732,204073,13.63931,17.81322,12.83772,-18.63143,19.6459,19.20141,-3.42086,-4.952359,5.873883,
638520715322229728,204084,13.60298,17.76577,12.80352,-18.59825,19.61092,19.16721,-3.400945,-4.923529,5.839687,
638520715322339734,204095,13.56748,17.7194,12.77011,-18.56583,19.57673,19.1338,-3.381485,-4.895356,5.806273,
638520715322459724,204107,13.53312,17.67453,12.73777,-18.53445,19.54364,19.10146,-3.362651,-4.86809,5.773932,
638520715322569730,204118,13.49652,17.62673,12.70332,-18.50102,19.5084,19.06701,-3.34259,-4.839048,5.739487,
638520715322679734,204129,13.46158,17.5811,12.67043,-18.46911,19.47475,19.03412,-3.323437,-4.81132,5.7066,
638520715322789730,204140,13.42585,17.53443,12.6368,-18.43648,19.44034,19.00049,-3.30385,-4.782964,5.672967,
638520715322899734,204151,13.39105,17.48898,12.60404,-18.4047,19.40682,18.96774,-3.284774,-4.755348,5.640213,
638520715323009740,204162,13.35575,17.44288,12.57082,-18.37246,19.37283,18.93451,-3.265424,-4.727336,5.606988,
638520715323119744,204173,13.31912,17.39505,12.53635,-18.33901,19.33756,18.90004,-3.245348,-4.698271,5.572515,
638520715323229741,204184,13.28494,17.3504,12.50417,-18.30779,19.30464,18.86787,-3.226611,-4.671146,5.540342,
638520715323339737,204195,13.24875,17.30314,12.47011,-18.27474,19.26979,18.83381,-3.206774,-4.642428,5.506281,
638520715323459745,204207,13.2144,17.25827,12.43778,-18.24336,19.23671,18.80147,-3.187942,-4.615165,5.473945,
638520715323569749,204218,13.17722,17.20972,12.40279,-18.20941,19.20091,18.76648,-3.167564,-4.585665,5.438955,
638520715323679728,204229,13.14251,17.16438,12.37011,-18.17771,19.16748,18.7338,-3.148535,-4.558116,5.406281,
638520715323789739,204240,13.10668,17.11759,12.33638,-18.14498,19.13297,18.70008,-3.128893,-4.529681,5.372553,
638520715323899729,204251,13.07066,17.07055,12.30249,-18.11209,19.09829,18.66618,-3.109153,-4.501103,5.338658,
638520715324009736,204262,13.03697,17.02655,12.27077,-18.08132,19.06584,18.63446,-3.090682,-4.474362,5.306942,
638520715324119737,204273,13.0023,16.98127,12.23814,-18.04966,19.03246,18.60184,-3.07168,-4.446854,5.274314,
638520715324229730,204284,12.96595,16.9338,12.20393,-18.01646,18.99745,18.56762,-3.051754,-4.418007,5.240099,
638520715324339735,204295,12.93055,16.88756,12.17061,-17.98413,18.96335,18.5343,-3.032346,-4.389911,5.206776,
638520715324449739,204306,12.89508,16.84124,12.13722,-17.95173,18.9292,18.50092,-3.012904,-4.361764,5.173391,
638520715324559746,204317,12.85952,16.7948,12.10376,-17.91926,18.89496,18.46745,-2.993413,-4.333548,5.139925,
638520715324679734,204329,12.82458,16.74917,12.07087,-17.88735,18.86131,18.43457,-2.974262,-4.305823,5.107041,
638520715324789731,204340,12.78796,16.70135,12.0364,-17.8539,18.82604,18.4001,-2.954188,-4.276761,5.072571,
638520715324899729,204351,12.75368,16.65658,12.00414,-17.8226,18.79303,18.36783,-2.935397,-4.249558,5.040307,
638520715325009739,204362,12.71858,16.61073,11.9711,-17.79054,18.75923,18.33479,-2.916157,-4.221704,5.00727,
638520715325119733,204373,12.68356,16.565,11.93814,-17.75856,18.72551,18.30183,2.832928,-32.68472,20,
638520715325229728,204384,12.64788,16.51839,11.90455,-17.72596,18.69114,18.26825,2.82817,-32.62983,19.96641,
638520715325339733,204395,12.61232,16.47195,11.87108,-17.69349,18.65689,18.23478,2.823429,-32.57513,19.93294,
638520715325449726,204406,12.57698,16.4258,11.83782,-17.66122,18.62287,18.20152,2.818718,-32.52078,19.89968,
638520715325559734,204417,12.54092,16.37871,11.80388,-17.62828,18.58814,18.16758,2.813911,-32.46531,19.86575,
638520715325679732,204429,12.50606,16.33318,11.77107,-17.59645,18.55457,18.13477,2.809263,-32.41169,19.83293,
638520715325789733,204440,12.47025,16.2864,11.73736,-17.56373,18.52008,18.10106,2.804488,-32.35659,19.79922,
638520715325889725,204450,12.43485,16.24017,11.70404,-17.5314,18.48599,18.06774,2.799768,-32.30214,19.7659,
638520715326009731,204462,12.40044,16.19523,11.67165,-17.49998,18.45285,18.03535,2.795181,-32.24921,19.73351,
638520715326119724,204473,12.36479,16.14868,11.63811,-17.46743,18.41853,18.0018,2.790429,-32.19439,19.69997,
638520715326229731,204484,12.32898,16.10191,11.6044,-17.43472,18.38404,17.96809,2.785654,-32.13931,19.66626,
638520715326339741,204495,12.29291,16.05481,11.57045,-17.40178,18.34931,17.93414,2.780846,-32.08383,19.63231,
638520715326449735,204506,12.25867,16.01008,11.53821,-17.3705,18.31633,17.90191,2.77628,-32.03115,19.60008,
638520715326559734,204517,12.22235,15.96264,11.50403,-17.33733,18.28135,17.86773,2.771437,-31.97528,19.56589,
638520715326669726,204528,12.18765,15.91733,11.47137,-17.30564,18.24794,17.83507,2.766812,-31.92191,19.53324,
638520715326789739,204540,12.15238,15.87127,11.43818,-17.27343,18.21397,17.80187,2.76211,-31.86766,19.50004,
638520715326899738,204551,12.11517,15.82267,11.40315,-17.23945,18.17814,17.76685,2.757149,-31.81042,19.46502,
638520715327009729,204562,12.08076,15.77773,11.37076,-17.20802,18.145,17.73446,2.752561,-31.75749,19.43262,
638520715327119731,204573,12.04622,15.73262,11.33825,-17.17648,18.11174,17.70195,2.747956,-31.70437,19.40012,
638520715327229916,204584,12.01037,15.6858,11.30451,-17.14373,18.07721,17.66821,2.743176,-31.64922,19.36637,
638520715327339732,204595,11.97527,15.63996,11.27147,-17.11168,18.04341,17.63517,2.738497,-31.59523,19.33334,
638520715327449736,204606,11.93865,15.59214,11.23701,-17.07824,18.00815,17.60071,2.733615,-31.53891,19.29887,
638520715327559739,204617,11.90449,15.54751,11.20485,-17.04703,17.97524,17.56855,2.72906,-31.48635,19.26671,
638520715327669738,204628,11.86896,15.50112,11.17141,-17.01459,17.94103,17.53511,2.724324,-31.43171,19.23328,
638520715327779738,204639,11.83356,15.45488,11.13809,-16.98225,17.90694,17.50179,2.719604,-31.37725,19.19995,
638520715327899729,204651,11.79822,15.40873,11.10483,-16.94998,17.87291,17.46853,2.714892,-31.3229,19.16669,
638520715328009728,204662,11.76216,15.36163,11.07089,-16.91705,17.83818,17.43459,2.710085,-31.26743,19.13275,
638520715328119731,204673,11.72724,15.31602,11.03802,-16.88515,17.80455,17.40171,2.705428,-31.21371,19.09988,
638520715328229725,204684,11.69229,15.27037,11.00512,-16.85323,17.77089,17.36882,2.700769,-31.15995,19.06698,
638520715328339735,204695,11.65636,15.22346,10.97131,-16.82042,17.7363,17.335,2.695979,-31.10469,19.03317,
638520715328449732,204706,11.62078,15.17699,10.93782,-16.78793,17.70203,17.30152,2.691236,-31.04996,18.99968,
638520715328559727,204717,11.58465,15.12979,10.90381,-16.75492,17.66723,17.2675,2.686418,-30.99438,18.96567,
638520715328669733,204728,11.55049,15.08519,10.87166,-16.72373,17.63435,17.23536,2.681865,-30.94184,18.93352,
638520715328779736,204739,11.51491,15.03872,10.83817,-16.69123,17.60008,17.20187,2.677121,-30.88711,18.90003,
638520715328899731,204751,11.47981,14.99288,10.80513,-16.65918,17.56627,17.16883,2.672441,-30.83312,18.86699,
638520715329009742,204762,11.44374,14.94577,10.77118,-16.62623,17.53154,17.13488,2.667632,-30.77763,18.83304,
638520715329119731,204773,11.4087,14.90001,10.7382,-16.59423,17.4978,17.1019,2.662961,-30.72374,18.80007,
638520715329229733,204784,11.37351,14.85405,10.70508,-16.5621,17.46391,17.06878,2.658269,-30.66961,18.76694,
638520715329339733,204795,11.33804,14.80772,10.67169,-16.5297,17.42975,17.03539,2.65354,-30.61505,18.73355,
638520715329449732,204806,11.30118,14.75958,10.637,-16.49604,17.39425,17.0007,2.648626,-30.55835,18.69886,
638520715329559741,204817,11.26706,14.71502,10.60489,-16.46488,17.36139,16.96858,2.644077,-30.50587,18.66675,
638520715329679738,204829,11.23142,14.66848,10.57134,-16.43233,17.32707,16.93504,2.639326,-30.45105,18.6332,
638520715329789730,204840,11.19572,14.62185,10.53773,-16.39972,17.29269,16.90143,2.634566,-30.39613,18.5996,
638520715329889739,204850,11.16006,14.57529,10.50418,-16.36716,17.25836,16.86788,2.629812,-30.34129,18.56604,
638520715330009736,204862,11.12561,14.53029,10.47175,-16.33569,17.22518,16.83545,2.625219,-30.28829,18.53361,
638520715330119736,204873,11.08999,14.48377,10.43822,-16.30316,17.19088,16.80192,2.62047,-30.2335,18.50009,
638520715330239745,204885,11.0549,14.43793,10.40519,-16.27111,17.15708,16.76889,2.615791,-30.17952,18.46705,
638520715330349723,204896,11.01689,14.3883,10.36942,-16.2364,17.12048,16.73312,2.610724,-30.12106,18.43128,
638520715330449729,204906,10.98172,14.34236,10.33632,-16.20428,17.08661,16.70001,2.606035,-30.06696,18.39818,
638520715330559733,204917,10.94793,14.29823,10.30451,-16.17342,17.05407,16.66821,2.60153,-30.01499,18.36637,
638520715330679739,204929,10.9131,14.25275,10.27173,-16.14161,17.02053,16.63543,2.596887,-29.96141,18.33359,
638520715330779739,204939,10.87495,14.20292,10.23582,-16.10677,16.98379,16.59952,2.591801,-29.90273,18.29769,
638520715330899735,204951,10.84216,14.16009,10.20495,-16.07681,16.95221,16.56865,2.587428,-29.85229,18.26682,
638520715331009732,204962,10.80604,14.11292,10.17096,-16.04383,16.91742,16.53465,2.582613,-29.79673,18.23282,
638520715331119733,204973,10.77128,14.06752,10.13824,-16.01208,16.88395,16.50193,2.577978,-29.74326,18.2001,
638520715331229733,204984,10.7363,14.02184,10.10532,-15.98013,16.85026,16.46901,2.573315,-29.68946,18.16718,
638520715331339725,204995,10.69977,13.97413,10.07094,-15.94678,16.81509,16.43463,2.568445,-29.63327,18.1328,
638520715331449734,205006,10.66557,13.92947,10.03875,-15.91554,16.78215,16.40244,2.563886,-29.58067,18.10061,
638520715331559729,205017,10.63002,13.88303,10.00528,-15.88307,16.74791,16.36898,2.559145,-29.52598,18.06714,
638520715331669730,205028,10.5948,13.83703,9.97213,-15.8509,16.71399,16.33583,2.55445,-29.4718,18.03399,
638520715331779742,205039,10.55906,13.79036,9.938493,-15.81826,16.67958,16.30219,2.549685,-29.41683,18.00035,
638520715331889727,205050,10.52406,13.74465,9.905551,-15.7863,16.64587,16.26925,2.545019,-29.363,17.96741,
638520715331999739,205061,10.48861,13.69835,9.872183,-15.75392,16.61173,16.23588,2.540293,-29.30846,17.93405,
638520715332119726,205073,10.45331,13.65225,9.83896,-15.72169,16.57774,16.20266,2.535587,-29.25417,17.90082,
638520715332229736,205084,10.41741,13.60536,9.805169,-15.6889,16.54317,16.16887,2.5308,-29.19895,17.86703,
638520715332339727,205095,10.38235,13.55957,9.772166,-15.65688,16.5094,16.13586,2.526126,-29.14501,17.83403,
638520715332449735,205106,10.34641,13.51263,9.738339,-15.62405,16.47479,16.10204,2.521334,-29.08973,17.8002,
638520715332559731,205117,10.31108,13.4665,9.705091,-15.59179,16.44077,16.06879,2.516625,-29.0354,17.76696,
638520715332669739,205128,10.27618,13.42092,9.672242,-15.55992,16.40717,16.03594,2.511972,-28.98171,17.73411,
638520715332779738,205139,10.24017,13.37388,9.638343,-15.52703,16.37248,16.00204,2.50717,-28.92632,17.70021,
638520715332889738,205150,10.20483,13.32773,9.605083,-15.49475,16.33845,15.96878,2.502459,-28.87196,17.66695,
638520715333009741,205162,10.16994,13.28217,9.572248,-15.46289,16.30486,15.93595,2.497808,-28.8183,17.63411,
638520715333119725,205173,10.13405,13.23529,9.538464,-15.43011,16.27029,15.90216,2.493023,-28.76309,17.60033,
638520715333229726,205184,10.09892,13.18941,9.505401,-15.39803,16.23646,15.8691,2.488339,-28.70906,17.56726,
638520715333339726,205195,10.06376,13.14349,9.472305,-15.36592,16.2026,15.836,2.483652,-28.65497,17.53417,
638520715333449726,205206,10.02849,13.09742,9.439102,-15.3337,16.16863,15.8028,2.478949,-28.60071,17.50097,
638520715333559736,205217,9.992826,13.05085,9.405538,-15.30113,16.13429,15.76924,2.474194,-28.54586,17.4674,
638520715333679730,205229,9.957539,13.00476,9.372324,-15.2689,16.10031,15.73602,2.46949,-28.49158,17.43419,
638520715333779727,205239,9.92037,12.95622,9.337339,-15.23496,16.06451,15.70104,2.464535,-28.4344,17.3992,
638520715333889738,205250,9.886723,12.91227,9.305669,-15.20423,16.03211,15.66937,2.460049,-28.38265,17.36753,
