time(100ns),time_stamp(ms),object1.x,object1.y,object1.z,object2.x,object2.y,object2.z,object3.x,object3.y,object3.z,
638521427873595252,557318,-17.98634,3.062134,20,-33.68398,-34.63966,20,-7.120099,-34.54599,20,
638521427873665231,557325,-17.94632,3.055321,19.95551,-33.60904,-34.56259,19.95551,-7.104259,-34.46914,19.95551,
638521427873765241,557334,-17.92565,3.051802,19.93252,-33.57033,-34.52278,19.93252,-7.096076,-34.42943,19.93252,
638521427873875256,557346,-17.90001,3.047436,19.904,-33.5223,-34.47339,19.904,-7.085924,-34.38018,19.904,
638521427873985228,557357,-17.87002,3.042332,19.87066,-33.46615,-34.41565,19.87066,-7.074055,-34.32259,19.87066,
638521427874095242,557368,-17.83924,3.037092,19.83644,-33.40851,-34.35637,19.83644,-7.061871,-34.26347,19.83644,
638521427874215249,557380,-17.80965,3.032054,19.80354,-33.35309,-34.29938,19.80354,-7.050157,-34.20664,19.80354,
638521427874315228,557390,-17.77853,3.026756,19.76893,-33.29481,-34.23945,19.76893,-7.037838,-34.14687,19.76893,
638521427874435238,557402,-17.75022,3.021935,19.73745,-33.24178,-34.18491,19.73745,-7.026628,-34.09248,19.73745,
638521427874545245,557412,-17.71975,3.016749,19.70357,-33.18474,-34.12625,19.70357,-7.014569,-34.03397,19.70357,
638521427874655232,557424,-17.69027,3.011729,19.67079,-33.12952,-34.06946,19.67079,-7.002897,-33.97734,19.67079,
638521427874765236,557435,-17.66026,3.006621,19.63743,-33.07333,-34.01168,19.63743,-6.991021,-33.91972,19.63743,
638521427874875235,557446,-17.62953,3.00139,19.60326,-33.01578,-33.9525,19.60326,-6.978856,-33.86069,19.60326,
638521427874985233,557457,-17.60021,2.996397,19.57065,-32.96086,-33.89602,19.57065,-6.967247,-33.80437,19.57065,
638521427875095237,557468,-17.57038,2.991318,19.53748,-32.90499,-33.83857,19.53748,-6.955438,-33.74707,19.53748,
638521427875205239,557479,-17.5406,2.986249,19.50437,-32.84923,-33.78122,19.50437,-6.943651,-33.68988,19.50437,
638521427875315235,557490,-17.51072,2.981162,19.47114,-32.79327,-33.72367,19.47114,-6.931822,-33.63249,19.47114,
638521427875425232,557501,-17.48082,2.976072,19.4379,-32.73729,-33.6661,19.4379,-6.919988,-33.57507,19.4379,
638521427875545232,557513,-17.45059,2.970926,19.40429,-32.68068,-33.60788,19.40429,-6.908021,-33.51701,19.40429,
638521427875655235,557523,-17.42033,2.965773,19.37063,-32.624,-33.54959,19.37063,-6.896041,-33.45889,19.37063,
638521427875765241,557535,-17.39087,2.960757,19.33787,-32.56882,-33.49285,19.33787,-6.884377,-33.40229,19.33787,
638521427875875240,557546,-17.36074,2.955629,19.30437,-32.51241,-33.43483,19.30437,-6.872452,-33.34443,19.30437,
638521427875985233,557557,-17.3303,2.950447,19.27053,-32.45541,-33.37621,19.27053,-6.860403,-33.28597,19.27053,
638521427876095238,557568,-17.30074,2.945413,19.23765,-32.40004,-33.31927,19.23765,-6.848699,-33.22918,19.23765,
638521427876205242,557579,-17.27089,2.940331,19.20446,-32.34414,-33.26178,19.20446,-6.836882,-33.17185,19.20446,
638521427876315230,557590,-17.24064,2.935182,19.17083,-32.28749,-33.20353,19.17083,-6.824909,-33.11375,19.17083,
638521427876425237,557601,-17.21108,2.93015,19.13796,-32.23214,-33.14661,19.13796,-6.813209,-33.05699,19.13796,
638521427876535239,557612,-17.18071,2.924978,19.10418,-32.17525,-33.0881,19.10418,-6.801183,-32.99864,19.10418,
638521427876655239,557624,-17.15102,2.919923,19.07117,-32.11964,-33.03093,19.07117,-6.78943,-32.94161,19.07117,
638521427876765233,557635,-17.12068,2.914759,19.03744,-32.06284,-32.97251,19.03744,-6.777421,-32.88335,19.03744,
638521427876875232,557646,-17.09121,2.909741,19.00466,-32.00763,-32.91574,19.00466,-6.765753,-32.82674,19.00466,
638521427876985233,557657,-17.06107,2.90461,18.97116,-31.9512,-32.8577,18.97116,-6.753824,-32.76886,18.97116,
638521427877095239,557668,-17.03108,2.899504,18.9378,-31.89503,-32.79994,18.9378,-6.741951,-32.71125,18.9378,
638521427877205240,557679,-17.00112,2.894404,18.90449,-31.83892,-32.74225,18.90449,-6.730092,-32.65371,18.90449,
638521427877315237,557690,-16.97063,2.889213,18.87059,-31.78182,-32.68353,18.87059,-6.718021,-32.59515,18.87059,
638521427877435329,557702,-16.94063,2.884105,18.83723,-31.72564,-32.62575,18.83723,-6.706146,-32.53753,18.83723,
638521427877545353,557713,-16.91014,2.878915,18.80333,-31.66855,-32.56704,18.80333,-6.694077,-32.47897,18.80333,
638521427877655336,557724,-16.87882,2.873582,18.7685,-31.60989,-32.50671,18.7685,-6.681677,-32.41881,18.7685,
638521427877775341,557735,-16.84917,2.868536,18.73554,-31.55437,-32.44962,18.73554,-6.669942,-32.36187,18.73554,
638521427877885334,557747,-16.81898,2.863395,18.70196,-31.49783,-32.39147,18.70196,-6.65799,-32.30388,18.70196,
638521427877995335,557758,-16.78855,2.858214,18.66812,-31.44083,-32.33286,18.66812,-6.645942,-32.24543,18.66812,
638521427878105335,557769,-16.75864,2.853122,18.63487,-31.38483,-32.27526,18.63487,-6.634103,-32.18798,18.63487,
638521427878215331,557780,-16.72795,2.847897,18.60074,-31.32735,-32.21615,18.60074,-6.621954,-32.12904,18.60074,
638521427878335349,557792,-16.69788,2.842777,18.5673,-31.27103,-32.15823,18.5673,-6.610049,-32.07127,18.5673,
638521427878445348,557803,-16.6671,2.837538,18.53308,-31.21339,-32.09896,18.53308,-6.597866,-32.01216,18.53308,
638521427878555335,557814,-16.63722,2.83245,18.49985,-31.15743,-32.04141,18.49985,-6.586037,-31.95477,18.49985,
638521427878665329,557825,-16.60728,2.827354,18.46657,-31.10138,-31.98376,18.46657,-6.574188,-31.89728,18.46657,
638521427878775348,557836,-16.57741,2.822268,18.43335,-31.04542,-31.92622,18.43335,-6.56236,-31.83989,18.43335,
638521427878895331,557847,-16.54757,2.817188,18.40017,-30.98955,-31.86877,18.40017,-6.55055,-31.78259,18.40017,
638521427878995333,557858,-16.51714,2.812007,18.36633,-30.93256,-31.81016,18.36633,-6.538503,-31.72414,18.36633,
638521427879115348,557869,-16.48755,2.80697,18.33343,-30.87715,-31.75318,18.33343,-6.526791,-31.66731,18.33343,
638521427879225343,557881,-16.45749,2.801852,18.3,-30.82084,-31.69527,18.3,-6.514888,-31.60957,18.3,
638521427879335330,557892,-16.42693,2.796649,18.26602,-30.76361,-31.63642,18.26602,-6.50279,-31.55087,18.26602,
638521427879445334,557903,-16.39701,2.791556,18.23276,-30.70759,-31.57881,18.23276,-6.490949,-31.49341,18.23276,
638521427879555340,557914,-16.36746,2.786524,18.19989,-30.65224,-31.52189,18.19989,-6.479249,-31.43665,18.19989,
638521427879665337,557925,-16.3375,2.781424,18.16658,-30.59614,-31.46419,18.16658,-6.46739,-31.37911,18.16658,
638521427879775324,557936,-16.30769,2.776349,18.13343,-30.54031,-31.40678,18.13343,-6.455589,-31.32185,18.13343,
638521427879893005,557947,-16.27765,2.771234,18.10003,-30.48405,-31.34892,18.10003,-6.443696,-31.26415,18.10003,
638521427880003006,557958,-16.24749,2.766099,18.06649,-30.42757,-31.29084,18.06649,-6.431757,-31.20622,18.06649,
638521427880113000,557969,-16.21765,2.761019,18.03331,-30.37169,-31.23337,18.03331,-6.419945,-31.14891,18.03331,
638521427880223011,557981,32.96899,19.64246,20,-30.31577,-31.17588,18.00011,-6.408127,-31.09157,18.00011,
638521427880333002,557991,32.91437,19.60992,19.96687,-30.25998,-31.11849,17.96698,-6.396332,-31.03435,17.96698,
638521427880443012,558003,32.85966,19.57733,19.93368,-30.20408,-31.06102,17.9338,-6.384518,-30.97702,17.9338,
638521427880553004,558014,32.80456,19.5445,19.90025,-30.14778,-31.00312,17.90037,-6.372617,-30.91928,17.90037,
638521427880663003,558025,32.74996,19.51196,19.86713,-30.092,-30.94575,17.86724,-6.360825,-30.86207,17.86724,
638521427880783006,558036,32.69514,19.47931,19.83388,-30.03599,-30.88815,17.83399,-6.348987,-30.80463,17.83399,
638521427880883016,558047,32.63741,19.44491,19.79885,-29.977,-30.82749,17.79896,-6.336518,-30.74413,17.79896,
638521427881003001,558058,32.58457,19.41343,19.7668,-29.92302,-30.77197,17.76691,-6.325107,-30.68876,17.76691,
638521427881113013,558069,32.52894,19.38028,19.73305,-29.86618,-30.71352,17.73316,-6.313093,-30.63047,17.73316,
638521427881223011,558080,32.47438,19.34777,19.69995,-29.81043,-30.65619,17.70006,-6.301309,-30.5733,17.70006,
638521427881333009,558092,32.4199,19.31532,19.6669,-29.75477,-30.59895,17.66701,-6.289543,-30.51621,17.66701,
638521427881443016,558103,32.36504,19.28263,19.63362,-29.69872,-30.54131,17.63373,-6.277695,-30.45873,17.63373,
638521427881552992,558114,32.31037,19.25006,19.60046,-29.64287,-30.48388,17.60057,-6.265889,-30.40145,17.60057,
638521427881663008,558125,32.25566,19.21747,19.56727,-29.58698,-30.4264,17.56739,-6.254075,-30.34413,17.56739,
638521427881783012,558136,32.20089,19.18484,19.53405,-29.53102,-30.36886,17.53416,-6.242247,-30.28674,17.53416,
638521427881882999,558147,32.14404,19.15096,19.49956,-29.47293,-30.30912,17.49967,-6.229968,-30.22716,17.49967,
638521427881993010,558158,32.09073,19.11921,19.46722,-29.41847,-30.25311,17.46734,-6.218456,-30.17131,17.46734,
638521427882103000,558169,32.03591,19.08654,19.43397,-29.36246,-30.19551,17.43408,-6.206616,-30.11386,17.43408,
638521427882223002,558180,31.98112,19.0539,19.40073,-29.30648,-30.13795,17.40084,-6.194783,-30.05645,17.40084,
638521427882333016,558191,31.92589,19.02099,19.36723,-29.25006,-30.07991,17.36734,-6.182855,-29.99858,17.36734,
638521427882443104,558203,31.87139,18.98853,19.33417,-29.19438,-30.02266,17.33428,-6.171086,-29.94148,17.33428,
638521427882553088,558214,31.81625,18.95567,19.30071,-29.13804,-29.96472,17.30083,-6.159177,-29.8837,17.30083,
638521427882663088,558225,31.76097,18.92274,19.26718,-29.08156,-29.90664,17.26729,-6.147239,-29.82578,17.26729,
638521427882773103,558236,31.70654,18.89031,19.23416,-29.02595,-29.84945,17.23427,-6.135483,-29.76874,17.23427,
638521427882883089,558247,31.65129,18.8574,19.20065,-28.96951,-29.7914,17.20076,-6.123553,-29.71085,17.20076,
638521427882993091,558258,31.59642,18.8247,19.16736,-28.91344,-29.73375,17.16747,-6.111702,-29.65335,17.16747,
638521427883113102,558269,31.54192,18.79223,19.13429,-28.85776,-29.67649,17.13441,-6.099931,-29.59624,17.13441,
638521427883223094,558280,31.48655,18.75924,19.10071,-28.80119,-29.61831,17.10082,-6.087974,-29.53823,17.10082,
638521427883333097,558291,31.43147,18.72642,19.06729,-28.74491,-29.56044,17.0674,-6.076077,-29.48051,17.0674,
638521427883443092,558302,31.37679,18.69385,19.03412,-28.68904,-29.50299,17.03424,-6.064269,-29.42321,17.03424,
638521427883553090,558314,31.32202,18.66121,19.0009,-28.63309,-29.44544,17.00101,-6.05244,-29.36582,17.00101,
638521427883663091,558325,31.26681,18.62832,18.96741,-28.57668,-29.38744,16.96752,-6.040518,-29.30798,16.96752,
638521427883773097,558336,31.21202,18.59568,18.93417,-28.5207,-29.32987,16.93428,-6.028685,-29.25056,16.93428,
638521427883883103,558347,31.15676,18.56275,18.90064,-28.46424,-29.27181,16.90076,-6.01675,-29.19266,16.90076,
638521427883993103,558358,31.10209,18.53018,18.86748,-28.40839,-29.21437,16.8676,-6.004944,-29.13537,16.8676,
638521427884103093,558369,31.04717,18.49746,18.83417,-28.35227,-29.15666,16.83428,-5.993083,-29.07782,16.83428,
638521427884213089,558380,30.99219,18.46471,18.80082,-28.2961,-29.0989,16.80093,-5.98121,-29.02022,16.80093,
638521427884333087,558391,30.93749,18.43212,18.76763,-28.24022,-29.04143,16.76775,-5.969397,-28.9629,16.76775,
638521427884443085,558403,30.88255,18.39938,18.7343,-28.18409,-28.98371,16.73442,-5.957531,-28.90533,16.73442,
638521427884553083,558413,30.82698,18.36628,18.70059,-28.12731,-28.92532,16.70071,-5.94553,-28.84711,16.70071,
638521427884663090,558424,30.77279,18.33399,18.66772,-28.07195,-28.86839,16.66784,-5.933827,-28.79033,16.66784,
638521427884773090,558436,30.71795,18.30131,18.63445,-28.01591,-28.81076,16.63456,-5.921982,-28.73285,16.63456,
638521427884890782,558447,30.66267,18.26838,18.60091,-27.95943,-28.75268,16.60103,-5.910044,-28.67493,16.60103,
638521427884990790,558457,30.60747,18.23549,18.56743,-27.90304,-28.69469,16.56754,-5.898124,-28.61709,16.56754,
638521427885110785,558469,30.55324,18.20319,18.53453,-27.84764,-28.63771,16.53465,-5.886413,-28.56027,16.53465,
638521427885220779,558480,30.49813,18.17035,18.5011,-27.79133,-28.57981,16.50121,-5.87451,-28.50252,16.50121,
638521427885320770,558491,30.44253,18.13722,18.46737,-27.73452,-28.52139,16.46749,-5.862502,-28.44426,16.46749,
638521427885440785,558503,30.38845,18.105,18.43456,-27.67927,-28.46457,16.43468,-5.850822,-28.38759,16.43468,
638521427885550775,558513,30.3332,18.07209,18.40105,-27.62282,-28.40652,16.40116,-5.838891,-28.3297,16.40116,
638521427885660781,558525,30.2783,18.03938,18.36774,-27.56673,-28.34884,16.36786,-5.827035,-28.27218,16.36786,
638521427885770776,558536,30.2232,18.00655,18.33432,-27.51043,-28.29094,16.33443,-5.815134,-28.21444,16.33443,
638521427885890781,558547,30.16827,17.97382,18.301,-27.45432,-28.23323,16.30111,-5.803272,-28.15688,16.30111,
638521427886000780,558558,30.11181,17.94019,18.26675,-27.39664,-28.17392,16.26686,-5.79108,-28.09773,16.26686,
638521427886100773,558569,30.05834,17.90833,18.23431,-27.342,-28.11773,16.23442,-5.779531,-28.04169,16.23442,
638521427886220781,558580,30.00392,17.8759,18.2013,-27.2864,-28.06055,16.20141,-5.767778,-27.98467,16.20141,
638521427886330794,558592,29.94867,17.84299,18.16778,-27.22995,-28.0025,16.16789,-5.755847,-27.92678,16.16789,
638521427886440771,558602,29.89281,17.80971,18.1339,-27.17289,-27.94382,16.13401,-5.743784,-27.86825,16.13401,
638521427886550774,558613,29.83864,17.77743,18.10103,-27.11754,-27.8869,16.10115,-5.732085,-27.81148,16.10115,
638521427886660780,558624,29.7836,17.74464,18.06764,-27.0613,-27.82907,16.06776,-5.720198,-27.75381,16.06776,
638521427886770789,558636,29.72919,17.71222,18.03464,-27.00571,-27.7719,16.03475,-5.708447,-27.6968,16.03475,
638521427886880771,558647,29.67406,17.67938,18.0012,-26.94939,-27.71398,16.00131,-5.696543,-27.63904,16.00131,
638521427886990779,558658,29.61902,17.64659,17.96781,-26.89316,-27.65615,15.96792,-5.684656,-27.58137,15.96792,
638521427887110783,558669,29.5642,17.61393,17.93455,-26.83715,-27.59855,15.93466,-5.672816,-27.52392,15.93466,
638521427887220781,558680,29.50926,17.58119,17.90122,-26.78102,-27.54083,15.90133,-5.660951,-27.46635,15.90133,
638521427887330774,558691,29.45411,17.54834,17.86777,-26.72467,-27.48289,15.86788,-5.649042,-27.40857,15.86788,
638521427887440897,558702,29.39965,17.51589,17.83473,-26.66903,-27.42567,15.83485,-5.637281,-27.3515,15.83485,
638521427887550896,558714,29.34475,17.48318,17.80142,-26.61294,-27.36798,15.80154,-5.625424,-27.29397,15.80154,
638521427887660896,558724,29.28806,17.4494,17.76703,-26.55501,-27.30842,15.76715,-5.61318,-27.23457,15.76715,
638521427887780900,558736,29.23485,17.41771,17.73476,-26.50066,-27.25252,15.73487,-5.601691,-27.17882,15.73487,
638521427887880898,558746,29.17865,17.38422,17.70066,-26.44324,-27.19347,15.70078,-5.589553,-27.11993,15.70078,
638521427887990885,558758,29.12483,17.35216,17.66801,-26.38825,-27.13692,15.66813,-5.577929,-27.06353,15.66813,
638521427888100892,558769,29.07,17.31949,17.63475,-26.33223,-27.07931,15.63487,-5.566088,-27.00608,15.63487,
638521427888220917,558780,29.015,17.28672,17.60139,-26.27604,-27.02152,15.6015,-5.55421,-26.94845,15.6015,
638521427888330901,558791,28.95967,17.25375,17.56782,-26.21951,-26.96339,15.56794,-5.54226,-26.89047,15.56794,
638521427888440895,558802,28.90522,17.22132,17.53479,-26.16388,-26.90618,15.53491,-5.530501,-26.83342,15.53491,
638521427888580893,558816,28.85021,17.18854,17.50142,-26.10768,-26.84839,15.50154,-5.518621,-26.77578,15.50154,
638521427888690898,558827,28.78109,17.14736,17.45949,-26.03705,-26.77576,15.4596,-5.503693,-26.70334,15.4596,
638521427888800896,558838,28.72581,17.11442,17.42595,-25.98058,-26.71768,15.42607,-5.491755,-26.64542,15.42607,
638521427888960897,558854,28.67106,17.08181,17.39274,-25.92464,-26.66016,15.39286,-5.479932,-26.58806,15.39286,
638521427889010937,558860,28.59373,17.03574,17.34583,-25.84564,-26.57891,15.34595,-5.463232,-26.50703,15.34595,
638521427889100905,558868,28.56624,17.01936,17.32915,-25.81755,-26.55002,15.32927,-5.457294,-26.47822,15.32927,
638521427889220901,558880,28.52129,16.99257,17.30189,-25.77162,-26.5028,15.302,-5.447587,-26.43112,15.302,
638521427889330907,558891,28.4658,16.95951,17.26822,-25.71493,-26.44449,15.26834,-5.435602,-26.37297,15.26834,
638521427889440900,558902,28.41071,16.92669,17.2348,-25.65864,-26.38661,15.23492,-5.423705,-26.31525,15.23492,
638521427889550903,558914,28.35563,16.89387,17.20139,-25.60237,-26.32874,15.20151,-5.411809,-26.25753,15.20151,
638521427889660901,558924,28.30007,16.86077,17.16769,-25.5456,-26.27036,15.1678,-5.39981,-26.19931,15.1678,
638521427889770910,558936,28.24567,16.82836,17.13469,-25.49002,-26.2132,15.1348,-5.388062,-26.14231,15.1348,
638521427889888623,558947,28.19055,16.79552,17.10125,-25.43371,-26.1553,15.10137,-5.376159,-26.08456,15.10137,
638521427889998621,558958,28.13559,16.76278,17.06791,-25.37756,-26.09755,15.06802,-5.364289,-26.02697,15.06802,
638521427890108615,558969,28.08105,16.73029,17.03482,-25.32184,-26.04025,15.03494,-5.352511,-25.96982,15.03494,
638521427890218613,558980,28.02614,16.69757,17.00151,-25.26573,-25.98255,15.00163,-5.340651,-25.91228,15.00163,
638521427890328613,558991,27.97098,16.66471,16.96805,-25.20938,-25.9246,14.96817,-5.32874,-25.85449,14.96817,
638521427890438613,559002,27.91604,16.63197,16.93472,-25.15324,-25.86687,14.93484,-5.316874,-25.79691,14.93484,
638521427890548618,559013,27.8615,16.59948,16.90164,-25.09752,-25.80957,14.90175,-5.305096,-25.73977,14.90175,
638521427890658630,559024,27.80594,16.56638,16.86793,-25.04075,-25.75119,14.86805,-5.293096,-25.68155,14.86805,
638521427890768621,559036,27.75135,16.53386,16.83481,-24.98498,-25.69384,14.83493,-5.281307,-25.62435,14.83493,
638521427890888618,559047,27.69615,16.50097,16.80133,-24.92859,-25.63585,14.80145,-5.269387,-25.56651,14.80145,
638521427890998627,559058,27.64117,16.46821,16.76798,-24.87242,-25.57808,14.7681,-5.257513,-25.5089,14.7681,
638521427891108616,559069,27.5865,16.43564,16.73481,-24.81656,-25.52064,14.73493,-5.245706,-25.45161,14.73493,
638521427891218618,559080,27.53131,16.40276,16.70133,-24.76018,-25.46265,14.70145,-5.233787,-25.39378,14.70145,
638521427891328615,559091,27.47697,16.37038,16.66837,-24.70465,-25.40556,14.66848,-5.222051,-25.33684,14.66848,
638521427891438615,559102,27.42187,16.33756,16.63494,-24.64837,-25.34767,14.63506,-5.210152,-25.27911,14.63506,
638521427891558615,559114,27.36673,16.3047,16.6015,-24.59203,-25.28974,14.60161,-5.198244,-25.22133,14.60161,
638521427891656398,559124,27.31087,16.27142,16.56761,-24.53496,-25.23104,14.56773,-5.186181,-25.1628,14.56773,
638521427891776397,559136,27.25723,16.23947,16.53507,-24.48016,-25.17469,14.53519,-5.174597,-25.1066,14.53519,
638521427891886408,559147,27.20148,16.20625,16.50125,-24.42319,-25.1161,14.50136,-5.162555,-25.04817,14.50136,
638521427891996402,559158,27.14679,16.17366,16.46807,-24.36731,-25.05864,14.46819,-5.150744,-24.99087,14.46819,
638521427892106392,559169,27.09192,16.14097,16.43479,-24.31125,-25.00099,14.4349,-5.138895,-24.93338,14.4349,
638521427892216398,559180,27.03671,16.10808,16.40129,-24.25485,-24.94299,14.40141,-5.126972,-24.87553,14.40141,
638521427892326393,559191,26.9823,16.07567,16.36829,-24.19926,-24.88582,14.3684,-5.115222,-24.81852,14.3684,
638521427892436400,559202,26.92793,16.04328,16.33531,-24.14371,-24.8287,14.33542,-5.10348,-24.76155,14.33542,
638521427892546402,559213,26.87241,16.01019,16.30162,-24.08698,-24.77036,14.30174,-5.091488,-24.70336,14.30174,
638521427892656698,559224,26.81731,15.97737,16.2682,-24.03069,-24.71247,14.26832,-5.07959,-24.64564,14.26832,
638521427892766691,559235,26.76253,15.94473,16.23497,-23.97472,-24.65492,14.23508,-5.067759,-24.58823,14.23508,
638521427892886688,559247,26.70773,15.91208,16.20173,-23.91873,-24.59734,14.20184,-5.055924,-24.53081,14.20184,
638521427892996700,559258,26.65245,15.87915,16.16819,-23.86226,-24.53926,14.16831,-5.043986,-24.47289,14.16831,
638521427893106690,559269,26.59779,15.84658,16.13504,-23.80641,-24.48183,14.13515,-5.032182,-24.41561,14.13515,
638521427893216692,559280,26.54283,15.81383,16.10169,-23.75026,-24.42408,14.10181,-5.020311,-24.35802,14.10181,
638521427893326698,559291,26.48805,15.7812,16.06846,-23.69429,-24.36653,14.06858,-5.008482,-24.30062,14.06858,
638521427893436704,559302,26.43271,15.74823,16.03489,-23.63775,-24.30839,14.03501,-4.996531,-24.24264,14.03501,
638521427893546689,559313,26.37756,15.71537,16.00144,-23.5814,-24.25044,14.00155,-4.98462,-24.18485,14.00155,
638521427893656699,559324,26.32322,15.683,15.96848,-23.52589,-24.19335,13.96859,-4.972885,-24.12791,13.96859,
638521427893776693,559336,26.2684,15.65033,15.93521,-23.46987,-24.13574,13.93533,-4.961044,-24.07046,13.93533,
638521427893886693,559347,26.21225,15.61688,15.90115,-23.4125,-24.07675,13.90126,-4.948918,-24.01163,13.90126,
638521427893996704,559358,26.15804,15.58458,15.86827,-23.35712,-24.0198,13.86838,-4.937212,-23.95483,13.86838,
638521427894106701,559369,26.10397,15.55237,15.83547,-23.30188,-23.96299,13.83558,-4.925534,-23.89817,13.83558,
638521427894216692,559380,26.04848,15.51931,15.80181,-23.24518,-23.90468,13.80192,-4.91355,-23.84002,13.80192,
638521427894326699,559391,25.99335,15.48646,15.76836,-23.18885,-23.84675,13.76847,-4.901643,-23.78225,13.76847,
638521427894436689,559402,25.93921,15.4542,15.73552,-23.13354,-23.78987,13.73563,-4.889951,-23.72552,13.73563,
638521427894546707,559413,25.88376,15.42117,15.70189,-23.07689,-23.73162,13.702,-4.877977,-23.66743,13.702,
638521427894656695,559424,25.82758,15.3877,15.6678,-23.01949,-23.67259,13.66791,-4.865844,-23.60856,13.66791,
638521427894766703,559435,25.77412,15.35585,15.63537,-22.96487,-23.61642,13.63548,-4.854299,-23.55254,13.63548,
638521427894886695,559447,25.71875,15.32286,15.60178,-22.9083,-23.55824,13.60189,-4.84234,-23.49452,13.60189,
638521427894996701,559458,25.66413,15.29032,15.56865,-22.8525,-23.50085,13.56876,-4.830544,-23.43729,13.56876,
638521427895106720,559469,25.60906,15.2575,15.53524,-22.79623,-23.44299,13.53535,-4.818651,-23.37958,13.53535,
638521427895216692,559480,25.55305,15.22414,15.50127,-22.73901,-23.38415,13.50138,-4.806556,-23.3209,13.50138,
638521427895326702,559491,25.49841,15.19158,15.46812,-22.68318,-23.32673,13.46823,-4.794755,-23.26364,13.46823,
638521427895436693,559502,25.44475,15.15961,15.43557,-22.62836,-23.27036,13.43568,-4.783166,-23.20741,13.43568,
638521427895546704,559513,25.38966,15.12679,15.40215,-22.57208,-23.21248,13.40226,-4.77127,-23.14969,13.40226,
638521427895662316,559524,25.33483,15.09412,15.36888,-22.51605,-23.15486,13.36899,-4.759427,-23.09223,13.36899,
638521427895772304,559535,25.27915,15.06095,15.33511,-22.45917,-23.09637,13.33522,-4.747404,-23.0339,13.33522,
638521427895882338,559547,25.22493,15.02865,15.30222,-22.40377,-23.0394,13.30233,-4.735693,-22.97708,13.30233,
638521427895992314,559557,25.16769,14.99454,15.26749,-22.34529,-22.97925,13.2676,-4.723331,-22.9171,13.2676,
638521427896102307,559569,25.11476,14.96301,15.23539,-22.29122,-22.92365,13.2355,-4.711901,-22.86164,13.2355,
638521427896212302,559580,25.06012,14.93046,15.20224,-22.23539,-22.86623,13.20235,-4.7001,-22.80439,13.20235,
638521427896322316,559591,25.00511,14.89768,15.16886,-22.17918,-22.80843,13.16897,-4.688219,-22.74674,13.16897,
638521427896432316,559602,24.95003,14.86487,15.13546,-22.12291,-22.75057,13.13557,-4.676325,-22.68903,13.13557,
638521427896552724,559613,24.89509,14.83213,15.10212,-22.06678,-22.69284,13.10223,-4.664459,-22.63146,13.10223,
638521427896662525,559624,24.83993,14.79927,15.06866,-22.01042,-22.63488,13.06877,-4.652546,-22.57366,13.06877,
638521427896772518,559635,24.78435,14.76616,15.03495,-21.95364,-22.57649,13.03506,-4.640544,-22.51542,13.03506,
638521427896882524,559646,24.7304,14.73401,15.00222,-21.89852,-22.5198,13.00233,-4.628892,-22.45889,13.00233,
638521427896992519,559658,24.6752,14.70112,14.96873,-21.84212,-22.46181,12.96884,-4.616971,-22.40105,12.96884,
638521427897102521,559669,24.62039,14.66847,14.93548,-21.78612,-22.40422,12.93559,-4.605134,-22.34362,12.93559,
638521427897212552,559680,24.56565,14.63585,14.90227,-21.73019,-22.3467,12.90238,-4.593312,-22.28626,12.90238,
638521427897322536,559691,24.51015,14.60279,14.86861,-21.67349,-22.28839,12.86872,-4.581327,-22.2281,12.86872,
638521427897432524,559702,24.45566,14.57032,14.83555,-21.61782,-22.23114,12.83566,-4.569559,-22.17101,12.83566,
638521427897542519,559713,24.40086,14.53767,14.80231,-21.56182,-22.17356,12.80242,-4.557724,-22.11358,12.80242,
638521427897657482,559724,24.34589,14.50493,14.76896,-21.50567,-22.11581,12.76907,-4.545853,-22.05599,12.76907,
638521427897767485,559735,24.29141,14.47247,14.73591,-21.45,-22.05857,12.73602,-4.534087,-21.9989,12.73602,
638521427897877491,559746,24.23624,14.4396,14.70244,-21.39364,-22.0006,12.70255,-4.522171,-21.94109,12.70255,
638521427897987482,559757,24.18075,14.40654,14.66879,-21.33695,-21.9423,12.6689,-4.510189,-21.88295,12.6689,
638521427898097479,559769,24.12648,14.37421,14.63586,-21.2815,-21.88528,12.63597,-4.498468,-21.82608,12.63597,
638521427898217484,559780,24.07127,14.34131,14.60237,-21.22509,-21.82727,12.60248,-4.486544,-21.76823,12.60248,
638521427898327494,559791,24.0157,14.3082,14.56866,-20.08141,9.035826,20,-4.474544,-21.71,12.56877,
638521427898437477,559802,23.96201,14.27621,14.53609,-20.04871,9.02111,19.96743,-4.462947,-21.65374,12.5362,
638521427898547504,559813,23.90676,14.2433,14.50258,-20.01506,9.00597,19.93392,-4.451017,-21.59586,12.50269,
638521427898650988,559824,23.84981,14.20937,14.46803,-19.98037,8.99036,19.89937,-4.438717,-21.53618,12.46814,
638521427898770996,559835,23.79737,14.17813,14.43621,-19.94843,8.975987,19.86755,-4.427392,-21.48123,12.43632,
638521427898880999,559847,23.74187,14.14506,14.40255,-19.91462,8.960777,19.83389,-4.415406,-21.42307,12.40266,
638521427898990989,559858,23.68593,14.11173,14.36861,-19.88055,8.945446,19.79995,-4.403326,-21.36446,12.36872,
638521427899100991,559868,23.63227,14.07976,14.33606,-19.84787,8.930739,19.7674,-4.391737,-21.30823,12.33617,
638521427899211000,559880,23.57714,14.04692,14.30261,-19.81428,8.915628,19.73395,-4.37983,-21.25046,12.30272,
638521427899321000,559891,23.52168,14.01387,14.26897,-19.7805,8.900429,19.70031,-4.367853,-21.19235,12.26908,
638521427899431005,559902,23.46732,13.98149,14.236,-19.74739,8.88553,19.66733,-4.356113,-21.13539,12.23611,
638521427899551007,559913,23.41201,13.94853,14.20244,-19.7137,8.870373,19.63378,-4.344169,-21.07744,12.20255,
638521427899657495,559924,23.35626,13.91532,14.16862,-19.67975,8.855094,19.59996,-4.332129,-21.01902,12.16874,
638521427899767498,559935,23.30233,13.88319,14.13591,-19.6469,8.840313,19.56725,-4.320482,-20.96251,12.13602,
638521427899877491,559946,23.2475,13.85052,14.10264,-19.61349,8.825284,19.53398,-4.308639,-20.90505,12.10275,
638521427899997498,559958,23.19254,13.81778,14.06931,-19.58002,8.810224,19.50065,-4.296772,-20.84747,12.06942,
638521427900097493,559968,23.13598,13.78408,14.03499,-19.54557,8.794721,19.46633,-4.284556,-20.7882,12.0351,
638521427900217498,559980,23.0826,13.75228,14.00261,-19.51306,8.780092,19.43395,-4.273029,-20.73227,12.00273,
638521427900327497,559991,23.02692,13.7191,13.96883,-19.47914,8.76483,19.40017,-4.261003,-20.67392,11.96894,
638521427900437484,560002,22.97267,13.68678,13.93593,-19.4461,8.749962,19.36727,-4.249287,-20.61708,11.93604,
638521427900547502,560013,22.91781,13.65409,13.90264,-19.41269,8.734925,19.33398,-4.237439,-20.55959,11.90275,
638521427900658691,560024,22.86308,13.62149,13.86944,-19.37935,8.719926,19.30078,-4.225619,-20.50224,11.86955,
638521427900768653,560035,22.8082,13.58879,13.83616,-19.34593,8.704886,19.2675,-4.213768,-20.44474,11.83627,
638521427900878656,560046,22.75318,13.55601,13.80278,-19.31241,8.689806,19.23412,-4.201886,-20.38709,11.80289,
638521427900988659,560058,22.69805,13.52316,13.76933,-19.27883,8.674696,19.20067,-4.189979,-20.32932,11.76944,
638521427901098664,560069,22.64322,13.4905,13.73607,-19.24543,8.659668,19.16741,-4.178137,-20.27187,11.73618,
638521427901218654,560080,22.58802,13.45761,13.70259,-19.21182,8.644542,19.13393,-4.166218,-20.21403,11.7027,
638521427901318651,560091,22.53312,13.4249,13.66928,-19.17837,8.629494,19.10062,-4.15436,-20.1565,11.66939,
638521427901438659,560102,22.47902,13.39267,13.63646,-19.14542,8.614667,19.0678,-4.142677,-20.09982,11.63657,
638521427901548652,560113,22.42234,13.3589,13.60208,-19.1109,8.599133,19.03342,-4.130436,-20.04042,11.60219,
638521427901658774,560124,22.36857,13.32686,13.56946,-19.07815,8.584395,19.0008,-4.118823,-19.98408,11.56957,
638521427901768762,560135,22.31405,13.29438,13.53639,-19.04494,8.569454,18.96773,-4.107049,-19.92696,11.5365,
638521427901878768,560146,22.259,13.26159,13.50299,-19.01141,8.554366,18.93433,-4.09516,-19.86927,11.5031,
638521427901988767,560157,22.20392,13.22877,13.46957,-18.97786,8.539268,18.90092,-4.083264,-19.81155,11.46969,
638521427902098761,560169,22.14868,13.19586,13.43607,-18.94421,8.524131,18.86741,-4.071335,-19.75367,11.43618,
638521427902208784,560179,22.09322,13.16282,13.40243,-18.91043,8.508932,18.83377,-4.059359,-19.69556,11.40254,
638521427902318761,560191,22.03897,13.13049,13.36951,-18.87739,8.494062,18.80085,-4.047641,-19.63871,11.36963,
638521427902438762,560202,21.98427,13.09791,13.33633,-18.84407,8.479072,18.76767,-4.035829,-19.5814,11.33644,
638521427902548769,560213,21.92893,13.06493,13.30276,-18.81036,8.463903,18.7341,-4.023877,-19.52341,11.30287,
638521427902657663,560224,21.87432,13.0324,13.26963,-18.7771,8.448936,18.70097,-4.012084,-19.46619,11.26974,
638521427902767677,560235,21.8194,12.99967,13.23631,-18.74365,8.433883,18.66765,-4.000222,-19.40864,11.23642,
638521427902877672,560246,21.76434,12.96687,13.20292,-18.71011,8.418794,18.63425,-3.988332,-19.35095,11.20303,
638521427902987670,560257,21.70959,12.93426,13.16971,-18.67677,8.40379,18.60104,-3.976509,-19.29358,11.16982,
638521427903097680,560268,21.65448,12.90142,13.13627,-18.6432,8.388685,18.56761,-3.964607,-19.23584,11.13638,
638521427903207679,560279,21.59926,12.86852,13.10277,-18.60956,8.37355,18.53411,-3.95268,-19.17797,11.10288,
638521427903317685,560290,21.54449,12.83589,13.06954,-18.5762,8.358538,18.50088,-3.940851,-19.12057,11.06966,
638521427903437678,560302,21.49017,12.80352,13.03659,-18.54311,8.343651,18.46793,-3.92912,-19.06366,11.0367,
638521427903552882,560313,21.43456,12.7704,13.00286,-18.50925,8.328412,18.4342,-3.917112,-19.0054,11.00297,
638521427903652893,560324,21.37822,12.73683,12.96868,-18.47493,8.312969,18.40002,-3.904943,-18.94635,10.96879,
638521427903762886,560335,21.32444,12.70479,12.93606,-18.44217,8.298231,18.3674,-3.89333,-18.89001,10.93617,
638521427903872886,560346,21.27027,12.67251,12.9032,-18.40917,8.283383,18.33454,-3.88163,-18.83324,10.90331,
638521427903992871,560357,21.21538,12.63981,12.8699,-18.37574,8.26834,18.30124,-3.869776,-18.77573,10.87001,
638521427904102885,560368,21.16047,12.60709,12.83659,-18.34229,8.25329,18.26793,-3.857917,-18.71819,10.8367,
638521427904212911,560379,21.10546,12.57432,12.80322,-18.30879,8.238214,18.23456,-3.846036,-18.66055,10.80333,
638521427904322878,560390,21.05023,12.54142,12.76972,-18.27515,8.223079,18.20106,-3.83411,-18.60268,10.76983,
638521427904432881,560402,20.99568,12.50892,12.73663,-18.24192,8.208128,18.16796,-3.82233,-18.54552,10.73674,
638521427904542998,560413,20.94058,12.47609,12.7032,-18.20836,8.193027,18.13454,-3.81043,-18.48779,10.70331,
638521427904652988,560424,20.88562,12.44334,12.66986,-18.17488,8.177963,18.1012,-3.79856,-18.43019,10.66997,
638521427904762992,560435,20.83142,12.41105,12.63698,-18.14187,8.163109,18.06832,-3.786855,-18.3734,10.63709,
638521427904878807,560446,20.77599,12.37803,12.60335,-18.10811,8.147917,18.03469,-3.774884,-18.31532,10.60346,
638521427904988574,560457,20.7206,12.34503,12.56975,-18.07437,8.132736,18.00109,-3.762922,-18.25728,10.56986,
638521427905098560,560468,20.66639,12.31273,12.53686,-18.04135,8.117877,17.9682,-3.751213,-18.20047,10.53697,
638521427905208557,560479,20.61079,12.2796,12.50314,-18.00748,8.10264,17.93448,-3.739207,-18.14222,10.50325,
638521427905318566,560491,20.55614,12.24705,12.46999,-17.9742,8.087664,17.90133,-3.727405,-18.08496,10.4701,
638521427905428563,560502,20.5007,12.21401,12.43635,-17.94043,8.072467,17.86769,-3.71543,-18.02686,10.43646,
638521427905548673,560513,20.44621,12.18155,12.4033,-17.90724,8.057534,17.83464,-3.703663,-17.96976,10.40341,
638521427905648795,560524,20.39017,12.14816,12.3693,-17.87311,8.042176,17.80064,-3.691561,-17.91105,10.36941,
638521427905768792,560535,20.33684,12.11639,12.33695,-17.84062,8.027559,17.76829,-3.680043,-17.85516,10.33706,
638521427905878803,560546,20.28169,12.08353,12.30349,-17.80703,8.012444,17.73483,-3.668133,-17.79737,10.3036,
638521427905988793,560557,20.22578,12.05022,12.26958,-17.77297,7.99712,17.70092,-3.656057,-17.73878,10.26969,
638521427906098800,560568,20.17019,12.0171,12.23585,-17.73911,7.981885,17.66719,-3.644052,-17.68053,10.23596,
638521427906208798,560579,20.11678,11.98528,12.20345,-17.70658,7.967247,17.63479,-3.632517,-17.62457,10.20356,
638521427906318818,560590,20.06168,11.95245,12.17003,-17.67302,7.952146,17.60137,-3.620618,-17.56683,10.17014,
638521427906428801,560602,20.00706,11.91991,12.1369,-17.63975,7.937178,17.56824,-3.608823,-17.50961,10.13701,
638521427906548897,560613,19.95146,11.88678,12.10317,-17.60589,7.921939,17.53451,-3.596815,-17.45135,10.10328,
638521427906660774,560624,19.89584,11.85364,12.06943,-17.57201,7.906695,17.50077,-3.584803,-17.39306,10.06954,
638521427906770773,560635,19.84138,11.8212,12.03639,-17.53884,7.89177,17.46774,29.54222,-30.07294,20,
638521427906880772,560646,19.78649,11.7885,12.00309,-17.5054,7.876726,17.43444,29.49304,-30.02287,19.9667,
638521427906990766,560657,19.73199,11.75602,11.97002,-17.4722,7.861787,17.40137,29.44419,-29.97315,19.93364,
638521427907100770,560668,19.67766,11.72366,11.93707,-17.43911,7.846899,17.36842,29.39552,-29.9236,19.90068,
638521427907210764,560679,19.62232,11.69068,11.9035,-17.4054,7.83173,17.33484,29.34592,-29.87312,19.86711,
638521427907320780,560690,19.56747,11.65801,11.87023,-17.372,7.816699,17.30157,29.29678,-29.82309,19.83384,
638521427907430872,560702,19.51295,11.62552,11.83715,-17.33879,7.801757,17.2685,29.24793,-29.77337,19.80076,
638521427907540992,560713,19.45712,11.59226,11.80328,-17.30478,7.786454,17.23463,29.1979,-29.72243,19.76689,
638521427907652750,560724,19.40235,11.55963,11.77006,-17.27142,7.771444,17.20141,29.14882,-29.67248,19.73367,
638521427907762743,560735,19.34769,11.52706,11.7369,-17.23812,7.756462,17.16825,29.09984,-29.62262,19.70051,
638521427907872753,560746,19.29247,11.49417,11.7034,-17.2045,7.74133,17.13475,29.05037,-29.57225,19.66702,
638521427907982743,560757,19.23805,11.46174,11.67039,-17.17134,7.726413,17.10174,29.0016,-29.52261,19.634,
638521427908102744,560768,19.18324,11.42908,11.63714,-17.13796,7.71139,17.06849,28.95248,-29.47261,19.60075,
638521427908212747,560779,19.12793,11.39613,11.60359,-17.10427,7.696233,17.03494,28.90293,-29.42216,19.5672,
638521427908322749,560790,19.07348,11.36369,11.57055,-17.07111,7.681309,17.0019,28.85413,-29.37249,19.53417,
638521427908432741,560801,19.01827,11.3308,11.53706,-17.03748,7.666178,16.96841,28.80466,-29.32213,19.50068,
638521427908542751,560813,18.96324,11.29801,11.50368,-17.00396,7.651097,16.93503,28.75535,-29.27194,19.4673,
638521427908657168,560824,18.90817,11.26521,11.47028,-16.97042,7.636004,16.90163,28.70601,-29.22171,19.43389,
638521427908767174,560835,18.85206,11.23178,11.43624,-16.93624,7.620626,16.86759,28.65573,-29.17053,19.39985,
638521427908877162,560846,18.79803,11.19958,11.40346,-16.90333,7.605818,16.83481,28.60732,-29.12124,19.36708,
638521427908987168,560857,18.74334,11.167,11.37028,-16.87002,7.590828,16.80164,28.55831,-29.07136,19.3339,
638521427909097171,560868,18.68911,11.13469,11.33738,-16.83698,7.575964,16.76874,28.50971,-29.02188,19.301,
638521427909207174,560879,18.63421,11.10198,11.30408,-16.80355,7.560919,16.73544,28.46052,-28.97181,19.2677,
638521427909317173,560890,18.57847,11.06878,11.27027,-16.7696,7.545643,16.70162,28.41058,-28.92097,19.23389,
638521427909427171,560901,18.52415,11.03641,11.23732,-16.73651,7.530756,16.66867,28.3619,-28.87142,19.20094,
638521427909537157,560912,18.46881,11.00344,11.20375,-16.70281,7.515589,16.6351,28.31232,-28.82094,19.16737,
638521427909658549,560924,18.41407,10.97083,11.17054,-16.66946,7.500585,16.60189,28.26326,-28.77101,19.13416,
638521427909768538,560935,18.3588,10.9379,11.13701,-16.6358,7.485437,16.56836,28.21374,-28.72059,19.10063,
638521427909878537,560946,18.30409,10.9053,11.10382,-16.60247,7.470442,16.53517,28.16471,-28.67068,19.06744,
638521427909988542,560957,18.24917,10.87258,11.0705,-16.56902,7.45539,16.50186,28.1155,-28.62059,19.03412,
638521427910098535,560968,18.19446,10.83998,11.03732,-16.5357,7.440396,16.46867,28.06648,-28.57069,19.00093,
638521427910208529,560979,18.1397,10.80736,11.0041,-16.50234,7.425388,16.43545,28.01741,-28.52074,18.96771,
638521427910318534,560990,18.0847,10.77459,10.97073,-16.46884,7.410313,16.40208,27.96812,-28.47057,18.93435,
638521427910428525,561001,18.0299,10.74194,10.93749,-16.43546,7.395294,16.36884,27.91902,-28.42058,18.90111,
638521427910538534,561013,17.97446,10.70891,10.90386,-16.4017,7.3801,16.33521,27.86934,-28.37001,18.86748,
638521427910647202,561023,17.91877,10.67573,10.87007,-16.36777,7.364836,16.30143,27.81944,-28.31921,18.83369,
638521427910767203,561035,17.86518,10.6438,10.83756,-16.33513,7.350149,16.26892,27.77142,-28.27033,18.80118,
638521427910877198,561046,17.81013,10.611,10.80416,-16.3016,7.33506,16.23552,27.72209,-28.22011,18.76778,
638521427910987208,561057,17.75428,10.57773,10.77029,-16.26758,7.319754,16.20164,27.67204,-28.16917,18.73391,
638521427911097206,561068,17.7003,10.54557,10.73754,-16.2347,7.304959,16.16889,27.62367,-28.11993,18.70116,
638521427911207202,561079,17.64512,10.51269,10.70407,-16.20109,7.289837,16.13542,27.57423,-28.0696,18.66769,
638521427911317200,561090,17.59009,10.47991,10.67068,-16.16757,7.274754,16.10204,27.52492,-28.0194,18.6343,
638521427911427204,561101,17.53589,10.44761,10.6378,-16.13456,7.2599,16.06916,27.47635,-27.96996,18.60143,
638521427911547203,561113,17.47988,10.41424,10.60382,-16.10044,7.244548,16.03518,27.42616,-27.91887,18.56745,
638521427911657201,561124,17.42395,10.38092,10.5699,-16.06637,7.22922,16.00125,27.37604,-27.86785,18.53352,
638521427911767202,561135,17.36986,10.34869,10.53708,-16.03343,7.214395,15.96844,27.32757,-27.81851,18.5007,
638521427911877216,561146,17.31579,10.31648,10.50428,-16.00049,7.199576,15.93564,27.27913,-27.7692,18.46791,
638521427911987201,561157,17.26083,10.28374,10.47094,-15.96702,7.184513,15.9023,27.22988,-27.71906,18.43456,
638521427912097215,561168,17.20579,10.25095,10.43756,-15.93349,7.169429,15.86891,27.18056,-27.66886,18.40118,
638521427912207205,561179,17.15043,10.21796,10.40397,-15.89977,7.154256,15.83533,27.13095,-27.61836,18.36759,
638521427912317207,561190,17.09619,10.18564,10.37107,-15.86673,7.139389,15.80242,27.08235,-27.56888,18.33469,
638521427912427218,561201,17.04085,10.15267,10.33749,-15.83302,7.124222,15.76885,27.03276,-27.5184,18.30112,
638521427912537209,561212,16.98584,10.1199,10.30412,-15.79952,7.109146,15.73548,26.98347,-27.46823,18.26775,
638521427912656720,561224,16.93107,10.08727,10.2709,-15.76616,7.094135,15.70225,26.93439,-27.41827,18.23452,
638521427912766714,561235,16.876,10.05446,10.23749,-15.73262,7.079042,15.66885,26.88505,-27.36804,18.20111,
638521427912876717,561246,16.82124,10.02183,10.20427,-15.69926,7.064034,15.63563,26.83598,-27.31808,18.16789,
638521427912986723,561257,16.76634,9.989126,10.17097,-15.66582,7.048988,15.60233,26.78679,-27.26801,18.13459,
638521427913096705,561268,16.71179,9.956627,10.13788,-15.6326,7.034038,15.56923,26.73791,-27.21825,18.1015,
638521427913206718,561279,16.65629,9.923559,10.10421,-15.59879,7.018826,15.53557,26.68817,-27.16763,18.06783,
638521427913316708,561290,16.60155,9.890944,10.071,-15.56545,7.003823,15.50236,26.63912,-27.11769,18.03462,
638521427913426705,561301,16.54721,9.85857,10.03804,-15.53235,6.988931,15.46939,26.59043,-27.06813,18.00166,
638521427913536713,561312,16.492,9.825677,10.00454,-15.49872,6.973799,15.4359,26.54096,-27.01777,17.96817,
638521427913655427,561324,16.43716,9.793005,9.971277,-15.46532,6.95877,15.40263,26.49182,-26.96774,17.9349,
638521427913765429,561335,16.38078,9.759414,9.937075,-15.43098,6.943317,15.36843,26.4413,-26.91632,17.9007,
638521427913875440,561346,16.3268,9.727252,9.904327,-15.3981,6.928523,15.33568,26.39293,-26.86708,17.86795,
638521427913985428,561357,16.27191,9.694551,9.871032,-15.36467,6.91348,15.30239,26.34374,-26.81701,17.83466,
638521427914095423,561368,16.21719,9.66195,9.837837,-15.33134,6.898483,15.26919,26.29471,-26.7671,17.80146,
638521427914205433,561379,16.16238,9.629297,9.804589,-15.29795,6.883462,15.23595,26.2456,-26.71711,17.76822,
638521427914315433,561390,16.10699,9.596298,9.770989,-15.26422,6.868282,15.20235,26.19597,-26.66658,17.73462,
638521427914425434,561401,16.05239,9.563766,9.737864,-15.23096,6.853316,15.16922,26.14704,-26.61678,17.70149,
638521427914535426,561412,15.9974,9.531002,9.704505,-15.19746,6.838245,15.13586,26.09776,-26.56661,17.66813,
638521427914657097,561424,15.94245,9.498266,9.671173,-15.164,6.823186,15.10253,26.04853,-26.51649,17.6348,
638521427914757095,561434,15.88683,9.465126,9.63743,-15.13012,6.807941,15.06879,25.99869,-26.46576,17.60106,
638521427914877104,561446,15.83281,9.43294,9.604658,-15.09721,6.793135,15.03601,25.95028,-26.41648,17.56828,
638521427914987099,561457,15.77772,9.400119,9.571239,-15.06366,6.778037,15.0026,25.90092,-26.36623,17.53487,
638521427915097109,561468,15.72301,9.367525,9.538053,-15.03033,6.763043,14.96941,25.8519,-26.31633,17.50168,
638521427915207093,561479,15.66749,9.334448,9.504373,-14.99652,6.747827,14.93573,25.80215,-26.26569,17.468,
638521427915317118,561490,15.61299,9.301976,9.47131,-14.96332,6.73289,14.90267,25.75331,-26.21597,17.43494,
638521427915427098,561501,15.5583,9.269396,9.438136,-14.93001,6.717902,14.86949,25.70431,-26.16609,17.40176,
638521427915537105,561512,15.50336,9.236661,9.404805,-14.89655,6.702844,14.83616,25.65508,-26.11597,17.36843,
638521427915647094,561523,15.44824,9.203819,9.371366,-14.86297,6.687736,14.80272,25.60568,-26.06569,17.33499,
638521427915757099,561534,15.39344,9.171169,9.338121,-14.82959,6.672717,14.76948,25.55658,-26.0157,17.30175,
638521427915877115,561546,15.33845,9.13841,9.304766,-14.7961,6.657647,14.73612,25.50731,-25.96555,17.26839,
638521427915987102,561557,15.28327,9.105534,9.271291,-14.76249,6.642523,14.70265,25.45786,-25.91521,17.23492,
638521427916097090,561568,15.22859,9.07296,9.238124,-14.72919,6.627539,14.66948,25.40887,-25.86534,17.20175,
638521427916207102,561579,15.17329,9.040011,9.204576,-14.6955,6.612382,14.63593,25.35932,-25.8149,17.16821,
638521427916317090,561590,15.11891,9.007613,9.171588,-14.66238,6.597478,14.60294,25.31059,-25.7653,17.13522,
638521427916427110,561601,15.06368,8.974706,9.138082,-14.62873,6.58234,14.56944,25.2611,-25.71491,17.10171,
638521427916537110,561612,15.0086,8.941892,9.104671,-14.59519,6.567245,14.53603,25.21174,-25.66468,17.0683,
638521427916647214,561623,14.95357,8.909105,9.071288,-14.56167,6.552164,14.50264,25.16243,-25.61448,17.03492,
638521427916767221,561635,14.89793,8.875955,9.037534,-14.52778,6.536914,14.46889,25.11258,-25.56373,17.00116,
638521427916877222,561646,14.84341,8.843471,9.004458,-14.49457,6.521971,14.43581,25.06372,-25.51399,16.96809,
638521427916987225,561657,14.78859,8.810807,8.971201,-14.46117,6.506945,14.40256,25.0146,-25.46399,16.93483,
638521427917097222,561668,14.73405,8.778312,8.938114,-14.42795,6.491997,14.36947,24.96572,-25.41423,16.90174,
638521427917207232,561679,14.67878,8.745388,8.904592,-14.39429,6.476851,14.33595,24.91621,-25.36383,16.86822,
638521427917317217,561690,14.62377,8.712611,8.871218,-14.36078,6.461773,14.30257,24.86691,-25.31365,16.83485,
638521427917427222,561701,14.56999,8.680572,8.838594,-14.32803,6.447035,14.26995,24.81872,-25.26459,16.80223,
638521427917537221,561712,14.5148,8.647692,8.805116,-14.29441,6.43191,14.23647,24.76927,-25.21425,16.76875,
638521427917647331,561723,14.45946,8.614719,8.771544,-14.2607,6.416742,14.2029,24.71968,-25.16377,16.73517,
638521427917757335,561734,14.40461,8.582038,8.738268,-14.22729,6.401708,14.16962,24.67053,-25.11374,16.7019,
638521427917877332,561746,14.3498,8.549385,8.705021,-14.19391,6.386687,14.13638,24.62142,-25.06375,16.66865,
638521427917977339,561756,14.29411,8.516206,8.671238,-14.15999,6.371424,14.10259,24.57152,-25.01295,16.63487,
638521427918097439,561768,14.24022,8.484097,8.638544,-14.12716,6.356654,14.0699,24.52323,-24.96379,16.60217,
638521427918207440,561779,14.18495,8.451169,8.605017,-14.0935,6.341506,14.03637,24.47371,-24.91337,16.56865,
638521427918317440,561790,14.12978,8.418299,8.571548,-14.05989,6.326385,14.0029,24.42427,-24.86305,16.53518,
638521427918427431,561801,14.07519,8.385773,8.53843,-14.02664,6.311423,13.96979,24.37535,-24.81325,16.50206,
638521427918537433,561812,14.02059,8.353241,8.505306,-13.99338,6.296458,13.93666,24.32642,-24.76344,16.46894,
638521427918647565,561823,13.96525,8.320275,8.471741,-13.95968,6.281293,13.9031,24.27684,-24.71297,16.43537,
638521427918757567,561834,13.91072,8.287786,8.438661,-13.92647,6.266348,13.87002,24.22798,-24.66323,16.40229,
638521427918867568,561845,13.85561,8.25495,8.405226,-13.89289,6.251242,13.83658,24.17859,-24.61296,16.36886,
638521427918977574,561857,13.80025,8.221969,8.371644,-13.85918,6.23607,13.803,24.12899,-24.56246,16.33528,
638521427919087575,561868,13.74574,8.189489,8.338573,-13.82597,6.221129,13.76993,24.08014,-24.51274,16.30221,
638521427919207565,561879,13.69089,8.156813,8.305302,-13.79256,6.206098,13.73666,24.03099,-24.46271,16.26894,
638521427919317566,561890,13.63588,8.124042,8.271934,-13.75906,6.191022,13.70329,23.98171,-24.41253,16.23557,
638521427919427573,561901,13.58152,8.091653,8.238955,-13.72595,6.176123,13.67031,23.93299,-24.36295,16.20259,
638521427919537577,561912,13.52632,8.058764,8.205467,-13.69232,6.160994,13.63682,23.88353,-24.31259,16.1691,
638521427919645970,561923,13.47111,8.025871,8.171976,-13.6587,6.145863,13.60333,23.83406,-24.26223,16.13561,
638521427919765960,561934,13.4165,7.993337,8.13885,-13.62543,6.130897,13.57021,23.78513,-24.21242,16.10248,
638521427919875966,561946,13.36039,7.959907,8.104811,-13.59126,6.115518,13.53617,23.73485,-24.16124,16.06845,
638521427919985971,561957,13.30507,7.92695,8.071255,-13.55756,6.100358,13.50261,23.68528,-24.11078,16.03489,
638521427920095956,561968,13.25116,7.89483,8.038549,-13.52472,6.085581,13.46991,23.63697,-24.06161,16.00218,
638521427920205963,561979,13.19621,7.862092,8.005217,-13.49126,6.070522,13.43657,23.58773,-24.01148,15.96885,
638521427920315965,561990,13.14115,7.82929,7.971817,-13.45772,6.055432,13.40317,23.5384,-23.96126,15.93545,
638521427920425960,562001,13.08703,7.797041,7.938982,-13.42475,6.040597,13.37034,23.4899,-23.91189,15.90262,
638521427920535961,562012,13.03071,7.763489,7.904819,-13.39045,6.025163,13.33617,23.43943,-23.86052,15.86845,
638521427920645961,562023,12.9769,7.73143,7.872176,-13.35767,6.010415,13.30353,23.39122,-23.81144,15.83581,
638521427920755958,562034,12.92144,7.698386,7.838531,-13.32389,5.995214,13.26989,23.34152,-23.76085,15.80216,
638521427920865951,562045,12.86679,7.665826,7.805377,-13.2906,5.980236,13.23673,23.29255,-23.711,15.76901,
638521427920975961,562056,12.81192,7.633138,7.772095,-13.25719,5.965199,13.20345,23.24339,-23.66095,15.73573,
638521427921095964,562067,-24.81424,-33.93068,20,-13.22393,5.950236,13.17033,23.19446,-23.61115,15.70261,
638521427921205957,562079,-24.77294,-33.87421,19.96671,-13.19051,5.935198,13.13705,23.1453,-23.5611,15.66932,
638521427921315958,562090,-24.73174,-33.81787,19.93351,-13.15717,5.920196,13.10384,23.09625,-23.51117,15.63612,
638521427921425958,562101,-24.69055,-33.76154,19.9003,-13.12383,5.905196,13.07064,23.0472,-23.46125,15.60292,
638521427921535962,562112,-24.64898,-33.7047,19.8668,-13.09019,5.890059,13.03714,22.99772,-23.41087,15.56942,
638521427921645950,562123,-24.60736,-33.6478,19.83326,-13.05651,5.874906,13.0036,22.94817,-23.36044,15.53587,
638521427921755971,562134,-24.56664,-33.59212,19.80044,-13.02356,5.860079,12.97078,22.8997,-23.31109,15.50306,
638521427921865967,562145,-24.52504,-33.53523,19.76691,-12.98989,5.844928,12.93724,22.85016,-23.26067,15.46952,
638521427921975967,562156,-24.48355,-33.4785,19.73347,-12.95632,5.829821,12.9038,22.80077,-23.21039,15.43608,
638521427922085964,562167,-24.44236,-33.42217,19.70027,-12.92298,5.81482,12.8706,22.75173,-23.16046,15.40288,
638521427922195957,562178,-24.4011,-33.36576,19.66702,-12.88959,5.799798,12.83735,22.70261,-23.11046,15.36963,
638521427922315967,562190,-24.35991,-33.30943,19.63381,-12.85625,5.784796,12.80415,22.65356,-23.06054,15.33642,
638521427922425970,562201,-24.31832,-33.25256,19.60029,-12.8226,5.769653,12.77063,22.60405,-23.01013,15.30291,
638521427922535955,562212,-24.27714,-33.19626,19.5671,-12.78927,5.754659,12.73744,22.55503,-22.96023,15.26972,
638521427922643282,562223,-24.23584,-33.13978,19.53381,-12.75585,5.739618,12.70415,22.50586,-22.91017,15.23643,
638521427922753285,562234,-24.19458,-33.08337,19.50056,-12.72246,5.724597,12.6709,22.45674,-22.86018,15.20318,
638521427922863267,562245,-24.15277,-33.0262,19.46686,-12.68863,5.709371,12.6372,22.40696,-22.80951,15.16948,
638521427922983272,562256,-24.11155,-32.96984,19.43364,-12.65527,5.694362,12.60398,22.35789,-22.75955,15.13625,
638521427923093270,562267,-24.07048,-32.91368,19.40054,-12.62204,5.679409,12.57088,22.309,-22.70978,15.10316,
638521427923203277,562279,-24.02912,-32.85713,19.3672,-12.58856,5.664348,12.53754,22.25976,-22.65966,15.06982,
638521427923313276,562289,-23.98736,-32.80003,19.33355,-12.55477,5.649141,12.50389,22.21004,-22.60905,15.03616,
638521427923423278,562301,-23.94639,-32.744,19.30052,-12.52161,5.63422,12.47086,22.16126,-22.55939,15.00314,
638521427923533288,562312,-23.90477,-32.68709,19.26698,-12.48793,5.619067,12.43732,22.11172,-22.50896,14.9696,
638521427923643279,562323,-23.86355,-32.63073,19.23376,-12.45457,5.604057,12.4041,22.06264,-22.459,14.93637,
638521427923753264,562334,-23.82249,-32.57457,19.20065,-12.42134,5.589103,12.371,22.01375,-22.40923,14.90327,
638521427923873273,562346,-23.78093,-32.51775,19.16716,-12.38771,5.573971,12.3375,21.96428,-22.35887,14.86978,
638521427923973282,562356,-23.73808,-32.45916,19.13263,-12.35303,5.558369,12.30297,21.91327,-22.30694,14.83525,
638521427924093274,562367,-23.69847,-32.405,19.1007,-12.32098,5.543945,12.27104,21.86611,-22.25894,14.80332,
638521427924203278,562378,-23.65692,-32.34818,19.06721,-12.28735,5.528812,12.23755,21.81663,-22.20857,14.76983,
638521427924313275,562389,-23.61552,-32.29157,19.03384,-12.25385,5.513738,12.20418,21.76735,-22.1584,14.73646,
638521427924423274,562401,-23.57431,-32.23521,19.00063,-12.22049,5.498731,12.17097,21.71828,-22.10846,14.70324,
638521427924533279,562412,-23.53279,-32.17844,18.96716,-12.18689,5.483612,12.1375,21.66885,-22.05813,14.66978,
638521427924642558,562423,-23.49137,-32.1218,18.93378,-12.15337,5.468528,12.10411,21.61954,-22.00793,14.63639,
638521427924762561,562434,-23.45012,-32.0654,18.90053,-12.11999,5.453509,12.07087,21.57043,-21.95795,14.60315,
638521427924872553,562445,-23.40827,-32.00817,18.8668,-12.08612,5.438269,12.03714,21.52061,-21.90722,14.56942,
638521427924982555,562456,-23.36637,-31.95087,18.83303,-12.05221,5.423011,12.00337,21.47072,-21.85645,14.53564,
638521427925092551,562467,-23.32649,-31.89635,18.80089,-12.01994,5.40849,11.97123,21.42325,-21.80812,14.5035,
638521427925202546,562478,-23.28495,-31.83955,18.76741,-11.98632,5.393363,11.93774,21.37379,-21.75777,14.47002,
638521427925312548,562489,-23.24372,-31.78316,18.73418,-11.95296,5.37835,11.90451,21.3247,-21.7078,14.43679,
638521427925422550,562501,-23.20222,-31.72642,18.70073,-11.91937,5.363238,11.87106,21.2753,-21.65751,14.40334,
638521427925533935,562512,-23.16076,-31.66973,18.66732,-11.88582,5.348143,11.83765,21.22594,-21.60727,14.36993,
638521427925643421,562523,-23.11975,-31.61365,18.63426,-11.85263,5.333208,11.80459,21.17711,-21.55756,14.33687,
638521427925753436,562534,-23.07853,-31.55727,18.60103,-11.81927,5.318195,11.77137,21.12803,-21.5076,14.30364,
638521427925863429,562545,-23.0369,-31.50036,18.56748,-11.78558,5.303038,11.73782,21.07848,-21.45715,14.2701,
638521427925973423,562556,-22.9951,-31.4432,18.53379,-11.75175,5.287815,11.70412,21.02871,-21.40649,14.2364,
638521427926093470,562567,-22.95415,-31.3872,18.50078,-11.71861,5.272904,11.67112,20.97996,-21.35686,14.2034,
638521427926203439,562578,-22.91272,-31.33055,18.46739,-11.68509,5.257819,11.63773,20.93063,-21.30666,14.17001,
638521427926313435,562589,-22.87104,-31.27356,18.4338,-11.65135,5.24264,11.60413,20.88101,-21.25614,14.13641,
638521427926423435,562601,-22.83041,-31.218,18.40105,-11.61847,5.227846,11.57139,20.83264,-21.2069,14.10366,
638521427926533536,562612,-22.78848,-31.16067,18.36726,-11.58454,5.212578,11.53759,20.78272,-21.15609,14.06987,
638521427926643539,562623,-22.74729,-31.10435,18.33406,-11.55121,5.197581,11.5044,20.73369,-21.10617,14.03668,
638521427926753538,562634,-22.7066,-31.04872,18.30127,-11.51828,5.182764,11.4716,20.68525,-21.05686,14.00388,
638521427926863531,562645,-22.66512,-30.99199,18.26783,-11.48471,5.167657,11.43817,20.63585,-21.00658,13.97044,
638521427926983543,562656,-22.62337,-30.93491,18.23418,-11.45093,5.152457,11.40452,20.58616,-20.95599,13.9368,
638521427927083541,562667,-22.58171,-30.87794,18.20061,-11.41721,5.137287,11.37094,20.53656,-20.9055,13.90322,
638521427927203530,562678,-22.54101,-30.82229,18.1678,-11.38428,5.122467,11.33814,20.4881,-20.85618,13.87042,
638521427927313546,562690,-22.49946,-30.76547,18.13431,-11.35065,5.107336,11.30465,20.43863,-20.80582,13.83693,
638521427927423534,562701,-22.457,-30.70741,18.10009,-11.31629,5.091874,11.27042,20.38808,-20.75436,13.8027,
638521427927534841,562712,-22.41643,-30.65193,18.06739,-11.28345,5.0771,11.23773,20.33978,-20.70519,13.77,
638521427927644954,562723,-22.37519,-30.59555,18.03415,-11.25008,5.062084,11.20449,20.29069,-20.65521,13.73677,
638521427927754958,562734,-22.33389,-30.53907,18.00086,-11.21665,5.047043,11.1712,20.24151,-20.60516,13.70348,
638521427927864954,562745,-22.29267,-30.4827,17.96764,-11.1833,5.032033,11.13797,20.19244,-20.5552,13.67025,
638521427927975144,562756,-22.25077,-30.42542,17.93387,-11.14939,5.016779,11.10421,20.14256,-20.50443,13.63649,
638521427928084967,562767,-22.21001,-30.36968,17.90102,-11.11641,5.001937,11.07136,20.09404,-20.45503,13.60364,
638521427928204956,562779,-22.16827,-30.31261,17.86738,-11.08263,4.986737,11.03771,20.04434,-20.40445,13.56999,
638521427928314949,562789,-22.12593,-30.25471,17.83325,-11.04836,4.971317,11.00359,19.99393,-20.35313,13.53586,
638521427928424953,562801,-22.08552,-30.19946,17.80068,-11.01566,4.956605,10.97102,19.94583,-20.30416,13.5033,
638521427928535074,562812,-22.04421,-30.14297,17.76739,-10.98223,4.941561,10.93772,19.89664,-20.25409,13.47,
638521427928645165,562823,-22.00314,-30.08681,17.73429,-10.94899,4.926606,10.90462,19.84775,-20.20432,13.4369,
638521427928755169,562834,-21.96036,-30.02832,17.69981,-10.91437,4.91103,10.87014,19.79682,-20.15248,13.40242,
638521427928865162,562845,-21.92038,-29.97365,17.66759,-10.88202,4.896472,10.83792,19.74922,-20.10402,13.3702,
638521427928975162,562856,-21.87866,-29.9166,17.63396,-10.84825,4.881279,10.80429,19.69955,-20.05346,13.33657,
638521427929085173,562867,-21.83756,-29.8604,17.60083,-10.81499,4.866313,10.77117,19.65062,-20.00365,13.30345,
638521427929205164,562878,-21.79633,-29.80403,17.5676,-10.78163,4.851301,10.73794,19.60154,-19.95369,13.27022,
638521427929305167,562889,-21.75465,-29.74703,17.534,-10.74789,4.836121,10.70434,19.55191,-19.90317,13.23662,
638521427929425169,562900,-21.71425,-29.69179,17.50145,-10.7152,4.821412,10.67178,19.50382,-19.85421,13.20406,
638521427929535173,562911,-21.67268,-29.63495,17.46794,-10.68156,4.806274,10.63828,19.45432,-19.80383,13.17056,
638521427929645279,562923,-21.63131,-29.57838,17.4346,-10.64808,4.79121,10.60493,19.40507,-19.75369,13.13721,
638521427929755284,562934,-21.58979,-29.5216,17.40113,-10.61448,4.776089,10.57146,19.35564,-19.70337,13.10374,
638521427929865286,562945,-21.54811,-29.46461,17.36754,-10.58075,4.760912,10.53787,19.30602,-19.65285,13.07015,
638521427929975286,562956,-21.50628,-29.40741,17.33382,-10.5469,4.745679,10.50416,19.25621,-19.60216,13.03643,
638521427930085271,562967,-21.46608,-29.35244,17.30142,-10.51436,4.731041,10.47176,19.20835,-19.55344,13.00403,
638521427930195286,562978,-21.42423,-29.29522,17.26769,-10.4805,4.715804,10.43803,19.15854,-19.50273,12.97031,
638521427930305274,562989,-21.38294,-29.23876,17.23441,-10.44708,4.700768,10.40475,19.10938,-19.45268,12.93703,
638521427930425284,563000,-21.34198,-29.18276,17.2014,-10.41394,4.685854,10.37174,19.06062,-19.40305,12.90402,
638521427930535287,563012,-21.29998,-29.12532,17.16755,-10.37994,4.670558,10.33788,19.01061,-19.35214,12.87016,
638521427930645275,563023,-21.25909,-29.06941,17.13459,-10.34685,4.655669,10.30492,18.96193,-19.30259,12.8372,
638521427930755285,563034,-21.21783,-29.01299,17.10134,-10.31347,4.640646,10.27167,18.91281,-19.25259,12.80395,
638521427930865283,563045,-21.17465,-28.95395,17.06654,-10.27852,4.624921,10.23687,18.8614,-19.20025,12.76915,
638521427930975283,563056,-21.13502,-28.89976,17.03459,-10.24645,4.61049,10.20493,18.81422,-19.15222,12.7372,
638521427931085275,563067,-21.09349,-28.84297,17.00112,-10.21284,4.595367,10.17145,18.76478,-19.10189,12.70373,
638521427931195279,563078,-21.0523,-28.78664,16.96792,-10.1795,4.580368,10.13825,18.71574,-19.05197,12.67053,
638521427931305282,563089,-21.0108,-28.72991,16.93448,-10.14592,4.565259,10.10481,18.66634,-19.00168,12.63709,
638521427931425284,563100,-20.96949,-28.67342,16.90118,-10.11249,4.550217,10.07152,18.61716,-18.95162,12.60379,
638521427931535283,563112,-20.92788,-28.61651,16.86764,-10.07881,4.535062,10.03797,18.56761,-18.90118,12.57025,
638521427931645392,563123,-20.8866,-28.56008,16.83438,-10.04541,4.520034,10.00471,18.51848,-18.85116,12.53699,
638521427931755384,563134,-20.84584,-28.50434,16.80152,-10.01242,4.505189,9.971851,18.46995,-18.80176,12.50413,
638521427931865389,563145,-20.80432,-28.44756,16.76805,-9.978821,4.490069,9.938384,18.42051,-18.75143,12.47066,
638521427931975390,563156,-20.76286,-28.39087,16.73464,-9.945269,4.474972,9.904968,18.37115,-18.70119,12.43725,
638521427932085388,563167,-20.72161,-28.33446,16.70139,-9.911885,4.459951,9.87172,18.32204,-18.6512,12.404,
638521427932195386,563178,-20.68018,-28.27782,16.668,-9.878363,4.444867,9.838334,18.27273,-18.60099,12.37061,
638521427932305383,563189,-20.6385,-28.22083,16.63441,-9.84463,4.429689,9.804739,18.2231,-18.55048,12.33702,
638521427932425399,563200,-20.59753,-28.1648,16.60139,-9.811474,4.41477,9.771717,18.17433,-18.50083,12.304,
638521427932535389,563211,-20.55584,-28.1078,16.56779,-9.777737,4.39959,9.738117,18.1247,-18.4503,12.2704,
638521427932643960,563223,-20.51472,-28.05157,16.53464,-9.744459,4.384616,9.704975,18.07574,-18.40047,12.23725,
638521427932753957,563234,-20.47343,-27.99511,16.50136,-9.711044,4.369581,9.671696,18.02658,-18.35043,12.20397,
638521427932863963,563245,-20.43224,-27.93879,16.46817,-9.677712,4.354583,9.638499,17.97755,-18.30051,12.17078,
638521427932973967,563256,-20.39091,-27.88228,16.43486,-9.644266,4.339533,9.605188,17.92834,-18.25042,12.13747,
638521427933083963,563267,-20.34941,-27.82553,16.40141,-9.61068,4.32442,9.571738,17.87893,-18.20012,12.10402,
638521427933203954,563278,-20.30806,-27.76899,16.36808,-9.577214,4.309362,9.538408,17.8297,-18.15001,12.07069,
638521427933303956,563289,-20.26598,-27.71144,16.33416,-9.543159,4.294039,9.504492,17.7796,-18.09901,12.03677,
638521427933423962,563300,-20.22587,-27.6566,16.30184,-9.510703,4.279435,9.472167,17.73186,-18.05041,12.00445,
638521427933533971,563311,-20.18407,-27.59945,16.26814,-9.476875,4.264214,9.438477,17.68209,-17.99975,11.97075,
638521427933643965,563322,-20.14269,-27.54286,16.23479,-9.443384,4.249144,9.405121,17.63282,-17.94959,11.9374,
638521427933753965,563334,-20.10145,-27.48647,16.20155,-9.410009,4.234127,9.371881,17.58372,-17.89961,11.90416,
638521427933863981,563345,-20.05996,-27.42973,16.16811,-9.376433,4.219019,9.338442,17.53433,-17.84933,11.87072,
638521427933973959,563356,-20.01801,-27.37237,16.1343,-9.342485,4.203743,9.304631,17.48438,-17.79849,11.83691,
638521427934083969,563367,-19.97718,-27.31655,16.1014,-9.309448,4.188878,9.271728,17.43578,-17.74902,11.80401,
638521427934193955,563378,-19.93573,-27.25987,16.06799,-9.275904,4.173784,9.238319,17.38643,-17.69878,11.7706,
638521427934313964,563389,-19.8945,-27.20349,16.03476,-9.242537,4.15877,9.205088,17.33735,-17.64881,11.73737,
638521427934423963,563400,-19.85319,-27.147,16.00146,-9.209101,4.143725,9.171787,17.28816,-17.59874,11.70407,
638521427934533967,563411,-19.81165,-27.09019,15.96797,-9.175484,4.128599,9.138306,17.2387,-17.5484,11.67058,
638521427934643967,563423,-19.77084,-27.03439,15.93508,-9.142459,4.113739,9.105414,17.19012,-17.49894,11.63769,
638521427934753958,563434,-19.72946,-26.97782,15.90173,-9.108974,4.098672,9.072066,17.14086,-17.4488,11.60434,
638521427934863952,563445,-19.68799,-26.92111,15.86831,-9.07541,4.08357,9.038638,17.09148,-17.39853,11.57092,
638521427934973956,563456,-19.64679,-26.86478,15.8351,-9.042072,4.068569,9.005436,17.04244,-17.34861,11.53771,
638521427935083967,563467,-19.60557,-26.8084,15.80188,-9.008709,4.053557,8.972208,16.99335,-17.29865,11.50449,
638521427935193962,563478,-19.56344,-26.7508,15.76792,-8.974616,4.038217,8.938253,16.9432,-17.24759,11.47053,
638521427935313969,563489,-19.52276,-26.69518,15.73514,-8.941698,4.023405,8.905469,16.89477,-17.19829,11.43775,
638521427935423964,563500,-19.48053,-26.63742,15.70109,-8.907517,4.008025,8.871427,16.84449,-17.1471,11.4037,
638521427935533975,563511,-19.43974,-26.58166,15.66823,-8.874514,3.993175,8.838557,16.79594,-17.09768,11.37084,
638521427935641517,563522,-19.39869,-26.52552,15.63513,-8.841286,3.978224,8.805464,16.74706,-17.04792,11.33774,
638521427935751530,563534,-19.35747,-26.46916,15.60192,-8.807934,3.963217,8.772247,16.69799,-16.99797,11.30453,
638521427935861533,563545,-19.31564,-26.41196,15.5682,-8.774081,3.947984,8.738532,16.64819,-16.94728,11.27081,
638521427935971512,563556,-19.27391,-26.3549,15.53456,-8.740309,3.932788,8.704897,16.59851,-16.8967,11.23717,
638521427936081521,563567,-19.2334,-26.29951,15.50191,-8.707526,3.918037,8.672247,16.55028,-16.84761,11.20452,
638521427936201521,563578,-19.19214,-26.24309,15.46866,-8.674132,3.903012,8.638988,16.50115,-16.7976,11.17127,
638521427936301510,563589,-19.15036,-26.18596,15.43498,-8.640321,3.887798,8.605314,16.45141,-16.74697,11.13759,
638521427936421514,563600,-19.10971,-26.13037,15.40222,-8.607425,3.872996,8.572552,16.40302,-16.6977,11.10483,
638521427936536711,563612,-19.06806,-26.07342,15.36865,-8.573716,3.857828,8.53898,16.35343,-16.64722,11.07126,
638521427936636713,563622,-19.02555,-26.0153,15.33439,-8.53932,3.842351,8.504723,16.30283,-16.59571,11.037,
638521427936756715,563634,-18.98559,-25.96066,15.30218,-8.506981,3.8278,8.472514,16.25525,-16.54728,11.00479,
638521427936866711,563645,-18.94365,-25.90331,15.26838,-8.473042,3.812528,8.438712,16.20532,-16.49645,10.97099,
638521427936976706,563656,-18.90271,-25.84732,15.23538,-8.439905,3.797618,8.405709,16.15657,-16.44683,10.93799,
638521427937086711,563667,-18.86141,-25.79086,15.20209,-8.406487,3.782581,8.372426,16.10741,-16.39679,10.9047,
638521427937196709,563678,-18.82006,-25.73431,15.16876,-8.37302,3.767523,8.339095,16.05818,-16.34667,10.87137,
638521427937306716,563689,-18.77871,-25.67776,15.13543,-8.339556,3.752465,8.305766,16.00895,-16.29655,10.83804,
638521427937416708,563700,-18.73657,-25.62015,15.10148,-8.305459,3.737123,8.271808,15.95879,-16.24549,10.80409,
638521427937526709,563711,-18.69612,-25.56484,15.06887,-8.272722,3.722392,8.239203,15.91063,-16.19647,10.77148,
638521427937636714,563722,-18.65457,-25.50802,15.03538,-8.239097,3.707262,8.205714,15.86116,-16.14611,10.73799,
638521427937746715,563733,-18.61353,-25.4519,15.0023,-8.205883,3.692317,8.172635,15.8123,-16.09637,10.70491,
638521427937866713,563745,-18.57199,-25.39511,14.96883,-8.172273,3.677194,8.139161,15.76285,-16.04604,10.67144,
638521427937976717,563756,-18.53062,-25.33853,14.93548,-8.138787,3.662127,8.105811,15.71359,-15.99589,10.63809,
638521427938086710,563767,-18.48926,-25.28198,14.90214,-8.105316,3.647066,8.072475,15.66435,-15.94577,10.60475,
638521427938196712,563778,-18.44788,-25.2254,14.8688,-8.071833,3.632,8.039127,15.61509,-15.89562,10.57141,
638521427938306704,563789,-18.40645,-25.16875,14.8354,-8.038302,3.616912,8.005733,15.56576,-15.84541,10.53801,
638521427938416719,563800,-18.3656,-25.11288,14.80247,-8.00524,3.602036,7.972805,15.51712,-15.7959,10.50508,
638521427938526814,563811,-18.32379,-25.05571,14.76877,-7.971404,3.586811,7.939105,15.46735,-15.74523,10.47138,
638521427938636817,563822,-18.28239,-24.99911,14.73541,-7.937901,3.571736,7.905739,15.41806,-15.69506,10.43802,
638521427938746827,563833,-18.24128,-24.94289,14.70227,-7.904632,3.556766,7.872604,15.36912,-15.64523,10.40488,
638521427938856824,563844,-18.19971,-24.88605,14.66877,-7.870991,3.541629,7.839099,15.31963,-15.59485,10.37138,
638521427938976818,563856,-18.15868,-24.82995,14.6357,-7.837789,3.526689,7.806032,-4.272987,19.89083,20,
638521427939086821,563867,-18.11727,-24.77332,14.60232,-7.804274,3.511609,7.772653,-4.265856,19.85764,19.96662,
638521427939196827,563878,-18.07589,-24.71673,14.56896,-7.770784,3.49654,7.739299,-4.25873,19.82446,19.93327,
638521427939306830,563889,-18.03431,-24.65988,14.53545,-7.737134,3.481399,7.705786,-4.25157,19.79113,19.89975,
638521427939416825,563900,-17.9936,-24.60422,14.50264,-7.704193,3.466577,7.672978,-4.24456,19.7585,19.86695,
638521427939526815,563911,-17.95185,-24.54713,14.46899,-7.670406,3.451374,7.639328,-4.237371,19.72504,19.8333,
638521427939636818,563922,-17.91057,-24.49068,14.43572,-7.636999,3.436342,7.606057,-4.230262,19.69195,19.80002,
638521427939746822,563933,-17.86924,-24.43417,14.40241,-7.603552,3.421292,7.572745,-4.223145,19.65882,19.76671,
638521427939856817,563944,-17.82786,-24.37759,14.36906,-7.570067,3.406225,7.539395,-4.21602,19.62565,19.73336,
638521427939976828,563956,-17.78657,-24.32113,14.33578,-7.536653,3.39119,7.506117,-4.20891,19.59256,19.70008,
638521427940086821,563967,-17.74473,-24.26392,14.30206,-7.502793,3.375955,7.472394,-4.201705,19.55902,19.66636,
638521427940196815,563978,-17.70366,-24.20776,14.26895,-7.469554,3.360998,7.43929,-4.194633,19.52609,19.63326,
638521427940306826,563989,-17.66238,-24.1513,14.23568,-7.436144,3.345965,7.406015,-4.187523,19.493,19.59998,
638521427940416832,564000,-17.62105,-24.09479,14.20237,-7.402699,3.330916,7.372705,-4.180407,19.45987,19.56667,
638521427940526827,564011,-17.58005,-24.03873,14.16933,-7.36952,3.315987,7.339661,-4.173347,19.42701,19.53363,
638521427940636830,564022,-17.53862,-23.98208,14.13593,-7.335989,3.3009,7.306266,-4.166212,19.3938,19.50023,
638521427940746829,564033,-17.4965,-23.92448,14.10198,-7.301902,3.285562,7.272317,-4.158959,19.36003,19.46628,
638521427940856812,564044,-17.45591,-23.86899,14.06927,-7.269057,3.270783,7.239605,-4.15197,19.3275,19.43357,
638521427940976812,564056,-17.41454,-23.81241,14.03592,-7.235574,3.255717,7.206258,-4.144845,19.29433,19.40022,
638521427941086825,564067,-17.37302,-23.75563,14.00246,-7.201972,3.240597,7.172792,-4.137696,19.26105,19.36676,
638521427941196823,564078,-17.33182,-23.6993,13.96925,-7.168632,3.225595,7.139587,-4.130601,19.22803,19.33355,
638521427941306824,564089,-17.29047,-23.64276,13.93593,-7.13517,3.210539,7.10626,-4.123481,19.19488,19.30022,
638521427941416832,564100,-17.24917,-23.58629,13.90264,-7.101747,3.195499,7.072973,-4.116369,19.16178,19.26694,
638521427941526910,564111,-17.20761,-23.52946,13.86914,-7.06811,3.180364,7.039473,-4.109212,19.12846,19.23344,
638521427941636910,564122,-17.16652,-23.47327,13.83602,-7.034859,3.165403,7.006356,-4.102137,19.09552,19.20032,
638521427941746926,564133,-17.12484,-23.41628,13.80243,-7.001129,3.150226,6.972763,-4.094959,19.06211,19.16673,
638521427941856922,564144,-17.08339,-23.3596,13.76902,-6.967584,3.135132,6.939353,-4.087821,19.02889,19.13332,
638521427941966912,564155,-17.04269,-23.30394,13.73621,-6.934644,3.12031,6.906548,-4.080812,18.99626,19.10051,
638521427942086912,564167,-17.00116,-23.24716,13.70274,-6.901038,3.105188,6.873077,-4.073661,18.96297,19.06704,
638521427942196916,564178,-16.9596,-23.19033,13.66925,-6.867402,3.090054,6.839578,-4.066504,18.92966,19.03354,
638521427942306927,564189,-16.91854,-23.13419,13.63616,-6.83418,3.075105,6.80649,-4.059435,18.89675,19.00046,
638521427942416920,564200,-16.87696,-23.07734,13.60264,-6.80053,3.059964,6.772977,-4.052275,18.86342,18.96694,
638521427942526909,564211,-16.83583,-23.02109,13.56949,-6.767239,3.044984,6.73982,-4.045191,18.83044,18.93378,
638521427942636918,564222,-16.79416,-22.96411,13.5359,-6.733519,3.029812,6.706237,-4.038016,18.79704,18.9002,
638521427942746905,564233,-16.75322,-22.90813,13.50291,-6.700387,3.014904,6.673241,-4.030967,18.76423,18.8672,
638521427942856909,564244,-16.71161,-22.85123,13.46937,-6.666711,2.999751,6.639701,-4.023801,18.73087,18.83367,
638521427942966910,564255,-16.67001,-22.79435,13.43584,-6.633047,2.984603,6.606173,-4.016638,18.69753,18.80014,
638521427943086916,564267,-16.62909,-22.7384,13.40286,-6.599933,2.969704,6.573194,-4.009592,18.66473,18.76716,
638521427943196919,564278,-16.58727,-22.68122,13.36915,-6.566091,2.954476,6.539489,-4.002391,18.63121,18.73346,
638521427943306919,564289,-16.54598,-22.62475,13.33587,-6.532674,2.93944,6.506208,-3.99528,18.59811,18.70017,
638521427943416924,564300,-16.50509,-22.56885,13.30292,-6.499586,2.924551,6.473254,-3.98824,18.56533,18.66722,
638521427943525444,564311,-16.46383,-22.51243,13.26966,-6.466196,2.909527,6.439999,-3.981135,18.53226,18.63396,
