time(100ns),time_stamp(ms),object1.x,object1.y,object1.z,object2.x,object2.y,object2.z,object3.x,object3.y,object3.z,
638520715435891568,215450,21.06824,7.536373,20,3.660057,21.77608,20,10.92931,-16.79491,20,
638520715435961585,215457,21.01896,7.518742,19.95321,3.651494,21.72514,19.95321,10.90374,-16.75562,19.95321,
638520715436051565,215466,20.995,7.510172,19.93047,3.647332,21.70037,19.93047,10.89131,-16.73652,19.93047,
638520715436161568,215478,20.96642,7.499949,19.90334,3.642367,21.67083,19.90334,10.87648,-16.71374,19.90334,
638520715436271560,215488,20.93077,7.487198,19.8695,3.636175,21.63399,19.8695,10.85799,-16.68533,19.8695,
638520715436391565,215500,20.8962,7.47483,19.83668,3.630168,21.59825,19.83668,10.84005,-16.65776,19.83668,
638520715436521553,215513,20.86049,7.462057,19.80278,3.623965,21.56135,19.80278,10.82153,-16.6293,19.80278,
638520715436621566,215523,20.82051,7.447755,19.76482,3.617019,21.52002,19.76482,10.80079,-16.59743,19.76482,
638520715436731568,215534,20.78765,7.435999,19.73363,3.61131,21.48605,19.73363,10.78374,-16.57123,19.73363,
638520715436821571,215543,20.75322,7.423686,19.70095,3.60533,21.45048,19.70095,10.76588,-16.54379,19.70095,
638520715436941551,215555,20.72138,7.412295,19.67072,3.599798,21.41756,19.67072,10.74936,-16.51841,19.67072,
638520715437051573,215566,20.68613,7.399684,19.63725,3.593674,21.38112,19.63725,10.73108,-16.4903,19.63725,
638520715437161558,215577,20.65137,7.38725,19.60426,3.587635,21.3452,19.60426,10.71304,-16.46259,19.60426,
638520715437271558,215588,20.61649,7.374773,19.57114,3.581576,21.30915,19.57114,10.69495,-16.43479,19.57114,
638520715437381565,215599,20.58156,7.36228,19.53799,3.575508,21.27305,19.53799,10.67683,-16.40695,19.53799,
638520715437491557,215610,20.54643,7.349713,19.50464,3.569405,21.23674,19.50464,10.65861,-16.37894,19.50464,
638520715437611559,215622,20.51113,7.337086,19.47113,3.563273,21.20025,19.47113,10.6403,-16.3508,19.47113,
638520715437711570,215633,20.47368,7.323689,19.43558,3.556767,21.16154,19.43558,10.62087,-16.32095,19.43558,
638520715437821556,215644,20.44077,7.311916,19.40433,3.551049,21.12753,19.40433,10.60379,-16.29471,19.40433,
638520715437941563,215655,20.40577,7.299398,19.37111,3.54497,21.09136,19.37111,10.58564,-16.26681,19.37111,
638520715438051568,215666,20.37024,7.286686,19.33738,3.538796,21.05462,19.33738,10.56721,-16.23848,19.33738,
638520715438161566,215677,20.33583,7.274379,19.30472,3.532819,21.01907,19.30472,10.54936,-16.21106,19.30472,
638520715438271566,215688,20.30062,7.261782,19.27129,3.526701,20.98267,19.27129,10.53109,-16.18298,19.27129,
638520715438381570,215699,20.26543,7.249194,19.23788,3.520588,20.94629,19.23788,10.51283,-16.15493,19.23788,
638520715438491558,215710,20.2307,7.236772,19.20491,3.514555,20.9104,19.20491,10.49482,-16.12725,19.20491,
638520715438601556,215722,20.19522,7.224081,19.17123,3.508392,20.87373,19.17123,10.47641,-16.09896,19.17123,
638520715438711569,215732,20.15946,7.211288,19.13729,3.502179,20.83676,19.13729,10.45786,-16.07046,19.13729,
638520715438821573,215743,20.12516,7.19902,19.10473,3.496221,20.80132,19.10473,10.44007,-16.04312,19.10473,
638520715438931554,215755,20.09014,7.186491,19.07148,3.490136,20.76511,19.07148,10.4219,-16.01519,19.07148,
638520715439051565,215766,20.05489,7.173882,19.03802,3.484012,20.72868,19.03802,10.40362,-15.98709,19.03802,
638520715439161564,215777,20.01957,7.161247,19.00449,3.477876,20.69217,19.00449,10.38529,-15.95894,19.00449,
638520715439271559,215788,19.98479,7.148806,18.97147,3.471834,20.65623,18.97147,10.36725,-15.93121,18.97147,
638520715439381557,215799,19.94984,7.136305,18.9383,3.465763,20.6201,18.9383,10.34912,-15.90335,18.9383,
638520715439491556,215810,19.91388,7.123441,18.90416,3.459516,20.58293,18.90416,10.33047,-15.87469,18.90416,
638520715439601556,215821,19.87846,7.110771,18.87053,3.453362,20.54632,18.87053,10.31209,-15.84645,18.87053,
638520715439721563,215833,19.84376,7.098359,18.83759,3.447335,20.51046,18.83759,10.29409,-15.81879,18.83759,
638520715439831569,215844,19.80765,7.085444,18.80332,3.441062,20.47314,18.80332,10.27536,-15.79001,18.80332,
638520715439951588,215856,19.77236,7.072818,18.76981,3.43493,20.43666,18.76981,10.25705,-15.76187,18.76981,
638520715440051556,215867,19.73476,7.059369,18.73412,3.428399,20.3978,18.73412,10.23755,-15.7319,18.73412,
638520715440171552,215878,19.70092,7.047266,18.702,3.422521,20.36283,18.702,10.22,-15.70493,18.702,
638520715440281554,215889,19.66515,7.034469,18.66804,3.416306,20.32585,18.66804,10.20144,-15.67641,18.66804,
638520715440391565,215901,19.62977,7.021813,18.63445,3.410159,20.28928,18.63445,10.18308,-15.6482,18.63445,
638520715440501577,215912,19.59401,7.009021,18.60051,3.403947,20.25232,18.60051,10.16453,-15.6197,18.60051,
638520715440621555,215923,19.55894,6.996478,18.56722,3.397855,20.21608,18.56722,10.14634,-15.59175,18.56722,
638520715440731563,215934,19.52235,6.983387,18.53248,3.391498,20.17825,18.53248,10.12736,-15.56257,18.53248,
638520715440841569,215945,19.48727,6.970838,18.49917,3.385403,20.14199,18.49917,10.10916,-15.53461,18.49917,
638520715440951553,215956,19.45192,6.958195,18.46562,3.379263,20.10546,18.46562,10.09082,-15.50643,18.46562,
638520715441071562,215968,19.41705,6.945721,18.43252,3.373205,20.06942,18.43252,10.07273,-15.47863,18.43252,
638520715441181547,215979,19.38079,6.932749,18.3981,3.366905,20.03193,18.3981,10.05392,-15.44973,18.3981,
638520715441291552,215990,19.34465,6.91982,18.36379,3.360627,19.99458,18.36379,10.03517,-15.42091,18.36379,
638520715441401559,216001,19.31183,6.908082,18.33263,3.354926,19.96066,18.33263,10.01815,-15.39475,18.33263,
638520715441511565,216012,19.2759,6.895228,18.29852,3.348683,19.92352,18.29852,9.99951,-15.36611,18.29852,
638520715441621556,216023,19.2411,6.882782,18.26549,3.342638,19.88755,18.26549,9.981459,-15.33837,18.26549,
638520715441731577,216035,19.20606,6.870248,18.23223,3.336551,19.85134,18.23223,9.963283,-15.31044,18.23223,
638520715441851565,216046,19.17027,6.857443,18.19825,3.330333,19.81434,18.19825,9.944714,-15.2819,18.19825,
638520715441961559,216057,19.13429,6.844575,18.1641,3.324083,19.77716,18.1641,9.926052,-15.25323,18.1641,
638520715442071556,216068,19.09977,6.832224,18.13132,3.318085,19.74147,18.13132,9.90814,-15.2257,18.13132,
638520715442181580,216079,19.06384,6.819373,18.09722,3.311844,19.70434,18.09722,9.889503,-15.19706,18.09722,
638520715442291556,216090,19.02969,6.807157,18.0648,3.305911,19.66904,18.0648,9.871787,-15.16984,18.0648,
638520715442401550,216101,18.99589,6.795067,18.03272,3.30004,19.63411,18.03272,9.854255,-15.1429,18.03272,
638520715442511567,216112,18.95981,6.782161,17.99847,3.293772,19.59682,17.99847,9.835538,-15.11414,17.99847,
638520715442621564,216123,18.92503,6.769719,17.96545,3.28773,19.56087,17.96545,9.817495,-15.08641,17.96545,
638520715442731563,216134,18.89018,6.757253,17.93237,3.281675,19.52485,17.93237,9.799417,-15.05863,17.93237,
638520715442841580,216146,18.85462,6.744531,17.89861,3.275497,19.48808,17.89861,9.780968,-15.03028,17.89861,
638520715442951551,216156,18.81968,6.732031,17.86543,24.28299,32.70938,20,9.76284,-15.00242,17.86543,
638520715443061561,216168,18.7855,6.719806,17.83299,24.24359,32.65632,19.96756,9.745111,-14.97518,17.83299,
638520715443171564,216179,18.74952,6.706934,17.79883,24.20212,32.60045,19.9334,9.726444,-14.94649,17.79883,
638520715443291557,216190,18.71495,6.694571,17.76602,24.16228,32.54679,19.90059,9.708515,-14.91894,17.76602,
638520715443401557,216201,18.6798,6.681994,17.73265,24.12176,32.49221,19.86721,9.690276,-14.89091,17.73265,
638520715443511564,216212,18.64489,6.669508,17.69951,24.08153,32.43802,19.83408,9.672169,-14.86309,17.69951,
638520715443621558,216223,18.60964,6.656899,17.66605,24.0409,32.38329,19.80061,9.653883,-14.83499,17.66605,
638520715443731574,216234,18.57471,6.644406,17.63289,24.00064,32.32907,19.76746,9.635764,-14.80715,17.63289,
638520715443841565,216245,18.53904,6.631645,17.59903,23.95953,32.27368,19.73359,9.617258,-14.77871,17.59903,
638520715444021568,216263,18.50453,6.619299,17.56627,23.91975,32.2201,19.70083,9.599355,-14.7512,17.56627,
638520715444121560,216273,18.44823,6.599163,17.51283,23.85487,32.1327,19.64739,9.570152,-14.70632,17.51283,
638520715444271572,216288,18.41753,6.588181,17.48368,23.81948,32.08504,19.61825,9.554226,-14.68185,17.48368,
638520715444331575,216294,18.37005,6.571196,17.43861,23.76476,32.01132,19.57318,9.529595,-14.644,17.43861,
638520715444391565,216301,18.35003,6.564035,17.41961,23.74168,31.98024,19.55417,9.51921,-14.62804,17.41961,
638520715444481564,216310,18.32999,6.556867,17.40058,23.71859,31.94913,19.53515,9.508815,-14.61206,17.40058,
638520715444601550,216321,18.30027,6.546235,17.37237,23.68433,31.90298,19.50693,9.493396,-14.58837,17.37237,
638520715444711546,216332,18.26488,6.533576,17.33878,23.64354,31.84805,19.47334,9.475039,-14.56016,17.33878,
638520715444821564,216343,18.22965,6.520971,17.30532,23.60293,31.79333,19.43989,9.456759,-14.53207,17.30532,
638520715444931555,216354,18.19514,6.508627,17.27256,23.56315,31.73976,19.40713,9.438858,-14.50456,17.27256,
638520715445041559,216365,18.16002,6.496067,17.23923,23.52268,31.68524,19.37379,9.420642,-14.47657,17.23923,
638520715445151553,216376,18.12491,6.483504,17.20589,23.4822,31.63072,19.34046,9.402424,-14.44857,17.20589,
638520715445261551,216387,18.08996,6.471004,17.17272,23.44193,31.57647,19.30728,9.384295,-14.42072,17.17272,
638520715445381572,216399,18.05484,6.458442,17.13938,23.40145,31.52194,19.27394,9.366078,-14.39272,17.13938,
638520715445491554,216410,18.01905,6.445638,17.1054,23.36019,31.46637,19.23996,9.347509,-14.36419,17.1054,
638520715445601554,216421,17.98405,6.43312,17.07218,23.31986,31.41204,19.20674,9.329355,-14.33629,17.07218,
638520715445711558,216432,17.94873,6.420486,17.03865,23.27915,31.35721,19.17322,9.311034,-14.30814,17.03865,
638520715445821548,216443,17.91387,6.408015,17.00555,23.23897,31.30308,19.14012,9.292948,-14.28034,17.00555,
638520715445931560,216454,17.87934,6.395666,16.97278,23.19918,31.24948,19.10735,9.275039,-14.25282,16.97278,
638520715446051583,216466,17.84381,6.382955,16.93905,23.15822,31.19431,19.07361,9.256605,-14.22449,16.93905,
638520715446151567,216476,17.80582,6.369366,16.90298,23.11444,31.13533,19.03755,9.236898,-14.19421,16.90298,
638520715446271563,216488,17.77393,6.357958,16.87271,23.07768,31.08582,19.00728,9.220355,-14.16879,16.87271,
638520715446371555,216499,17.73705,6.344764,16.8377,23.03517,31.02856,18.97226,9.201221,-14.13939,16.8377,
638520715446491556,216510,17.70379,6.332866,16.80612,22.99683,30.97692,18.94069,9.183967,-14.11287,16.80612,
638520715446601553,216521,17.66812,6.320106,16.77226,22.95572,30.92154,18.90682,9.165462,-14.08443,16.77226,
638520715446711555,216532,17.63344,6.307701,16.73934,22.91574,30.86769,18.8739,9.147471,-14.05679,16.73934,
638520715446821553,216543,17.5972,6.294739,16.70494,22.87398,30.81144,18.8395,9.128674,-14.0279,16.70494,
638520715446931565,216554,17.56328,6.282605,16.67274,22.83488,30.75877,18.8073,9.111077,-14.00086,16.67274,
638520715447041556,216566,17.52843,6.270139,16.63966,22.79472,30.70467,18.77422,9.092999,-13.97308,16.63966,
638520715447161580,216577,17.49194,6.257086,16.60502,22.75266,30.64802,18.73958,9.07407,-13.94399,16.60502,
638520715447261559,216588,17.45686,6.244537,16.57171,22.71222,30.59355,18.70628,9.055871,-13.91603,16.57171,
638520715447381559,216599,17.42274,6.232331,16.53932,22.6729,30.54058,18.67389,9.03817,-13.88883,16.53932,
638520715447481554,216610,17.38747,6.219715,16.50584,22.63225,30.48582,18.64041,9.019874,-13.86071,16.50584,
638520715447601653,216621,17.35294,6.207365,16.47307,22.59245,30.43221,18.60763,9.001963,-13.83319,16.47307,
638520715447711656,216632,17.31748,6.19468,16.4394,22.55158,30.37716,18.57397,8.983567,-13.80492,16.4394,
638520715447821649,216643,17.28193,6.181964,16.40566,22.51061,30.32197,18.54022,8.965126,-13.77658,16.40566,
638520715447931662,216654,17.24764,6.169698,16.3731,22.47108,30.26873,18.50767,8.947337,-13.74925,16.3731,
638520715448041648,216666,17.21132,6.156706,16.33862,22.42922,30.21234,18.47319,8.928496,-13.72029,16.33862,
638520715448151661,216677,17.176,6.144072,16.3051,22.38851,30.15751,18.43966,8.910174,-13.69214,16.3051,
638520715448271666,216688,17.14093,6.131525,16.2718,22.34808,30.10305,18.40636,8.891978,-13.66418,16.2718,
638520715448381672,216700,17.10393,6.118292,16.23668,22.30545,30.04562,18.37125,8.872788,-13.63469,16.23668,
638520715448501660,216711,17.0688,6.105723,16.20333,22.26495,29.99107,18.33789,8.854562,-13.60668,16.20333,
638520715448611758,216722,17.03327,6.093014,16.1696,22.224,29.9359,18.30417,8.83613,-13.57835,16.1696,
638520715448731761,216734,16.99818,6.080461,16.13629,22.18355,29.88142,18.27085,8.817926,-13.55038,16.13629,
638520715448841784,216745,16.23151,-3.617051,20,22.14066,29.82364,18.23553,8.798619,-13.52071,16.10096,
638520715448951761,216756,16.2046,-3.611055,19.96685,22.1004,29.76942,18.20237,8.780502,-13.49287,16.06781,
638520715449061762,216767,16.17751,-3.605019,19.93347,22.05988,29.71483,18.16899,8.762261,-13.46484,16.03443,
638520715449171771,216778,16.14993,-3.598872,19.89948,22.01861,29.65924,18.13501,8.74369,-13.4363,16.00044,
638520715449281760,216790,16.12279,-3.592824,19.86604,21.97801,29.60455,18.10156,8.725413,-13.40822,15.967,
638520715449401767,216801,16.09521,-3.586679,19.83206,21.93675,29.54898,18.06759,8.706846,-13.37969,15.93302,
638520715449511789,216812,16.06804,-3.580624,19.79858,21.8961,29.49422,18.0341,8.688548,-13.35157,15.89954,
638520715449621764,216823,16.04068,-3.574528,19.76488,21.85518,29.4391,18.0004,8.670131,-13.32327,15.86583,
638520715449731777,216834,16.01427,-3.568642,19.73233,21.81566,29.38587,17.96785,8.652345,-13.29593,15.83329,
638520715449841788,216846,15.98683,-3.562527,19.69852,21.77461,29.33057,17.93404,8.633869,-13.26754,15.79948,
638520715449951762,216856,15.95889,-3.556301,19.66409,21.73281,29.27427,17.89962,8.615056,-13.23863,15.76505,
638520715450061779,216867,15.9326,-3.550443,19.6317,21.69348,29.22129,17.86722,8.597354,-13.21143,15.73266,
638520715450171782,216879,15.90571,-3.54445,19.59856,21.65325,29.1671,17.83409,8.579247,-13.18361,15.69952,
638520715450283874,216890,15.87878,-3.538448,19.56538,21.61296,29.11282,17.8009,8.561111,-13.15574,15.66634,
638520715450393881,216901,15.85188,-3.532456,19.53224,21.57273,29.05863,17.76777,8.543005,-13.12791,15.6332,
638520715450513870,216912,15.82442,-3.526336,19.4984,21.53164,29.00328,17.73392,8.524509,-13.09949,15.59936,
638520715450613989,216923,15.79743,-3.520322,19.46515,21.49126,28.9489,17.70067,8.506339,-13.07157,15.56611,
638520715450733975,216934,15.77064,-3.514352,19.43213,21.45118,28.89491,17.66766,8.488299,-13.04385,15.53309,
638520715450843996,216945,15.74306,-3.508205,19.39815,21.40992,28.83933,17.63367,8.469728,-13.01531,15.49911,
638520715450953975,216956,15.71677,-3.502347,19.36576,21.37059,28.78635,17.60128,8.452025,-12.98811,15.46672,
638520715451063978,216967,15.68918,-3.496199,19.33176,21.32932,28.73075,17.56729,8.433448,-12.95956,15.43272,
638520715451176214,216979,15.66229,-3.490207,19.29863,21.28909,28.67657,17.53415,8.415343,-12.93174,15.39959,
638520715451283982,216989,15.63527,-3.484185,19.26533,21.24866,28.62211,17.50086,8.397148,-12.90378,15.36629,
638520715451393994,217001,15.60876,-3.478277,19.23267,21.209,28.56869,17.46819,8.379296,-12.87634,15.33363,
638520715451508571,217012,15.58126,-3.47215,19.19879,21.16787,28.51328,17.43431,8.360783,-12.84789,15.29975,
638520715451613976,217023,15.55442,-3.466169,19.16571,21.12771,28.45919,17.40124,8.34271,-12.82012,15.26667,
638520715451733973,217034,15.52744,-3.460157,19.13247,21.08735,28.40483,17.368,8.324545,-12.79221,15.23343,
638520715451843982,217045,15.49944,-3.453917,19.09797,21.04546,28.34839,17.3335,8.30569,-12.76323,15.19893,
638520715451954088,217056,15.47346,-3.448127,19.06596,21.00659,28.29604,17.30148,8.288195,-12.73635,15.16692,
638520715452064078,217068,15.44625,-3.442064,19.03243,20.96588,28.2412,17.26795,8.269873,-12.70819,15.13339,
638520715452184089,217079,15.41853,-3.435887,18.99827,20.92442,28.18534,17.2338,8.251208,-12.67951,15.09923,
638520715452284225,217090,15.39086,-3.429722,18.96419,20.88303,28.12959,17.19971,8.23258,-12.65089,15.06514,
638520715452394232,217101,15.36474,-3.4239,18.932,20.84395,28.07695,17.16752,8.214991,-12.62386,15.03296,
638520715452504228,217112,15.33813,-3.417971,18.89921,20.80414,28.02333,17.13474,8.197075,-12.59633,15.00017,
638520715452614221,217123,15.31118,-3.411966,18.86601,20.76382,27.96902,17.10153,8.178928,-12.56844,14.96697,
638520715452724222,217134,15.28441,-3.405999,18.83301,20.72376,27.91506,17.06854,8.160898,-12.54074,14.93397,
638520715452844230,217145,15.25692,-3.399874,18.79915,20.68265,27.85968,17.03468,8.142393,-12.5123,14.90011,
638520715452954228,217156,15.22929,-3.393717,18.7651,20.64131,27.804,17.00063,8.123787,-12.48371,14.86606,
638520715453064222,217167,15.20282,-3.387818,18.73248,20.6017,27.75065,16.96801,8.105962,-12.45632,14.83344,
638520715453174223,217178,15.17603,-3.381849,18.69948,20.56163,27.69667,16.935,8.087926,-12.4286,14.80044,
638520715453289393,217190,15.1488,-3.375781,18.66593,20.5209,27.6418,16.90145,8.069592,-12.40043,14.76689,
638520715453399387,217201,15.12139,-3.369671,18.63214,20.47988,27.58655,16.86767,8.051129,-12.37206,14.7331,
638520715453509524,217212,15.0946,-3.363702,18.59914,20.43981,27.53257,16.83467,8.033093,-12.34434,14.7001,
638520715453619509,217223,15.06746,-3.357653,18.56569,20.3992,27.47787,16.80122,8.014817,-12.31626,14.66665,
638520715453729504,217234,15.03993,-3.351519,18.53178,20.35802,27.4224,16.7673,7.996283,-12.28778,14.63274,
638520715453839521,217245,15.0129,-3.345496,18.49847,20.31758,27.36793,16.734,7.978082,-12.25981,14.59943,
638520715453950136,217256,14.98686,-3.339693,18.46638,20.27862,27.31545,16.70191,7.960548,-12.23286,14.56734,
638520715454060140,217268,14.95985,-3.333673,18.4331,20.23821,27.26101,16.66862,7.942358,-12.20491,14.53406,
638520715454170149,217278,14.93165,-3.32739,18.39836,20.19603,27.2042,16.63388,7.923373,-12.17574,14.49932,
638520715454280150,217289,14.90514,-3.321482,18.36569,20.15637,27.15077,16.60122,7.905523,-12.1483,14.46665,
638520715454400149,217301,14.87839,-3.315521,18.33273,20.11635,27.09686,16.56825,7.887511,-12.12063,14.43369,
638520715454510243,217312,14.85098,-3.309414,18.29896,20.07534,27.04163,16.53448,7.869056,-12.09227,14.39992,
638520715454620372,217323,14.82418,-3.303442,18.26594,20.03526,26.98763,16.50147,7.851013,-12.06454,14.3669,
638520715454730370,217334,14.79714,-3.297416,18.23262,19.9948,26.93313,16.46814,7.832803,-12.03656,14.33358,
638520715454840377,217345,14.76982,-3.291329,18.19896,7.632674,-22.83516,20,7.81441,-12.00829,14.29992,
638520715454950369,217356,14.74311,-3.285376,18.16604,7.620112,-22.79758,19.96708,7.796422,-11.98065,14.267,
638520715455070375,217368,14.71621,-3.279381,18.13289,7.607462,-22.75974,19.93394,7.778308,-11.95282,14.23386,
638520715455170377,217378,14.68748,-3.272979,18.0975,7.593954,-22.71932,19.89854,7.758966,-11.92309,14.19846,
638520715455280380,217389,14.66246,-3.267404,18.06667,7.582188,-22.68412,19.86771,7.742118,-11.8972,14.16763,
638520715455390376,217400,14.635,-3.261284,18.03284,7.569275,-22.64549,19.83388,7.723629,-11.86879,14.13379,
638520715455500378,217412,14.60809,-3.255288,17.99968,7.556623,-22.60763,19.80072,7.705511,-11.84095,14.10064,
638520715455620373,217423,14.58106,-3.249264,17.96637,7.543909,-22.5696,19.76741,7.687306,-11.81297,14.06733,
638520715455730368,217434,14.55353,-3.243129,17.93245,7.530964,-22.53087,19.73349,7.668771,-11.78449,14.03341,
638520715455840374,217445,14.52659,-3.237126,17.89926,7.518297,-22.49297,19.7003,7.650632,-11.75662,14.00021,
638520715455950373,217456,14.49995,-3.23119,17.86643,7.505772,-22.4555,19.66747,7.632697,-11.72906,13.96739,
638520715456060364,217467,14.47294,-3.225171,17.83315,7.49307,-22.4175,19.63419,7.614508,-11.70111,13.93411,
638520715456170373,217478,14.446,-3.219167,17.79996,7.480401,-22.37959,19.601,7.596367,-11.67323,13.90091,
638520715456280370,217489,14.41837,-3.213009,17.7659,7.467406,-22.34072,19.56694,7.577759,-11.64464,13.86686,
638520715456390374,217500,14.39183,-3.207097,17.73321,7.454929,-22.30339,19.53425,7.559895,-11.61718,13.83417,
638520715456510472,217512,14.36444,-3.200992,17.69946,7.442049,-22.26485,19.5005,7.54145,-11.58884,13.80042,
638520715456610475,217523,14.33722,-3.194926,17.66592,7.429248,-22.22656,19.46696,7.523121,-11.56067,13.76688,
638520715456730465,217534,14.31071,-3.189019,17.63326,7.416784,-22.18927,19.4343,7.505273,-11.53325,13.73422,
638520715456840465,217545,14.28311,-3.182868,17.59924,7.403802,-22.15043,19.40028,7.486684,-11.50468,13.7002,
638520715456950472,217556,14.2557,-3.176762,17.56548,7.390917,-22.11188,19.36652,7.468235,-11.47633,13.66644,
638520715457060466,217567,14.22983,-3.170996,17.5336,7.378752,-22.07548,19.33464,7.450814,-11.44956,13.63456,
638520715457170464,217578,14.2025,-3.164905,17.49992,7.365898,-22.03703,19.30096,7.432409,-11.42128,13.60088,
638520715457280465,217589,14.17565,-3.158922,17.46684,7.353272,-21.99926,19.26788,7.41433,-11.3935,13.5678,
638520715457390469,217600,14.14853,-3.152879,17.43343,7.340521,-21.96111,19.23447,7.396072,-11.36544,13.53438,
638520715457510562,217612,14.12101,-3.146746,17.39951,7.327579,-21.92238,19.20055,7.377539,-11.33696,13.50047,
638520715457610574,217623,14.0939,-3.140704,17.36611,7.31483,-21.88424,19.16715,7.359284,-11.30891,13.46706,
638520715457720566,217634,14.06729,-3.134774,17.33332,7.302316,-21.8468,19.13436,7.341364,-11.28137,13.43427,
638520715457840576,217645,14.04036,-3.128773,17.30014,7.289654,-21.80892,19.10118,7.323233,-11.25351,13.40109,
638520715457950567,217656,14.01348,-3.122785,17.26702,7.277017,-21.77111,19.06807,7.305138,-11.2257,13.36798,
638520715458060568,217667,13.98609,-3.11668,17.23327,7.264134,-21.73257,19.03431,7.286692,-11.19736,13.33423,
638520715458170573,217678,13.95903,-3.110651,17.19993,7.251412,-21.69451,19.00097,7.268475,-11.16936,13.30089,
638520715458280579,217689,13.93184,-3.10459,17.16642,7.238622,-21.65624,18.96746,7.25016,-11.14122,13.26737,
638520715458400561,217701,13.90471,-3.098546,17.133,7.225868,-21.61809,18.93404,7.231897,-11.11315,13.23396,
638520715458510682,217712,13.87589,-3.092123,17.09749,7.212315,-21.57754,18.89853,7.212491,-11.08333,13.19844,
638520715458620673,217723,13.85046,-3.086456,17.06615,7.200356,-21.54176,18.86719,7.195366,-11.05702,13.16711,
638520715458730677,217734,13.82346,-3.080439,17.03288,7.187658,-21.50377,18.83392,7.177185,-11.02908,13.13384,
638520715458840685,217745,13.79646,-3.074424,16.99962,7.174965,-21.4658,18.80066,7.15901,-11.00115,13.10058,
638520715458950193,217756,13.76991,-3.068505,16.96689,7.162476,-21.42843,18.76793,7.141126,-10.97367,13.06785,
638520715459060192,217767,13.74228,-3.062349,16.93286,7.149486,-21.38957,18.7339,7.122526,-10.94508,13.03381,
638520715459170212,217778,13.71537,-3.056353,16.8997,7.136833,-21.35172,18.70074,7.104408,-10.91724,13.00066,
638520715459280206,217789,13.68874,-3.050418,16.86689,7.12431,-21.31425,18.66793,7.086476,-10.88969,12.96784,
638520715459400190,217801,13.66125,-3.044293,16.83302,7.111383,-21.27558,18.63406,7.067966,-10.86124,12.93397,
638520715459511122,217812,13.6337,-3.038152,16.79906,7.098425,-21.23681,18.6001,7.049412,-10.83273,12.90002,
638520715459611118,217822,13.60708,-3.032221,16.76627,7.08591,-21.19937,18.56731,7.031492,-10.80519,12.86722,
638520715459731129,217834,13.58083,-3.026372,16.73392,7.073567,-21.16244,18.53497,7.013818,-10.77803,12.83488,
638520715459831123,217845,13.5515,-3.019835,16.69778,7.059772,-21.12117,18.49882,6.994065,-10.74768,12.79874,
638520715459951142,217856,13.52682,-3.014336,16.66737,7.048168,-21.08645,18.46841,6.977448,-10.72215,12.76833,
638520715460061119,217867,13.4985,-3.008026,16.63248,7.034853,-21.04662,18.43352,6.958383,-10.69285,12.73344,
638520715460171138,217879,13.47206,-3.002133,16.5999,7.022417,-21.00941,18.40094,6.940576,-10.66548,12.70085,
638520715460281118,217889,13.44405,-2.99589,16.56538,7.009244,-20.97,18.36642,6.921713,-10.6365,12.66634,
638520715460391121,217900,13.41784,-2.990051,16.53309,6.996923,-20.93314,18.33414,6.90407,-10.60939,12.63405,
638520715460501240,217912,13.3913,-2.984136,16.50039,6.984441,-20.89579,18.30143,6.886198,-10.58192,12.60135,
638520715460611233,217922,13.36371,-2.977988,16.46639,6.971467,-20.85698,18.26743,6.867621,-10.55338,12.56735,
638520715460721240,217934,13.33723,-2.972087,16.43376,6.959014,-20.81972,18.2348,6.849789,-10.52597,12.53472,
638520715460841232,217945,-28.65991,-3.518505,20,6.946229,-20.78147,18.2013,6.831481,-10.49784,12.50122,
638520715460951224,217956,-28.61206,-3.512631,19.96661,6.933486,-20.74335,18.16791,6.813235,-10.4698,12.46783,
638520715461061229,217967,-28.56405,-3.506737,19.93311,6.920701,-20.7051,18.13441,6.794927,-10.44167,12.43433,
638520715461171235,217978,-28.51731,-3.500998,19.90049,6.908251,-20.66785,18.10179,6.777101,-10.41428,12.40171,
638520715461281221,217989,-28.46995,-3.495185,19.86744,6.895641,-20.63013,18.06874,6.759044,-10.38653,12.36866,
638520715461391228,218000,-28.42146,-3.489232,19.83361,6.882728,-20.59149,18.03491,6.740553,-10.35811,12.33483,
638520715461501328,218011,-28.3736,-3.483356,19.80021,6.86998,-20.55336,18.0015,6.7223,-10.33006,12.30143,
638520715461611326,218022,-28.32637,-3.477557,19.76724,6.857401,-20.51572,17.96854,6.704288,-10.30239,12.26847,
638520715461721329,218033,-28.27876,-3.471713,19.73402,6.844723,-20.47779,17.93532,6.686134,-10.27449,12.23524,
638520715461841323,218045,-28.23137,-3.465895,19.70095,6.832101,-20.44003,17.90225,6.668061,-10.24672,12.20217,
638520715461951319,218056,-28.18135,-3.459754,19.66604,6.818779,-20.40018,17.86734,6.648985,-10.2174,12.16726,
638520715462061325,218067,-28.13409,-3.453952,19.63307,6.806195,-20.36253,17.83437,6.630965,-10.18971,12.13429,
638520715462171336,218079,-28.08728,-3.448205,19.6004,6.793729,-20.32523,17.8017,6.613114,-10.16228,12.10162,
638520715462281319,218089,-28.03682,-3.442011,19.56519,6.78029,-20.28503,17.76649,6.593872,-10.13271,12.06641,
638520715462391331,218100,-27.99174,-3.436476,19.53373,6.768285,-20.24911,17.73503,6.576681,-10.10629,12.03495,
638520715462502071,218111,-27.94403,-3.430619,19.50043,6.755578,-20.21109,17.70173,6.558486,-10.07833,12.00165,
638520715462612074,218122,-27.89581,-3.424699,19.46679,6.742737,-20.17267,17.66809,6.540099,-10.05008,11.96801,
638520715462722064,218133,-27.84919,-3.418976,19.43425,6.73032,-20.13553,17.63555,6.52232,-10.02276,11.93547,
638520715462842072,218145,-27.80033,-3.412976,19.40015,6.717306,-20.09659,17.60145,6.503684,-9.99412,11.90137,
638520715462942078,218156,-27.75295,-3.407161,19.36709,6.70469,-20.05885,17.56839,6.48562,-9.96636,11.86831,
638520715463052066,218167,-27.70537,-3.401319,19.33389,6.692018,-20.02094,17.53519,6.467474,-9.938477,11.83511,
638520715463172072,218178,-27.65774,-3.395472,19.30065,6.679333,-19.98299,17.50195,6.449311,-9.910566,11.80187,
638520715463282073,218189,-27.60943,-3.38954,19.26694,6.666466,-19.94449,17.46824,6.430887,-9.882254,11.76816,
638520715463392070,218200,-27.56236,-3.383761,19.23409,6.65393,-19.90699,17.43539,6.412936,-9.854669,11.73531,
638520715463502183,218211,-27.51323,-3.37773,19.19981,6.640848,-19.86785,17.40111,6.394203,-9.825882,11.70103,
638520715463612181,218222,-27.46692,-3.372044,19.16749,6.628513,-19.83094,17.36879,6.376541,-9.79874,11.6687,
638520715463722172,218234,-27.41937,-3.366208,19.13431,6.615851,-19.79306,17.33561,6.35841,-9.77088,11.63553,
638520715463832189,218245,-27.36966,-3.360105,19.09962,6.602612,-19.75346,17.30092,6.339453,-9.741748,11.60084,
638520715463943645,218255,-27.32296,-3.354371,19.06703,6.590174,-19.71624,17.26833,6.321643,-9.714378,11.56824,
638520715464053229,218267,-27.2766,-3.348679,19.03467,6.577826,-19.6793,17.23597,6.303963,-9.687209,11.53589,
638520715464173230,218278,-27.2284,-3.342762,19.00104,6.564991,-19.6409,17.20234,6.285584,-9.658966,11.50226,
638520715464273230,218289,-27.17957,-3.336768,18.96697,6.551988,-19.602,17.16827,6.266964,-9.630353,11.46818,
638520715464393228,218300,-27.13254,-3.330994,18.93414,6.539462,-19.56453,17.13544,6.249028,-9.602791,11.43536,
638520715464503336,218311,-27.08279,-3.324886,18.89943,6.526213,-19.52489,17.10073,6.230057,-9.573638,11.40065,
638520715464603323,218322,-27.03683,-3.319244,18.86736,6.513973,-19.48827,17.06866,6.21253,-9.546705,11.36857,
638520715464723326,218334,-26.99016,-3.313514,18.83479,6.501543,-19.45108,17.03609,6.194732,-9.519355,11.336,
638520715464833330,218345,-26.94128,-3.307513,18.80068,6.488527,-19.41214,17.00198,26.01237,13.60518,20,
638520715464943332,218355,-26.89346,-3.301643,18.76731,6.475791,-19.37404,16.96861,25.96896,13.58247,19.96663,
638520715465053325,218367,-26.84644,-3.29587,18.7345,6.463269,-19.33657,16.93579,25.92628,13.56015,19.93382,
638520715465173341,218378,-26.79854,-3.289989,18.70107,6.450511,-19.2984,16.90237,25.88281,13.53741,19.90039,
638520715465283330,218389,-26.75051,-3.284092,18.66755,6.43772,-19.26013,16.86885,25.83921,13.51461,19.86687,
638520715465383343,218400,-26.70225,-3.278167,18.63387,6.424867,-19.22168,16.83517,25.79541,13.4917,19.83319,
638520715465503328,218411,-26.65516,-3.272387,18.60101,6.412328,-19.18417,16.80231,25.75268,13.46935,19.80033,
638520715465618514,218423,-26.60724,-3.266504,18.56757,6.399565,-19.14598,16.76887,25.70918,13.4466,19.76689,
638520715465718507,218433,-26.5571,-3.260348,18.53258,6.386212,-19.10603,16.73388,25.66367,13.4228,19.7319,
638520715465838523,218444,-26.51119,-3.254712,18.50055,6.373986,-19.06945,16.70185,25.62201,13.40101,19.69987,
638520715465938507,218455,-26.46383,-3.248897,18.46749,6.361372,-19.03172,16.66879,25.57902,13.37852,19.66681,
638520715466058506,218467,-26.41676,-3.243118,18.43464,6.348836,-18.99421,16.63594,25.53629,13.35618,19.63396,
638520715466158515,218477,-26.36815,-3.23715,18.40072,6.33589,-18.95548,16.60202,25.49218,13.3331,19.60004,
638520715466278507,218489,-26.32123,-3.23139,18.36798,6.323394,-18.9181,16.56928,25.44959,13.31083,19.5673,
638520715466388511,218500,-26.27366,-3.22555,18.33479,6.310726,-18.8802,16.53609,25.40642,13.28825,19.53411,
638520715466493698,218511,-26.22495,-3.219571,18.3008,6.297755,-18.84139,16.5021,25.36221,13.26513,19.50012,
638520715466613697,218522,-26.17757,-3.213753,18.26773,6.285134,-18.80363,16.46903,25.3192,13.24263,19.46705,
638520715466723699,218533,-26.13024,-3.207942,18.2347,6.272529,-18.76592,16.436,25.27624,13.22016,19.43402,
638520715466833703,218544,-26.08217,-3.202042,18.20116,6.259729,-18.72763,16.40246,25.23262,13.19734,19.40048,
638520715466943697,218555,-26.03433,-3.196168,18.16777,6.246988,-18.68951,16.36907,25.1892,13.17463,19.36709,
638520715467053696,218566,-25.98692,-3.190348,18.13469,6.234363,-18.65174,16.33599,25.14617,13.15213,19.33401,
638520715467173708,218578,-25.9392,-3.184489,18.10139,6.221653,-18.61371,16.30268,25.10285,13.12947,19.3007,
638520715467273699,218588,-25.89084,-3.178552,18.06764,6.208775,-18.57518,16.26894,25.05896,13.10652,19.26696,
638520715467393702,218600,-25.84321,-3.172704,18.0344,6.196089,-18.53723,16.2357,25.01573,13.08391,19.23372,
638520715467493802,218611,-25.79511,-3.166799,18.00083,6.183279,-18.49891,16.20213,24.97207,13.06107,19.20015,
638520715467613790,218622,-25.74783,-3.160995,17.96784,6.170687,-18.46123,16.16914,24.92916,13.03863,19.16716,
638520715467723793,218633,-25.70028,-3.155156,17.93465,6.158023,-18.42334,16.13595,24.886,13.01605,19.13397,
638520715467833791,218644,-25.6525,-3.149291,17.90131,6.145298,-18.38527,16.10261,24.84263,12.99337,19.10063,
638520715467943793,218655,-25.605,-3.14346,17.86817,6.132649,-18.34743,16.06947,24.79952,12.97083,19.06749,
638520715468053803,218667,-25.55656,-3.137512,17.83436,6.119748,-18.30883,16.03566,24.75556,12.94783,19.03368,
638520715468163800,218677,-25.50845,-3.131606,17.80079,6.106936,-18.2705,16.00209,24.71189,12.92499,19.00011,
638520715468273800,218689,-25.46142,-3.125833,17.76797,6.094412,-18.23303,15.96927,24.66921,12.90267,18.96729,
638520715468383804,218700,-25.41328,-3.119923,17.73438,6.081591,-18.19467,15.93568,24.62551,12.87981,18.9337,
638520715468493915,218711,-25.36586,-3.114101,17.70128,6.068961,-18.15689,15.90258,24.58247,12.8573,18.9006,
638520715468603895,218722,-25.31841,-3.108277,17.66818,6.056327,-18.11909,15.86948,24.53942,12.83478,18.8675,
638520715468723898,218733,-25.2707,-3.102418,17.63488,6.043619,-18.08107,15.83618,24.49611,12.81213,18.8342,
638520715468833902,218744,-25.22292,-3.096553,17.60154,6.030895,-18.043,15.80284,24.45274,12.78945,18.80086,
638520715468946474,218756,-25.17531,-3.090708,17.56831,6.018216,-18.00507,15.76961,24.40953,12.76685,18.76763,
638520715469056378,218767,-25.12584,-3.084634,17.53379,6.00504,-17.96565,15.73509,24.36463,12.74336,18.73311,
638520715469166407,218777,-25.07754,-3.078705,17.50009,5.992177,-17.92717,15.70139,24.32079,12.72044,18.69941,
638520715469276390,218789,-25.03131,-3.073029,17.46782,5.979865,-17.89033,15.66912,24.27883,12.69849,18.66714,
638520715469386387,218800,-24.98387,-3.067205,17.43472,5.96723,-17.85253,15.63602,24.23577,12.67597,18.63404,
638520715469496386,218811,-24.93644,-3.061383,17.40162,5.9546,-17.81474,15.60292,24.19273,12.65345,18.60094,
638520715469616380,218822,-24.88827,-3.055469,17.368,5.941771,-17.77636,15.56931,24.14901,12.63059,18.56732,
638520715469716418,218833,-24.83987,-3.049527,17.33423,5.928883,-17.7378,15.53553,24.10508,12.60761,18.53355,
638520715469838968,218845,-24.79281,-3.04375,17.30139,5.91635,-17.70031,15.50269,24.06237,12.58527,18.50071,
638520715469946515,218856,-24.74372,-3.037722,17.26713,5.903275,-17.66119,15.46843,24.01781,12.56197,18.46645,
638520715470046515,218866,-24.696,-3.031864,17.23383,5.890567,-17.62317,15.43513,23.9745,12.53932,18.43315,
638520715470166519,218877,-24.64953,-3.02616,17.20141,5.878191,-17.58615,15.40271,23.93233,12.51726,18.40073,
638520715470276509,218889,-24.60221,-3.02035,17.16838,5.865589,-17.54844,15.36968,23.88938,12.49479,18.3677,
638520715470386505,218900,-24.55364,-3.014387,17.13449,5.852654,-17.50974,15.33579,23.84529,12.47173,18.33381,
638520715470496610,218911,-24.50677,-3.008633,17.10179,5.840173,-17.4724,15.30308,23.80276,12.44949,18.30111,
638520715470606598,218922,-24.45846,-3.002702,17.06807,5.827306,-17.43391,15.26937,23.75891,12.42655,18.26739,
638520715470716602,218933,-24.41108,-2.996885,17.03501,5.814687,-17.39615,15.2363,23.7159,12.40406,18.23433,
638520715470829071,218944,-24.36327,-2.991016,17.00164,5.801955,-17.35806,15.20294,23.67251,12.38136,18.20096,
638520715470939071,218955,-24.31519,-2.985113,16.96809,5.789149,-17.31975,15.16939,23.62887,12.35854,18.16741,
638520715471049075,218966,-24.2675,-2.979258,16.93481,5.776449,-17.28176,15.13611,23.58558,12.3359,18.13413,
638520715471169076,218977,-24.21959,-2.973377,16.90138,5.763689,-17.24358,15.10267,23.5421,12.31316,18.1007,
638520715471279071,218989,-24.17235,-2.967577,16.86841,5.751107,-17.20594,15.06971,23.49922,12.29073,18.06773,
638520715471389068,219000,-24.12358,-2.961589,16.83438,5.738119,-17.16708,15.03567,23.45496,12.26758,18.0337,
638520715471499089,219011,-24.07648,-2.955807,16.80151,5.725575,-17.12955,15.0028,23.41221,12.24522,18.00083,
638520715471609074,219022,-24.02925,-2.950009,16.76855,5.712999,-17.09193,14.96985,23.36935,12.2228,17.96787,
638520715471719065,219033,-23.98075,-2.944055,16.73471,5.700081,-17.05328,14.936,23.32533,12.19978,17.93403,
638520715471835679,219045,-23.9338,-2.93829,16.70194,5.687576,-17.01587,14.90324,23.28271,12.17749,17.90126,
638520715471935675,219055,-23.88434,-2.932219,16.66743,5.674406,-16.97647,14.86872,23.23782,12.15401,17.86675,
638520715472055671,219067,-23.83775,-2.926499,16.63492,5.661998,-16.93935,14.83621,23.19554,12.1319,17.83424,
638520715472165664,219077,-23.7892,-2.920538,16.60103,5.649067,-16.90066,14.80233,23.15147,12.10885,17.80035,
638520715472275666,219089,-23.74286,-2.91485,16.5687,5.636727,-16.86374,14.76999,23.10942,12.08685,17.76802,
638520715472385661,219100,-23.69475,-2.908943,16.53513,5.623914,-16.82541,14.73642,23.06575,12.06401,17.73445,
638520715472505666,219111,-23.64701,-2.903083,16.50181,5.611201,-16.78738,14.70311,23.02242,12.04135,17.70113,
638520715472605667,219121,-23.598,-2.897066,16.46762,5.598149,-16.74833,14.66891,22.97794,12.01808,17.66693,
638520715472715665,219133,-23.55227,-2.891452,16.4357,5.58597,-16.71189,14.637,22.93643,11.99638,17.63502,
638520715472825680,219144,-23.50394,-2.885518,16.40197,5.573097,-16.67338,14.60326,22.89256,11.97343,17.60129,
638520715472935657,219155,-23.45684,-2.879736,16.3691,5.560555,-16.63585,14.5704,22.84982,11.95107,17.56842,
638520715473055668,219166,-23.40869,-2.873824,16.3355,5.547731,-16.59749,14.5368,22.80611,11.92822,17.53482,
638520715473165671,219177,-23.36019,-2.867871,16.30166,5.534816,-16.55885,14.50295,22.7621,11.90519,17.50098,
638520715473275661,219188,-23.31355,-2.862145,16.26912,5.522395,-16.52169,14.47041,22.71977,11.88305,17.46844,
638520715473385682,219200,-23.26507,-2.856193,16.23528,5.509484,-16.48306,14.43658,22.67577,11.86004,17.4346,
638520715473495776,219211,-23.21741,-2.850341,16.20202,5.496789,-16.44508,14.40331,22.6325,11.83741,17.40134,
638520715473615774,219222,-23.16991,-2.84451,16.16887,5.484139,-16.40724,14.37017,22.58939,11.81486,17.36819,
638520715473715784,219233,-23.12033,-2.838423,16.13428,5.470936,-16.36774,14.33557,22.54439,11.79133,17.3336,
638520715473825777,219244,-23.07387,-2.83272,16.10186,5.458564,-16.33072,14.30315,22.50223,11.76928,17.30118,
638520715473935774,219255,-23.02664,-2.826921,16.0689,5.445985,-16.29309,14.27019,22.45936,11.74685,17.26822,
638520715474055774,219266,-22.97894,-2.821066,16.03561,5.433282,-16.25509,14.23691,22.41607,11.72421,17.23493,
638520715474165793,219277,-22.93084,-2.81516,16.00204,5.42047,-16.21676,14.20333,22.3724,11.70137,17.20136,
638520715474275777,219288,-22.88315,-2.809305,15.96876,5.40777,-16.17876,14.17006,22.32912,11.67874,17.16808,
638520715474385771,219300,-22.83548,-2.803452,15.93549,5.395074,-16.14078,14.13679,22.28585,11.65611,17.13481,
638520715474495890,219310,-22.78573,-2.797345,15.90078,5.381825,-16.10114,14.10207,22.2407,11.63249,17.1001,
638520715474605893,219322,-22.73992,-2.791721,15.86881,5.369626,-16.06464,14.07011,22.19912,11.61074,17.06813,
638520715474715886,219333,-22.69186,-2.785821,15.83527,5.356826,-16.02635,14.03657,22.1555,11.58793,17.03459,
638520715474835897,219344,-22.64409,-2.779957,15.80194,5.344105,-15.98829,14.00323,22.11215,11.56525,17.00126,
638520715474935891,219355,-22.59591,-2.774041,15.76831,5.331272,-15.9499,13.96961,22.06841,11.54238,16.96763,
638520715475045892,219366,-22.54955,-2.768349,15.73596,5.318925,-15.91296,13.93725,22.02633,11.52037,16.93528,
638520715475165906,219377,-22.5017,-2.762475,15.70257,5.306181,-15.87483,13.90386,21.9829,11.49765,16.90189,
638520715475275887,219389,-22.45328,-2.756531,15.66878,5.293287,-15.83626,13.87007,21.93896,11.47467,16.8681,
638520715475385885,219399,-22.40491,-2.750593,15.63503,5.280407,-15.79773,13.83632,21.89506,11.45171,16.83435,
638520715475495902,219411,-22.3581,-2.744846,15.60236,5.267939,-15.76043,13.80365,21.85257,11.42949,16.80168,
638520715475605896,219422,-22.31046,-2.738997,15.56911,5.25525,-15.72247,13.77041,21.80933,11.40687,16.76843,
638520715475715889,219433,-22.26261,-2.733123,15.53572,-14.86005,18.27096,20,21.7659,11.38416,16.73504,
638520715475825904,219444,-22.21467,-2.727237,15.50226,-14.8352,18.24039,19.96655,21.72239,11.3614,16.70159,
638520715475935892,219455,-22.16689,-2.721372,15.46892,-14.81042,18.20994,19.9332,21.67903,11.33872,16.66825,
638520715476055893,219466,-22.1197,-2.715578,15.43599,-14.78595,18.17985,19.90027,21.63619,11.31631,16.63531,
638520715476165899,219477,-22.07103,-2.709603,15.40203,-14.76072,18.14882,19.86631,21.59202,11.29321,16.60135,
638520715476275891,219489,-22.0233,-2.703743,15.36872,-14.73597,18.1184,19.833,21.5487,11.27055,16.56804,
638520715476385891,219500,-21.9741,-2.697703,15.33439,-14.71046,18.08703,19.79866,21.50404,11.2472,16.53371,
638520715476495887,219511,-21.92828,-2.692079,15.30242,-14.68671,18.05783,19.76669,21.46246,11.22545,16.50174,
638520715476605899,219522,-21.88078,-2.686247,15.26926,-14.66208,18.02754,19.73354,21.41934,11.2029,16.46858,
638520715476725891,219533,-21.83106,-2.680143,15.23457,-14.6363,17.99585,19.69885,21.37422,11.1793,16.43389,
638520715476825893,219544,-21.78255,-2.674188,15.20072,-14.61115,17.96492,19.66499,21.33019,11.15627,16.40004,
638520715476945886,219555,-21.73737,-2.668642,15.16919,-14.58772,17.93612,19.63347,21.28919,11.13482,16.36851,
638520715477055893,219566,-21.68859,-2.662652,15.13515,-14.56243,17.90502,19.59942,21.24491,11.11167,16.33447,
638520715477155885,219577,-21.64099,-2.656809,15.10193,-14.53775,17.87467,19.56621,21.20171,11.08907,16.30125,
638520715477275886,219588,-21.59446,-2.651096,15.06946,-14.51362,17.84501,19.53373,21.15948,11.06698,16.26878,
638520715477385890,219599,-21.54605,-2.645153,15.03568,-14.48852,17.81415,19.49995,21.11554,11.044,16.23499,
638520715477496006,219611,-21.49885,-2.639359,15.00274,-14.46405,17.78406,19.46702,21.0727,11.0216,16.20206,
638520715477606000,219621,-21.45024,-2.633391,14.96882,-14.43884,17.75307,19.43309,21.02858,10.99852,16.16814,
638520715477716001,219633,-21.40363,-2.627669,14.93629,-14.41467,17.72335,19.40057,20.98627,10.97639,16.13561,
638520715477826015,219644,-21.35529,-2.621734,14.90256,-14.38961,17.69254,19.36683,20.9424,10.95344,16.10188,
638520715477936002,219655,-21.30693,-2.615797,14.86881,-14.36453,17.66171,19.33308,20.8985,10.93049,16.06813,
638520715478046001,219666,-21.25987,-2.610019,14.83597,-14.34013,17.6317,19.30025,20.85579,10.90815,16.03529,
638520715478166015,219677,-21.21271,-2.60423,14.80306,-14.31568,17.60164,19.26734,20.81299,10.88576,16.00238,
638520715478276005,219689,-21.16331,-2.598164,14.76858,-14.29007,17.57014,19.23286,20.76815,10.86231,15.9679,
638520715478385997,219699,-21.11514,-2.592251,14.73497,-14.26509,17.53944,19.19925,20.72443,10.83944,15.93429,
638520715478496108,219711,-21.06906,-2.586595,14.70282,-14.2412,17.51006,19.16709,20.68262,10.81757,15.90214,
638520715478606106,219721,-21.02072,-2.58066,14.66908,-14.21614,17.47924,19.13336,20.63874,10.79462,15.8684,
638520715478716115,219733,-20.97356,-2.57487,14.63617,-14.19169,17.44918,19.10045,20.59594,10.77223,15.83549,
638520715478826107,219744,-20.92584,-2.569011,14.60287,-14.16694,17.41876,19.06714,20.55262,10.74958,15.80219,
638520715478941856,219755,-20.87848,-2.563197,14.56982,-14.14239,17.38856,19.03409,20.50964,10.7271,15.76914,
638520715479051552,219766,-20.8306,-2.557319,14.53641,-14.11756,17.35804,19.00068,20.46618,10.70437,15.73573,
638520715479161553,219777,-20.78165,-2.55131,14.50225,-14.09218,17.32683,18.96652,20.42175,10.68113,15.70157,
638520715479271556,219788,-20.73311,-2.545351,14.46838,-14.06701,17.29589,18.93265,20.3777,10.65809,15.6677,
638520715479381556,219799,-20.68567,-2.539526,14.43527,-14.04241,17.26564,18.89954,20.33464,10.63557,15.63459,
638520715479496788,219810,-20.63955,-2.533864,14.40309,-14.0185,17.23624,18.86736,20.29278,10.61368,15.60241,
638520715479606780,219821,-20.59172,-2.527992,14.3697,-13.9937,17.20575,18.83398,20.24936,10.59097,15.56902,
638520715479716778,219833,-20.54407,-2.522142,14.33645,-13.96899,17.17537,18.80073,20.20612,10.56835,15.53577,
638520715479822781,219844,-20.49582,-2.516219,14.30279,-13.94398,17.14462,18.76706,20.16233,10.54544,15.50211,
638520715479942789,219856,-20.44829,-2.510384,14.26962,-13.91933,17.11432,18.73389,20.11919,10.52288,15.46894,
638520715480042783,219865,-20.39746,-2.504143,14.23414,-13.89298,17.08191,18.69842,20.07305,10.49875,15.43346,
638520715480162778,219877,-20.35323,-2.498714,14.20328,-13.87005,17.05371,18.66756,20.03292,10.47776,15.4026,
638520715480272783,219888,-20.30441,-2.49272,14.16921,-13.84473,17.02259,18.63348,19.9886,10.45458,15.36853,
638520715480382783,219899,-20.25735,-2.486943,14.13637,-13.82033,16.99259,18.60065,19.94589,10.43224,15.33569,
638520715480497959,219910,-20.20901,-2.481008,14.10264,-13.79527,16.96177,18.56691,19.90201,10.40929,15.30196,
638520715480597945,219921,-20.16168,-2.475198,14.06961,-13.77073,16.9316,18.53389,19.85906,10.38683,15.26893,
638520715480717945,219933,-20.11471,-2.469432,14.03683,-13.74637,16.90166,18.50111,19.81643,10.36453,15.23615,
638520715480828075,219944,-20.06657,-2.463521,14.00324,-13.72141,16.87096,18.46751,19.77273,10.34167,15.20256,
638520715480938081,219955,-20.01843,-2.457612,13.96965,-13.69645,16.84028,18.43392,19.72904,10.31882,15.16897,
638520715481048085,219966,-19.97083,-2.451768,13.93643,-13.67177,16.80993,18.4007,19.68584,10.29623,15.13575,
638520715481158081,219977,-19.92189,-2.445759,13.90227,-13.64639,16.77873,18.36655,19.64141,10.27299,15.10159,
638520715481268079,219988,-19.87444,-2.439934,13.86916,-13.62179,16.74848,18.33344,19.59835,10.25047,15.06848,
638520715481388077,220000,-19.82663,-2.434065,13.8358,-13.597,16.718,18.30007,19.55496,10.22777,15.03512,
638520715481498187,220011,-19.77797,-2.428091,13.80184,-13.57177,16.68698,18.26612,19.51079,10.20467,15.00116,
638520715481608174,220022,-19.73172,-2.422412,13.76956,-13.54779,16.65749,18.23384,19.46881,10.18272,14.96888,
638520715481718176,220033,-19.68395,-2.416548,13.73623,-13.52302,16.62704,18.20051,19.42546,10.16004,14.93555,
638520715481828179,220044,-19.63606,-2.410669,13.70281,-13.49819,16.59651,18.16709,19.38199,10.13731,14.90213,
638520715481938175,220055,-19.5877,-2.404732,13.66907,-13.47312,16.56568,18.13334,19.3381,10.11435,14.86839,
638520715482048181,220066,-19.5409,-2.398987,13.63641,-13.44886,16.53585,18.10069,19.29563,10.09213,14.83573,
638520715482158189,220077,-19.49337,-2.393151,13.60324,-13.42421,16.50554,18.06751,19.25249,10.06957,14.80256,
638520715482268173,220088,-19.44598,-2.387334,13.57017,-13.39964,16.47534,18.03444,19.20948,10.04707,14.76949,
638520715482378176,220099,-19.39807,-2.381452,13.53673,-13.3748,16.44479,18.00101,19.16599,10.02433,14.73605,
638520715482498195,220111,-19.34998,-2.375547,13.50317,-13.34986,16.41413,17.96745,19.12234,10.0015,14.70249,
638520715482608182,220122,-19.30069,-2.369496,13.46878,-13.3243,16.38271,17.93305,19.0776,9.978101,14.6681,
638520715482718175,220133,-19.25284,-2.363622,13.43538,-13.29949,16.3522,17.89966,19.03417,9.955384,14.6347,
638520715482828177,220144,-19.20695,-2.357988,13.40336,-13.2757,16.32295,17.86763,18.99252,9.9336,14.60268,
638520715482938176,220155,-19.15911,-2.352115,13.36998,-13.2509,16.29245,17.83425,18.9491,9.910892,14.5693,
638520715483048187,220166,-19.10991,-2.346076,13.33565,-13.22539,16.26109,17.79992,18.90445,9.887536,14.53497,
638520715483158170,220177,-19.06385,-2.340421,13.3035,-13.20151,16.23172,17.76778,18.86264,9.86567,14.50282,
638520715483268177,220188,21.30138,-15.92281,20,-13.17613,16.20052,17.73362,18.81822,9.842438,14.46867,
638520715483378195,220199,21.26625,-15.89655,19.96702,-13.15162,16.17039,17.70064,18.77533,9.820002,14.43569,
638520715483498194,220210,21.23053,-15.86985,19.93348,-13.1267,16.13975,17.6671,18.7317,9.797185,14.40215,
638520715483598173,220221,21.19493,-15.84324,19.90005,-13.10187,16.10922,17.63368,18.68823,9.774448,14.36872,
638520715483718176,220233,21.16043,-15.81745,19.86765,-13.0778,16.07962,17.60128,18.64609,9.752408,14.33632,
638520715483824183,220244,21.12379,-15.79006,19.83325,-13.05224,16.04819,17.56688,18.60135,9.729008,14.30192,
638520715483934185,220255,21.08867,-15.76381,19.80028,-13.02774,16.01806,17.5339,18.55846,9.706574,14.26895,
638520715484054172,220266,21.05363,-15.73761,19.76738,-13.00329,15.98801,17.501,18.51567,9.684195,14.23605,
638520715484164183,220277,21.01698,-15.71022,19.73298,-12.97773,15.95658,17.4666,18.47093,9.660791,14.20164,
638520715484274174,220288,20.98195,-15.68404,19.70008,-12.95329,15.92653,17.43371,18.42814,9.638415,14.16875,
638520715484384174,220299,20.94673,-15.6577,19.66701,-12.92871,15.89631,17.40063,18.38513,9.615915,14.13568,
638520715484496190,220310,20.91102,-15.63102,19.63349,-12.90381,15.86569,17.36711,18.34153,9.593112,14.10215,
638520715484606185,220321,20.87576,-15.60465,19.60037,-12.8792,15.83544,17.334,18.29846,9.570587,14.06904,
638520715484716195,220333,20.84053,-15.57832,19.5673,-12.85463,15.80523,17.30092,18.25545,9.548089,14.03597,
638520715484826189,220344,20.80489,-15.55168,19.53384,-12.82977,15.77466,17.26746,18.21192,9.525324,14.0025,
638520715484936190,220355,20.76948,-15.52521,19.50059,-12.80506,15.74428,17.23421,18.16868,9.502707,13.96926,
638520715485046193,220366,20.73423,-15.49886,19.46749,-12.78047,15.71405,17.20111,18.12563,9.480192,13.93616,
638520715485156189,220377,20.69817,-15.4719,19.43363,-12.75532,15.68312,17.16726,18.08159,9.457161,13.9023,
638520715485266194,220388,20.66278,-15.44545,19.40041,-12.73063,15.65276,17.13403,18.03838,9.434557,13.86907,
638520715485386193,220399,20.62723,-15.41887,19.36703,-12.70583,15.62227,17.10065,17.99496,9.411851,13.83569,
638520715485492064,220410,20.5917,-15.39232,19.33367,-12.68104,15.5918,17.0673,17.95158,9.389161,13.80234,
638520715485602054,220421,20.55662,-15.3661,19.30074,-12.65657,15.56171,17.03436,17.90875,9.366756,13.76941,
638520715485712052,220432,20.5213,-15.33969,19.26757,-12.63193,15.53141,17.0012,17.86561,9.344195,13.73624,
638520715485822060,220443,20.48617,-15.31344,19.23459,-12.60743,15.50128,16.96822,17.82272,9.32176,13.70326,
638520715485942049,220455,20.45074,-15.28695,19.20132,-12.58271,15.47089,16.93495,17.77945,9.299128,13.66999,
638520715486052052,220466,20.41332,-15.25898,19.16619,-12.5566,15.43879,16.89981,17.73375,9.275227,13.63485,
638520715486162056,220477,20.37875,-15.23313,19.13373,-12.53249,15.40914,16.86735,17.69153,9.253146,13.60239,
638520715486272055,220488,20.34385,-15.20705,19.10096,-12.50814,15.3792,16.83459,17.64891,9.230857,13.56963,
638520715486382053,220499,20.30818,-15.18039,19.06747,-12.48326,15.34861,16.8011,17.60536,9.208076,13.53614,
638520715486493327,220510,20.27219,-15.15348,19.03368,-12.45815,15.31774,16.7673,17.5614,9.185086,13.50234,
638520715486603329,220521,20.23736,-15.12744,19.00098,-12.43385,15.28786,16.7346,17.51887,9.16284,13.46964,
638520715486713342,220532,20.20177,-15.10085,18.96757,-12.40903,15.25734,16.70119,17.47542,9.140114,13.43623,
638520715486823434,220543,20.16615,-15.07422,18.93412,-12.38418,15.22678,16.66774,17.43192,9.117361,13.40279,
638520715486933437,220555,20.1311,-15.04802,18.90121,-12.35973,15.19672,16.63484,17.38912,9.094976,13.36988,
638520715487043447,220566,20.09441,-15.02059,18.86677,-12.33413,15.16525,16.60039,17.34432,9.071543,13.33543,
638520715487163428,220577,20.05963,-14.9946,18.83411,-12.30987,15.13542,16.56773,17.30184,9.049328,13.30277,
638520715487273429,220588,20.02415,-14.96807,18.80079,-12.28511,15.10498,16.53441,17.25851,9.026663,13.26946,
638520715487383440,220599,19.98885,-14.94169,18.76765,-12.26049,15.07471,16.50128,17.21541,9.00412,13.23632,
638520715487493436,220610,19.95317,-14.91502,18.73415,-12.2356,15.04411,16.46778,17.17184,8.981333,13.20282,
638520715487603470,220621,19.91829,-14.88894,18.7014,-12.21126,15.01418,16.43502,17.12924,8.959051,13.17006,
638520715487713430,220632,19.88257,-14.86224,18.66787,-12.18635,14.98355,16.40149,17.08563,8.93624,13.13653,
638520715487823445,220643,19.84658,-14.83534,18.63407,-12.16124,14.95268,16.3677,17.04168,8.913253,13.10274,
638520715487933433,220655,19.81141,-14.80905,18.60105,-12.1367,14.92251,16.33467,16.99872,8.890788,13.06972,
638520715488043445,220666,19.77575,-14.78239,18.56756,-12.11182,14.89192,16.30119,16.95517,8.86801,13.03623,
638520715488163425,220677,19.73982,-14.75553,18.53383,-12.08676,14.8611,16.26745,16.9113,8.845062,13.0025,
638520715488273438,220688,19.70407,-14.72881,18.50026,-12.06182,14.83044,16.23389,16.86764,8.822228,12.96893,
638520715488373424,220699,19.66891,-14.70253,18.46725,-12.03729,14.80028,16.20088,16.82471,8.799773,12.93592,
638520715488493429,220711,19.63438,-14.67672,18.43484,-12.01321,14.77067,16.16846,16.78255,8.777721,12.9035,
638520715488603427,220721,19.59746,-14.64912,18.40017,-11.98745,14.739,16.13379,16.73746,8.754138,12.86884,
638520715488713437,220732,19.56347,-14.62371,18.36825,-11.96374,14.70984,16.10188,16.69595,8.732429,12.83692,
638520715488823560,220743,19.52808,-14.59726,18.33503,-11.93905,14.67949,16.06866,16.65274,8.709829,12.8037,
638520715488933545,220754,19.4921,-14.57037,18.30125,-11.91395,14.64863,16.03487,16.6088,8.68685,12.76992,
638520715489039782,220765,19.45666,-14.54387,18.26797,-11.88923,14.61823,16.00159,16.56552,8.664211,12.73664,
638520715489159762,220777,19.42152,-14.51761,18.23498,-11.86471,14.58809,15.9686,16.52261,8.641768,12.70365,
638520715489269762,220788,19.38592,-14.49099,18.20155,-11.83987,14.55755,15.93517,16.47913,8.619027,12.67022,
638520715489379780,220799,19.34854,-14.46305,18.16646,-11.8138,14.52549,15.90008,16.43349,8.595156,12.63513,
638520715489490530,220810,19.31505,-14.43802,18.13501,-11.79044,14.49677,15.86864,16.39259,8.573766,12.60368,
638520715489600529,220821,19.2791,-14.41115,18.10126,-11.76536,14.46593,15.83489,16.3487,8.550807,12.56993,
638520715489710530,220832,19.24446,-14.38526,18.06874,-11.74119,14.43622,15.80236,16.30639,8.528682,12.53741,
638520715489820679,220843,19.20838,-14.35828,18.03486,-11.71602,14.40527,15.76848,16.26233,8.505636,12.50353,
638520715489940678,220855,19.17259,-14.33153,18.00125,-11.69105,14.37457,15.73488,16.21862,8.482775,12.46992,
638520715490050692,220866,19.13624,-14.30436,17.96713,-11.6657,14.3434,15.70075,16.17424,8.45956,12.4358,
638520715490160679,220877,19.10084,-14.2779,17.93389,-11.641,14.31303,15.66751,16.13101,8.43695,12.40256,
638520715490270681,220888,19.06586,-14.25175,17.90104,-11.6166,14.28302,15.63467,16.08829,8.414605,12.36971,
638520715490380697,220899,19.03095,-14.22566,17.86827,-11.59225,14.25309,15.6019,16.04566,8.392313,12.33694,
638520715490490565,220910,18.99529,-14.199,17.83479,-11.56737,14.2225,15.56841,16.00211,8.369534,12.30346,
638520715490600576,220921,18.95994,-14.17258,17.8016,-11.54271,14.19218,15.53522,15.95895,8.346959,12.27027,
638520715490720571,220933,18.92505,-14.14649,17.76884,-11.51837,14.16225,15.50246,15.91634,8.324672,12.23751,
638520715490820676,220943,18.88679,-14.1179,17.73292,-11.49168,14.12944,15.46654,15.86962,8.300239,12.20159,
638520715490930681,220954,18.85276,-14.09246,17.70097,-11.46794,14.10025,15.43459,15.82806,8.278502,12.16964,
638520715491040674,220966,18.81837,-14.06675,17.66868,-11.44395,14.07075,15.4023,15.78607,8.256538,12.13735,
638520715491150693,220977,18.78229,-14.03978,17.6348,-11.41878,14.0398,15.36843,15.74201,8.233494,12.10347,
638520715491260673,220987,18.74697,-14.01338,17.60164,-10.39219,-17.98634,20,15.69888,8.210935,12.07031,
638520715491370686,220999,18.71218,-13.98737,17.56897,-10.37521,-17.95695,19.96733,15.65638,8.188709,12.03764,
638520715491490525,221010,18.67672,-13.96086,17.53568,-10.35792,-17.92701,19.93404,15.61308,8.166062,12.00435,
638520715491600526,221021,18.63899,-13.93266,17.50025,-10.33951,-17.89515,19.89861,15.56701,8.141965,11.96892,
638520715491710539,221032,18.60583,-13.90788,17.46912,-10.32333,-17.86716,19.86748,15.52652,8.120789,11.93779,
638520715491820633,221043,18.56991,-13.88103,17.4354,-10.30581,-17.83683,19.83376,15.48266,8.097847,11.90407,
638520715491930875,221054,18.53457,-13.85461,17.40222,-10.28857,-17.80699,19.80058,15.4395,8.075276,11.87089,
638520715492040631,221065,18.49978,-13.8286,17.36955,-10.27159,-17.77761,19.76791,15.39701,8.053053,11.83822,
638520715492150623,221077,18.4629,-13.80104,17.33492,-10.2536,-17.74648,19.73328,15.35198,8.0295,11.8036,
638520715492270633,221088,18.42758,-13.77463,17.30176,-10.23637,-17.71665,19.70012,15.30885,8.006941,11.77043,
638520715492370640,221098,18.39188,-13.74795,17.26824,-10.21896,-17.68651,19.6666,15.26525,7.984139,11.73691,
638520715492490598,221110,18.35752,-13.72226,17.23598,-10.20219,-17.65749,19.63434,15.22329,7.962192,11.70465,
638520715492600585,221121,18.32153,-13.69536,17.20219,-10.18463,-17.6271,19.60055,15.17934,7.939203,11.67086,
638520715492710584,221132,18.28496,-13.66802,17.16785,-10.16679,-17.59622,19.56621,15.13468,7.915845,11.63652,
638520715492820704,221143,18.25018,-13.64203,17.1352,-10.14982,-17.56686,19.53356,15.09221,7.893633,11.60387,
638520715492930700,221154,18.21417,-13.61511,17.10138,-10.13225,-17.53645,19.49974,15.04824,7.870632,11.57005,
638520715493040700,221165,18.17921,-13.58897,17.06856,-10.1152,-17.50693,19.46692,15.00554,7.848301,11.53723,
638520715493150698,221176,18.14343,-13.56223,17.03496,-10.09774,-17.47672,19.43332,14.96185,7.825449,11.50363,
638520715493260700,221188,18.10913,-13.53659,17.00277,-10.08101,-17.44776,19.40112,14.91997,7.803546,11.47144,
638520715493380701,221199,18.07282,-13.50945,16.96867,-10.06329,-17.4171,19.36703,14.87563,7.780353,11.43734,
638520715493480558,221210,18.03734,-13.48293,16.93536,-10.04599,-17.38714,19.33372,14.8323,7.757692,11.40403,
638520715493600566,221221,18.00251,-13.45689,16.90265,-10.02899,-17.35773,19.30101,14.78977,7.735445,11.37133,
638520715493710565,221232,17.96692,-13.43029,16.86924,-10.01163,-17.32768,19.2676,14.74631,7.712716,11.33791,
638520715493820556,221243,17.93097,-13.40341,16.83548,-9.994089,-17.29732,19.23384,14.7024,7.689751,11.30415,
638520715493930562,221254,17.8964,-13.37757,16.80302,-9.977223,-17.26813,19.20138,14.66019,7.667671,11.2717,
638520715494038307,221265,17.85946,-13.34996,16.76834,-9.959202,-17.23694,19.1667,14.61508,7.644077,11.23701,
638520715494158310,221277,17.82457,-13.32388,16.73558,-9.942181,-17.20748,19.13394,14.57247,7.621793,11.20425,
638520715494268307,221288,17.78857,-13.29697,16.70178,-9.924617,-17.17708,19.10014,14.52851,7.598798,11.17045,
638520715494378310,221299,17.75344,-13.27071,16.6688,-9.907479,-17.14742,19.06716,14.48561,7.576363,11.13747,
638520715494490301,221310,17.71782,-13.24408,16.63535,-9.8901,-17.11734,19.03371,14.44211,7.553609,11.10402,
638520715494600292,221321,17.68298,-13.21804,16.60265,-9.873106,-17.08793,19.00101,14.39957,7.531362,11.07132,
638520715494710296,221332,17.64694,-13.1911,16.56881,-9.855523,-17.0575,18.96717,14.35556,7.508344,11.03748,
638520715494820390,221343,17.61207,-13.16503,16.53606,-9.838509,-17.02805,18.93442,14.31297,7.486068,11.00473,
638520715494930388,221354,17.57614,-13.13818,16.50233,-9.820981,-16.99771,18.90069,14.2691,7.463121,10.971,
638520715495040400,221365,17.54136,-13.11218,16.46968,-9.804012,-16.96834,18.86803,14.22662,7.440906,10.93834,
638520715495150393,221376,17.50548,-13.08536,16.43599,-9.78651,-16.93805,18.83435,14.18281,7.417992,10.90466,
638520715495260396,221387,17.47085,-13.05947,16.40347,-9.769613,-16.90881,18.80183,14.14052,7.395872,10.87214,
638520715495370414,221399,17.43504,-13.0327,16.36985,-9.752141,-16.87857,18.76821,14.09679,7.372998,10.83852,
638520715495490543,221410,17.3986,-13.00546,16.33563,-9.734363,-16.8478,18.73399,14.05229,7.349724,10.8043,
638520715495600538,221421,17.36216,-12.97823,16.30142,-9.716586,-16.81703,18.69978,14.00779,7.326451,10.77009,
638520715495710546,221432,17.32764,-12.95243,16.26902,-9.699747,-16.78789,18.66738,13.96564,7.304406,10.73769,
638520715495820654,221443,17.29149,-12.9254,16.23507,-9.682107,-16.75736,18.63343,13.92149,7.281313,10.70374,
638520715495930665,221454,17.2575,-12.89999,16.20316,-9.665527,-16.72866,18.60152,13.87999,7.259607,10.67183,
638520715496040673,221465,17.22157,-12.87314,16.16943,-9.647999,-16.69832,18.56779,13.83611,7.23666,10.6381,
638520715496150652,221476,17.18539,-12.84609,16.13545,-9.630346,-16.66777,18.53381,13.79193,7.213549,10.60412,
638520715496260651,221487,17.14983,-12.81951,16.10206,-9.612996,-16.63774,18.50042,13.7485,7.190835,10.57073,
638520715496370665,221498,17.11544,-12.79381,16.06978,-9.596222,-16.60871,18.46814,13.70651,7.168875,10.53845,
638520715496490422,221510,17.07972,-12.7671,16.03624,-9.578793,-16.57855,18.4346,13.66289,7.146057,10.50491,
638520715496600419,221521,17.04388,-12.74031,16.00259,-9.561308,-16.54828,18.40095,13.61912,7.123167,10.47126,
638520715496710431,221532,17.007,-12.71274,15.96796,-9.543315,-16.51714,18.36632,13.57409,7.099612,10.43663,
638520715496820539,221543,16.97226,-12.68678,15.93535,-9.526367,-16.48781,18.3337,13.53166,7.077425,10.40402,
638520715496930535,221554,16.93785,-12.66106,15.90304,-9.509582,-16.45876,18.3014,13.48965,7.055449,10.37171,
638520715497040556,221565,16.90176,-12.63408,15.86915,-9.491971,-16.42828,18.26751,13.44557,7.032394,10.33782,
638520715497150556,221576,16.86591,-12.60728,15.83549,-9.474481,-16.39801,18.23385,13.40179,7.009496,10.30416,
638520715497270535,221588,16.83048,-12.5808,15.80223,-9.4572,-16.3681,18.20059,13.35853,6.986872,10.2709,
638520715497380542,221599,16.7935,-12.55315,15.7675,-9.439155,-16.33687,18.16586,13.31337,6.963248,10.23617,
638520715497480447,221609,16.7593,-12.52759,15.73539,-9.42247,-16.30799,18.13375,13.2716,6.941405,10.20406,
638520715497600437,221621,16.72477,-12.50178,15.70298,-9.405626,-16.27884,18.10133,13.22944,6.919353,10.17165,
638520715497710449,221632,16.68882,-12.4749,15.66922,-9.388084,-16.24848,18.06757,13.18553,6.896388,10.13789,
638520715497820554,221643,16.65351,-12.44851,15.63607,-9.370862,-16.21867,18.03443,13.14242,6.87384,10.10474,
638520715497930557,221654,16.61856,-12.42238,15.60325,-9.353807,-16.18915,18.0016,13.09973,6.851512,10.07192,
638520715498040555,221665,16.5825,-12.39543,15.5694,-9.336218,-16.15871,17.96775,13.05571,6.828485,10.03807,
638520715498150562,221676,16.54681,-12.36875,15.53588,-9.318804,-16.12857,17.93424,13.01212,6.805686,10.00455,
638520715498260553,221687,16.51145,-12.34232,15.50268,-9.301555,-16.09871,17.90104,12.96894,6.783104,9.971354,
638520715498380555,221699,16.47615,-12.31594,15.46954,-9.284335,-16.06891,17.8679,12.92584,6.76056,9.938214,
638520715498491145,221710,16.43984,-12.2888,15.43545,-9.266622,-16.03825,17.83381,12.8815,6.73737,9.904124,
638520715498601138,221721,16.40428,-12.26221,15.40206,-9.24927,-16.00822,17.80042,12.83807,6.714654,9.870732,
638520715498711137,221732,16.3693,-12.23607,15.36922,-9.232207,-15.97869,17.76758,12.79536,6.692316,9.837894,
638520715498861236,221747,16.33303,-12.20895,15.33517,-9.214511,-15.94806,17.73352,12.75106,6.669148,9.803837,
638520715498961331,221757,16.28442,-12.17262,15.28953,-9.190795,-15.90702,17.68788,12.6917,6.6381,9.758195,
638520715499131333,221774,16.25348,-12.14949,15.26048,-9.175701,-15.88089,17.65883,12.65392,6.61834,9.729146,
638520715499191340,221780,16.19902,-12.10878,15.20934,-9.149131,-15.83491,17.6077,12.58741,6.583555,9.678012,
638520715499251327,221787,16.17936,-12.09408,15.19089,-9.139541,-15.81831,17.58924,12.56341,6.571,9.659555,
638520715499361335,221797,16.15768,-12.07788,15.17053,-9.128965,-15.80001,17.56889,12.53694,6.557156,9.639203,
638520715499470442,221808,16.12593,-12.05414,15.14072,-9.113473,-15.77319,17.53908,12.49816,6.536873,9.609387,
638520715499580419,221819,16.09154,-12.02844,15.10843,-9.096698,-15.74416,17.50679,12.45617,6.514911,9.577103,
638520715499690412,221830,16.0565,-12.00225,15.07553,-9.079601,-15.71457,17.47389,12.41338,6.492529,9.5442,
638520715499800509,221841,16.02032,-11.9752,15.04156,-9.061949,-15.68402,17.43991,12.36919,6.469419,9.510227,
638520715499910504,221852,15.98488,-11.94871,15.00829,-9.044662,-15.6541,17.40664,12.32592,6.446786,9.476957,
638520715500020508,221863,15.9498,-11.92249,14.97535,-9.027547,-15.62448,17.37371,12.28308,6.42438,9.44402,
638520715500130501,221874,15.91392,-11.89567,14.94166,-9.010042,-15.59418,17.34002,12.23927,6.401464,9.410333,
638520715500240514,221885,15.87878,-11.8694,14.90867,-8.992897,-15.56451,17.30702,12.19635,6.379018,9.377337,
638520715500350504,221897,15.8433,-11.84288,14.87536,-8.975591,-15.53455,17.27372,12.15303,6.356361,9.34403,
638520715500470563,221908,15.80753,-11.81614,14.84178,-8.958139,-15.50435,17.24013,12.10935,6.333514,9.310446,
638520715500580568,221919,15.77198,-11.78956,14.80839,-8.940791,-15.47432,17.20675,12.06593,6.310803,9.27706,
638520715500690570,221930,15.73666,-11.76317,14.77523,-8.923562,-15.44451,17.17359,12.0228,6.288248,9.243902,
638520715500800694,221941,15.70157,-11.73694,14.74229,-8.906443,-15.41488,17.14064,11.97995,6.265836,9.210956,
638520715500910681,221952,15.66568,-11.7101,14.70858,-8.88893,-15.38457,17.10694,11.93612,6.24291,9.177254,
638520715501020687,221963,15.6304,-11.68374,14.67546,-8.87172,-15.35478,17.07382,11.89304,6.220379,9.144134,
638520715501130675,221974,15.595,-11.65728,14.64223,-8.854451,-15.32489,17.04058,11.84982,6.197771,9.110899,
638520715501240675,221985,15.55908,-11.63043,14.6085,-8.836926,-15.29456,17.00686,11.80595,6.174828,9.077171,
638520715501350685,221996,15.52409,-11.60427,14.57565,-8.819857,-15.26502,16.974,11.76322,6.152482,9.044322,
638520715501459993,222007,15.48831,-11.57752,14.54205,-8.802398,-15.2348,16.9404,11.71952,6.129625,9.010722,
638520715501580009,222019,15.45315,-11.55124,14.50904,-8.785243,-15.20511,16.90739,11.67659,6.107167,8.977709,
638520715501689995,222030,15.41751,-11.52461,14.47558,-8.767859,-15.17503,16.87394,11.63307,6.08441,8.944254,
638520715501800088,222041,15.38113,-11.49741,14.44142,-8.750108,-15.1443,16.83977,11.58864,6.061169,8.910089,
638520715501910088,222052,15.34612,-11.47124,14.40856,-8.733031,-15.11475,16.80691,11.5459,6.038813,8.877225,
638520715502020089,222063,15.30931,-11.44372,14.37399,-8.71507,-15.08366,16.77234,11.50094,6.015297,8.842657,
638520715502130091,222074,15.27427,-11.41753,14.34109,-8.697974,-15.05407,16.73944,11.45814,5.992916,8.809756,
638520715502250090,222086,15.24051,-11.39229,14.30939,-8.681504,-15.02556,16.70774,11.41692,5.971354,8.778059,
638520715502350091,222096,15.20318,-11.36439,14.27434,-8.663293,-14.99405,16.67269,11.37133,5.947512,8.743011,
638520715502469690,222108,15.16876,-11.33866,14.24203,-8.646502,-14.96498,16.64037,11.3293,5.925529,8.710695,
638520715502579788,222119,15.13302,-11.31194,14.20847,-8.629065,-14.9348,16.60682,11.28566,5.9027,8.677137,
638520715502689886,222130,15.09808,-11.28582,14.17566,-8.612019,-14.9053,16.57401,11.24299,5.880384,8.644332,
638520715502809884,222142,15.06249,-11.25922,14.14225,-8.594655,-14.87525,16.54059,11.19953,5.857652,8.610915,
638520715502909883,222152,15.0236,-11.23015,14.10574,-8.575686,-14.84242,16.50408,11.15204,5.832817,8.574407,
638520715503029887,222164,14.99031,-11.20527,14.07448,-8.559443,-14.81431,16.47283,3.062134,-33.68398,20,
638520715503139886,222175,14.95431,-11.17836,14.04068,-8.541882,-14.78391,16.43903,3.056959,-33.62705,19.9662,
638520715503249890,222186,14.91896,-11.15193,14.00749,-8.524635,-14.75406,16.40584,3.051877,-33.57115,19.93301,
638520715503359900,222197,14.88241,-11.12461,13.97317,-8.506804,-14.7232,16.37152,3.046623,-33.51336,19.8987,
638520715503469883,222208,14.84627,-11.0976,13.93924,-8.489171,-14.69268,16.33759,3.041427,-33.4562,19.86476,
638520715503589890,222220,14.81081,-11.07109,13.90594,-8.471871,-14.66274,16.30429,3.03633,-33.40013,19.83147,
638520715503700000,222231,14.77473,-11.04412,13.87207,-8.454269,-14.63228,16.27042,3.031143,-33.34307,19.79759,
638520715503809991,222242,14.73881,-11.01727,13.83835,-8.436746,-14.60195,16.23669,3.02598,-33.28628,19.76387,
638520715503919991,222253,14.70301,-10.99051,13.80474,-8.419282,-14.57172,16.20308,3.020834,-33.22967,19.73026,
638520715504040389,222265,14.66702,-10.96361,13.77095,-8.401725,-14.54133,16.16929,3.015661,-33.17276,19.69647,
638520715504150378,222276,14.63105,-10.93672,13.73717,-8.384175,-14.51096,16.13552,3.01049,-33.11588,19.66269,
638520715504260381,222287,14.59527,-10.90998,13.70358,-8.366719,-14.48075,16.10192,3.005346,-33.0593,19.6291,
638520715504370385,222298,14.55957,-10.88329,13.67006,-8.349302,-14.4506,16.06841,3.000214,-33.00285,19.59558,
638520715504480387,222309,14.52386,-10.8566,13.63653,-8.331882,-14.42045,16.03488,2.995081,-32.94638,19.56206,
638520715504590400,222320,14.48922,-10.8307,13.60401,-8.314981,-14.3912,16.00236,2.990101,-32.89161,19.52953,
638520715504710482,222332,14.45324,-10.80381,13.57022,-8.297427,-14.36082,15.96857,2.984929,-32.83471,19.49575,
638520715504820575,222343,14.4173,-10.77694,13.53648,-8.27989,-14.33047,15.93482,2.979762,-32.77787,19.462,
638520715504920575,222353,14.38118,-10.74994,13.50256,-8.262269,-14.29997,15.90091,2.97457,-32.72076,19.42809,
638520715505040580,222365,14.34751,-10.72477,13.47095,-8.245844,-14.27154,15.8693,2.96973,-32.66752,19.39647,
638520715505150577,222376,14.31178,-10.69807,13.43741,-8.228415,-14.24138,15.83576,2.964594,-32.61103,19.36293,
638520715505260571,222387,14.27552,-10.67096,13.40336,-8.210724,-14.21076,15.80171,2.959382,-32.55369,19.32889,
638520715505370578,222398,14.23984,-10.64429,13.36986,-8.193316,-14.18063,15.76821,2.954252,-32.49726,19.29538,
638520715505480585,222409,14.20482,-10.61811,13.33698,-8.176229,-14.15106,15.73533,2.949218,-32.44188,19.2625,
638520715505590581,222420,14.16942,-10.59165,13.30374,-8.158959,-14.12117,15.70209,2.944129,-32.3859,19.22927,
638520715505700678,222432,14.13458,-10.56561,13.27103,-8.141962,-14.09175,15.66938,2.939121,-32.33081,19.19655,
638520715505810774,222442,14.09818,-10.5384,13.23685,-8.124203,-14.06101,15.6352,2.933888,-32.27325,19.16238,
