time(100ns),time_stamp(ms),object1.x,object1.y,object1.z,object2.x,object2.y,object2.z,object3.x,object3.y,object3.z,
638521427565419752,526500,-16.47671,-12.35118,20,-1.241604,9.419649,20,-4.543818,-11.64772,20,
638521427565479755,526506,-16.43572,-12.32045,19.95024,-1.238515,9.396214,19.95024,-4.532514,-11.61874,19.95024,
638521427565549771,526514,-16.42072,-12.30921,19.93204,-1.237385,9.387642,19.93204,-4.528379,-11.60814,19.93204,
638521427565668532,526525,-16.40182,-12.29504,19.9091,-1.235961,9.376835,19.9091,-4.523166,-11.59478,19.9091,
638521427565778529,526536,-16.37371,-12.27398,19.87498,-1.233843,9.360768,19.87498,-4.515416,-11.57491,19.87498,
638521427565888530,526547,-16.3464,-12.25351,19.84184,-1.231785,9.345156,19.84184,-4.507885,-11.5556,19.84184,
638521427565998536,526558,-16.31895,-12.23293,19.80852,-1.229717,9.329463,19.80852,-4.500315,-11.5362,19.80852,
638521427566108543,526569,-16.29157,-12.2124,19.77528,-1.227653,9.313807,19.77528,-4.492763,-11.51684,19.77528,
638521427566218534,526580,-16.26392,-12.19167,19.74171,-1.225569,9.297999,19.74171,-4.485138,-11.49729,19.74171,
638521427566328539,526591,-16.23697,-12.17148,19.70901,-1.223539,9.282595,19.70901,-4.477707,-11.47824,19.70901,
638521427566438529,526603,-16.2093,-12.15074,19.67542,-1.221454,9.266778,19.67542,-4.470078,-11.45869,19.67542,
638521427566548529,526614,-16.18187,-12.13017,19.64213,-1.219387,9.251096,19.64213,-4.462513,-11.4393,19.64213,
638521427566668534,526625,-16.15445,-12.10962,19.60884,-1.217321,9.235419,19.60884,-4.454951,-11.41991,19.60884,
638521427566778532,526636,-16.12697,-12.08902,19.57549,-1.21525,9.219708,19.57549,-4.447373,-11.40049,19.57549,
638521427566888537,526647,-16.09935,-12.06831,19.54195,-1.213168,9.203915,19.54195,-4.439754,-11.38095,19.54195,
638521427566998532,526658,-16.07248,-12.04817,19.50934,-1.211144,9.188555,19.50934,-4.432345,-11.36196,19.50934,
638521427567108538,526669,-16.04503,-12.02759,19.47602,-1.209075,9.172862,19.47602,-4.424775,-11.34256,19.47602,
638521427567218678,526680,-16.01712,-12.00667,19.44214,-1.206972,9.156904,19.44214,-4.417078,-11.32282,19.44214,
638521427567328680,526691,-15.99004,-11.98637,19.40927,-1.204931,9.141421,19.40927,-4.409609,-11.30368,19.40927,
638521427567438681,526702,-15.96266,-11.96585,19.37603,-1.202868,9.12577,19.37603,-4.40206,-11.28433,19.37603,
638521427567548677,526714,-15.93504,-11.94514,19.34251,-1.200787,9.10998,19.34251,-4.394443,-11.2648,19.34251,
638521427567658676,526725,-15.90753,-11.92452,19.30912,-1.198714,9.094255,19.30912,-4.386858,-11.24536,19.30912,
638521427567778678,526736,-15.88024,-11.90406,19.27599,-1.196657,9.07865,19.27599,-4.379331,-11.22606,19.27599,
638521427567888677,526747,-15.85264,-11.88337,19.24249,-1.194577,9.062872,19.24249,-4.37172,-11.20655,19.24249,
638521427567998673,526758,-15.82522,-11.86282,19.20921,-1.192511,9.047197,19.20921,-4.364159,-11.18717,19.20921,
638521427568108680,526769,-15.79725,-11.84185,19.17526,-1.190404,9.031206,19.17526,-4.356445,-11.1674,19.17526,
638521427568218674,526780,-15.77051,-11.82181,19.1428,-1.188389,9.015922,19.1428,-4.349072,-11.1485,19.1428,
638521427568328681,526791,-15.74275,-11.801,19.10911,-1.186297,9.000052,19.10911,-4.341417,-11.12887,19.10911,
638521427568438689,526802,-15.71537,-11.78048,19.07587,-1.184234,8.984396,19.07587,-4.333865,-11.10951,19.07587,
638521427568548672,526813,-15.68787,-11.75986,19.04249,-1.182161,8.968675,19.04249,-4.326281,-11.09007,19.04249,
638521427568668801,526825,-15.66074,-11.73953,19.00956,-1.180117,8.953167,19.00956,-4.3188,-11.0709,19.00956,
638521427568768794,526836,-15.63294,-11.71869,18.97582,-1.178022,8.937274,18.97582,-4.311134,-11.05125,18.97582,
638521427568878793,526846,-15.6057,-11.69826,18.94274,-1.175969,8.921696,18.94274,-4.303619,-11.03198,18.94274,
638521427568998803,526859,-15.57835,-11.67776,18.90955,-1.173908,8.906063,18.90955,-4.296078,-11.01265,18.90955,
638521427569108800,526869,-15.54986,-11.65641,18.87497,-1.171762,8.889774,18.87497,-4.288221,-10.99251,18.87497,
638521427569218906,526881,-15.52253,-11.63592,18.84179,-1.169702,8.874147,18.84179,-4.280683,-10.97319,18.84179,
638521427569338907,526892,-15.49464,-11.61501,18.80794,-1.1676,8.858204,18.80794,-4.272993,-10.95347,18.80794,
638521427569448905,526903,-15.46648,-11.59391,18.77376,-1.165479,8.842108,18.77376,-4.265228,-10.93357,18.77376,
638521427569558906,526915,-15.43868,-11.57307,18.74002,-1.163384,8.826214,18.74002,-4.257562,-10.91392,18.74002,
638521427569678914,526926,-15.41068,-11.55207,18.70602,-1.161273,8.810203,18.70602,-4.249838,-10.89412,18.70602,
638521427569788935,526937,-15.3827,-11.5311,18.67206,-1.159165,8.794209,18.67206,-4.242124,-10.87434,18.67206,
638521427569898913,526949,-15.35485,-11.51022,18.63825,-1.157066,8.778284,18.63825,-4.234441,-10.85465,18.63825,
638521427570018913,526960,-15.32656,-11.48902,18.60392,-1.154935,8.762116,18.60392,-4.226642,-10.83466,18.60392,
638521427570128907,526971,-15.29908,-11.46842,18.57056,-1.152864,8.746404,18.57056,-4.219063,-10.81523,18.57056,
638521427570239028,526982,-15.27104,-11.4474,18.53652,-1.150751,8.730372,18.53652,-4.211329,-10.79541,18.53652,
638521427570359032,526994,-15.24316,-11.4265,18.50268,-1.14865,8.714433,18.50268,-4.20364,-10.7757,18.50268,
638521427570469035,527005,-15.21489,-11.4053,18.46836,-1.146519,8.698271,18.46836,-4.195845,-10.75571,18.46836,
638521427570583735,527016,-15.18723,-11.38457,18.43479,-1.144435,8.682458,18.43479,-4.188217,-10.73616,18.43479,
638521427570693725,527028,-15.15927,-11.36361,18.40086,-16.86232,15.46278,20,-4.180508,-10.7164,18.40086,
638521427570803725,527039,-15.13141,-11.34273,18.36704,-16.8338,15.43663,19.96618,-4.172824,-10.6967,18.36704,
638521427570913725,527050,-15.10339,-11.32173,18.33303,-16.80513,15.41034,19.93217,-4.165098,-10.6769,18.33303,
638521427571023732,527061,-15.07602,-11.30121,18.2998,-16.77712,15.38465,19.89895,-4.15755,-10.65755,18.2998,
638521427571143737,527072,-15.04867,-11.2807,18.2666,-16.74912,15.35898,19.86575,-4.150006,-10.63821,18.2666,
638521427571247324,527083,-15.02075,-11.25978,18.23272,-16.72056,15.33278,19.83186,-4.142308,-10.61848,18.23272,
638521427571367328,527095,-14.99385,-11.23961,18.20006,-16.69302,15.30754,19.7992,-4.134889,-10.59946,18.20006,
638521427571467328,527105,-14.96571,-11.21852,18.1659,-16.66423,15.28113,19.76505,-4.127129,-10.57957,18.1659,
638521427571587326,527117,-14.93897,-11.19847,18.13344,-16.63686,15.25603,19.73259,-4.119754,-10.56066,18.13344,
638521427571697326,527128,-14.91129,-11.17772,18.09984,-16.60853,15.23005,19.69899,-4.11212,-10.54109,18.09984,
638521427571807325,527139,-14.88383,-11.15714,18.06651,-16.58043,15.20429,19.66566,-4.104548,-10.52168,18.06651,
638521427571917319,527150,-14.85669,-11.13679,18.03357,-16.55265,15.17881,19.63271,-4.097064,-10.50249,18.03357,
638521427572027321,527161,-14.829,-11.11604,17.99996,-16.52432,15.15283,19.59911,-4.089429,-10.48292,17.99996,
638521427572137327,527172,-14.80146,-11.09539,17.96653,-16.49613,15.12698,19.56567,-4.081833,-10.46345,17.96653,
638521427572247327,527183,-14.7734,-11.07436,17.93247,-16.46742,15.10065,19.53162,-4.074096,-10.44362,17.93247,
638521427572357323,527195,-14.74683,-11.05444,17.90023,-16.44023,15.07572,19.49937,-4.066769,-10.42484,17.90023,
638521427572475296,527205,-14.719,-11.03358,17.86644,-16.41174,15.0496,19.46559,-4.059093,-10.40516,17.86644,
638521427572580478,527217,-14.69196,-11.01331,17.83362,-16.38407,15.02422,19.43276,-4.051636,-10.38604,17.83362,
638521427572690474,527228,-14.66432,-10.99259,17.80007,-16.35578,14.99829,19.39921,-4.044014,-10.36651,17.80007,
638521427572810474,527239,-14.6368,-10.97196,17.76667,-16.32762,14.97246,19.36581,-4.036426,-10.34705,17.76667,
638521427572920485,527250,-14.60917,-10.95125,17.73313,-16.29934,14.94653,19.33227,-4.028805,-10.32752,17.73313,
638521427573030477,527262,-14.58194,-10.93084,17.70008,-16.27148,14.92098,19.29922,-4.021297,-10.30827,17.70008,
638521427573140479,527272,-14.55345,-10.90948,17.66549,-16.24232,14.89424,19.26464,-4.01344,-10.28813,17.66549,
638521427573250470,527283,-14.52644,-10.88923,17.63271,-16.21468,14.86889,19.23185,-4.005991,-10.26904,17.63271,
638521427573360474,527294,-14.49969,-10.86918,17.60024,-16.1873,14.84379,19.19938,-3.998614,-10.25013,17.60024,
638521427573470476,527305,-14.47234,-10.84868,17.56704,-16.15931,14.81812,19.16618,-3.991072,-10.23079,17.56704,
638521427573580585,527317,-14.44479,-10.82803,17.5336,-16.13111,14.79227,19.13274,-3.983474,-10.21132,17.5336,
638521427573690610,527328,-14.41716,-10.80732,17.50006,-16.10284,14.76634,19.09921,-3.975855,-10.19179,17.50006,
638521427573800586,527339,-14.38979,-10.7868,17.46684,-16.07482,14.74065,19.06598,-3.968306,-10.17243,17.46684,
638521427573920590,527350,-14.36234,-10.76622,17.43352,-16.04673,14.71489,19.03266,-3.960736,-10.15303,17.43352,
638521427574030588,527361,-14.33475,-10.74554,17.40004,-16.0185,14.689,18.99918,-3.953129,-10.13353,17.40004,
638521427574140590,527372,-14.30759,-10.72518,17.36706,-15.9907,14.66351,18.9662,-3.945637,-10.11432,17.36706,
638521427574250592,527383,-14.28013,-10.70459,17.33372,-15.9626,14.63774,18.93287,-3.938064,-10.09491,17.33372,
638521427574360597,527394,-14.25254,-10.68391,17.30024,-15.93437,14.61185,18.89939,-3.930457,-10.07541,17.30024,
638521427574470590,527405,-14.22529,-10.66349,17.26717,-15.90648,14.58628,18.86631,-3.922943,-10.05615,17.26717,
638521427574580701,527417,-14.19768,-10.64279,17.23365,-15.87822,14.56036,18.83279,-3.915328,-10.03663,17.23365,
638521427574690692,527428,-14.16994,-10.62199,17.19997,-15.84983,14.53433,18.79912,-3.907677,-10.01702,17.19997,
638521427574800694,527439,-14.14275,-10.60161,17.16697,-15.822,14.50881,18.76611,-3.900178,-9.997796,17.16697,
638521427574920692,527450,-14.1155,-10.58119,17.1339,-15.79412,14.48324,18.73304,-3.892665,-9.978538,17.1339,
638521427575020695,527461,-14.08756,-10.56024,17.09998,-15.76552,14.45702,18.69912,-3.884959,-9.958783,17.09998,
638521427575140693,527472,-14.06057,-10.54001,17.06722,-15.7379,14.43169,18.66636,-3.877517,-9.939705,17.06722,
638521427575250693,527483,-14.03305,-10.51938,17.03382,-15.70974,14.40587,18.63297,-3.869929,-9.920254,17.03382,
638521427575360699,527495,-14.00528,-10.49856,17.0001,-15.68132,14.3798,18.59925,-3.862268,-9.900618,17.0001,
638521427575470693,527505,-13.97729,-10.47758,16.96614,-15.65268,14.35354,18.56528,-3.854551,-9.880836,16.96614,
638521427575585600,527516,-13.95095,-10.45784,16.93416,-15.62572,14.32882,18.53331,-3.847287,-9.862215,16.93416,
638521427575695601,527528,-13.92327,-10.43709,16.90056,-15.59739,14.30284,18.49971,-3.839654,-9.842648,16.90056,
638521427575805594,527538,-13.89484,-10.41578,16.86605,-15.56829,14.27616,18.46519,-3.831813,-9.822547,16.86605,
638521427575915596,527550,-13.86868,-10.39616,16.83429,-15.54152,14.25161,18.43344,-3.824597,-9.804051,16.83429,
638521427576025590,527561,-13.84067,-10.37517,16.8003,-15.51286,14.22532,18.39944,-3.816875,-9.784255,16.8003,
638521427576135596,527572,-13.8125,-10.35405,16.76611,-15.48403,14.19889,18.36525,-3.809106,-9.764341,16.76611,
638521427576245600,527583,-13.78572,-10.33398,16.7336,-15.45662,14.17376,18.33275,-3.801721,-9.745411,16.7336,
638521427576355600,527594,-13.75853,-10.3136,16.7006,-15.4288,14.14824,18.29974,-3.794223,-9.726189,16.7006,
638521427576475598,527605,-13.73089,-10.29287,16.66704,-15.4005,14.12229,18.26618,-3.786599,-9.706645,16.66704,
638521427576585341,527616,-13.70342,-10.27228,16.6337,-15.37239,14.09652,18.23284,-3.779024,-9.687227,16.6337,
638521427576695345,527628,-13.67622,-10.2519,16.60069,-15.34456,14.071,18.19983,-3.771524,-9.668003,16.60069,
638521427576805336,527638,-13.64875,-10.2313,16.56734,-15.31644,14.04521,18.16648,-3.763947,-9.64858,16.56734,
638521427576915334,527650,-13.62146,-10.21084,16.53421,-15.28851,14.0196,18.13336,-3.756421,-9.629288,16.53421,
638521427577025336,527661,-13.5939,-10.19019,16.50076,-15.26031,13.99374,18.09991,-3.748822,-9.609808,16.50076,
638521427577135329,527672,-13.56664,-10.16975,16.46767,-15.23241,13.96815,18.06681,-3.741303,-9.590533,16.46767,
638521427577255351,527683,-13.53901,-10.14904,16.43414,-15.20414,13.94223,18.03328,-3.733685,-9.571006,16.43414,
638521427577355337,527694,-13.51053,-10.12769,16.39957,-15.17499,13.9155,17.99871,-3.725832,-9.550873,16.39957,
638521427577465338,527705,-13.48396,-10.10778,16.36732,-15.1478,13.89057,17.96646,-3.718505,-9.532091,16.36732,
638521427577581727,527716,-13.45682,-10.08743,16.33438,-15.12002,13.8651,17.93352,-3.71102,-9.512904,16.33438,
638521427577691715,527728,-13.42927,-10.06678,16.30093,-15.09183,13.83924,17.90008,-3.703422,-9.493428,16.30093,
638521427577801707,527739,-13.40152,-10.04598,16.26725,-15.06343,13.8132,17.86639,-3.695769,-9.47381,16.26725,
638521427577911724,527750,-13.37422,-10.02551,16.23411,-15.03549,13.78758,17.83325,-3.68824,-9.454511,16.23411,
638521427578021739,527761,-13.34674,-10.00492,16.20076,-15.00737,13.76179,17.7999,-3.680663,-9.435087,16.20076,
638521427578141716,527772,-13.31949,-9.984486,16.16768,-14.97948,13.73622,17.76682,-3.673147,-9.41582,16.16768,
638521427578251716,527783,-13.29161,-9.963584,16.13383,-14.95094,13.71005,17.73297,-3.665457,-9.396109,16.13383,
638521427578361730,527794,-13.26422,-9.943055,16.10059,-14.92291,13.68435,17.69973,-3.657905,-9.376749,16.10059,
638521427578471718,527805,-13.23719,-9.922796,16.06778,-14.89526,13.65898,17.66693,-3.650452,-9.357644,16.06778,
638521427578584383,527816,-13.20972,-9.902205,16.03444,-14.86714,13.6332,17.63358,-3.642877,-9.338225,16.03444,
638521427578694396,527828,-13.18209,-9.881494,16.0009,-14.83887,13.60728,17.60004,-3.635257,-9.318694,16.0009,
638521427578804385,527838,-13.15431,-9.860665,15.96717,-14.81043,13.5812,17.56632,-3.627595,-9.299052,15.96717,
638521427578914383,527850,-13.12722,-9.840358,15.93429,-14.78271,13.55578,17.53343,-3.620124,-9.279901,15.93429,
638521427579024390,527861,-13.09964,-9.819684,15.90081,-14.75448,13.52989,17.49996,-3.612518,-9.260405,15.90081,
638521427579134386,527872,-13.07198,-9.798951,15.86724,-14.72618,13.50394,17.46638,-3.604891,-9.240852,15.86724,
638521427579244396,527883,-13.04468,-9.778489,15.8341,-14.69824,13.47832,17.43325,-3.597363,-9.221556,15.8341,
638521427579354399,527894,-13.01699,-9.75773,15.80049,-14.6699,13.45233,17.39964,-3.589726,-9.20198,15.80049,
638521427579464390,527905,-12.98971,-9.737277,15.76737,-14.64198,13.42673,17.36652,-3.582202,-9.182691,15.76737,
638521427579583692,527916,-12.96247,-9.716857,15.7343,-14.6141,13.40116,17.33345,-3.574689,-9.163434,15.7343,
638521427579693683,527928,-12.93514,-9.696376,15.70114,-14.58614,13.37552,17.30029,-3.567155,-9.144119,15.70114,
638521427579803692,527938,-12.90695,-9.675239,15.66691,-14.55728,13.34906,17.26606,-3.559379,-9.124187,15.66691,
638521427579913686,527950,-12.88053,-9.655435,15.63485,-14.53024,13.32427,17.23399,-3.552093,-9.105511,15.63485,
638521427580023691,527961,-12.85291,-9.634732,15.60132,-14.50198,13.29835,17.20047,-3.544477,-9.085988,15.60132,
638521427580133696,527972,-12.82518,-9.613946,15.56766,-14.4736,13.27233,17.16681,-3.53683,-9.066385,15.56766,
638521427580243698,527983,-12.79801,-9.593575,15.53468,-14.44579,13.24682,17.13383,-3.529336,-9.047175,15.53468,
638521427580353692,527994,-12.77024,-9.57276,15.50097,-14.41737,13.22076,17.10012,-3.521678,-9.027546,15.50097,
638521427580473692,528005,-12.74293,-9.552286,15.46782,-14.38942,13.19513,17.06697,-3.514147,-9.008239,15.46782,
638521427580583368,528016,-12.71507,-9.531401,15.434,-14.36091,13.16899,17.03315,-3.506463,-8.988544,15.434,
638521427580693376,528027,-12.68775,-9.510926,15.40085,-14.33296,13.14335,16.99999,-3.498931,-8.969235,15.40085,
638521427580803367,528038,-12.66023,-9.490294,15.36744,-14.30479,13.11752,16.96659,-3.491341,-8.94978,15.36744,
638521427580913367,528049,-12.63342,-9.470199,15.3349,-14.27735,13.09237,16.93405,-3.483948,-8.930828,15.3349,
638521427581023365,528061,-12.60594,-9.449596,15.30154,-14.24923,13.06657,16.90068,-3.476369,-8.911399,15.30154,
638521427581133376,528072,-12.57794,-9.428613,15.26756,-14.22058,13.0403,16.8667,-3.468649,-8.89161,15.26756,
638521427581243365,528083,-12.551,-9.408416,15.23486,-14.193,13.01502,16.834,-3.461219,-8.872563,15.23486,
638521427581363381,528094,-12.52267,-9.387179,15.20047,-14.16401,12.98843,16.79961,-3.453406,-8.852537,15.20047,
638521427581473369,528105,-12.49547,-9.36679,15.16745,-14.13618,12.9629,16.7666,-3.445905,-8.833309,15.16745,
638521427581582875,528116,-12.46821,-9.346357,15.13437,-14.10828,12.93732,16.73351,-3.438389,-8.814041,15.13437,
638521427581692872,528127,-12.44092,-9.3259,15.10124,-14.08035,12.91171,16.70039,-3.430863,-8.794749,15.10124,
638521427581802868,528138,-12.41343,-9.305287,15.06786,-14.05221,12.88591,16.66701,-3.42328,-8.775311,15.06786,
638521427581912875,528149,-12.38636,-9.285001,15.03501,-14.02452,12.86051,16.63416,-3.415817,-8.756179,15.03501,
638521427582022865,528161,-12.35881,-9.264348,15.00157,-13.99632,12.83465,16.60072,-3.408219,-8.736703,15.00157,
638521427582132873,528172,-12.33108,-9.243561,14.96791,-13.96794,12.80863,16.56706,-3.400572,-8.7171,14.96791,
638521427582242867,528183,-12.30399,-9.223254,14.93503,-13.94022,12.78321,16.53417,-3.393101,-8.69795,14.93503,
638521427582352866,528194,-12.27647,-9.202625,14.90163,-13.91205,12.75738,16.50077,-3.385512,-8.678496,14.90163,
638521427582472870,528205,-12.2487,-9.181803,14.86791,-13.88363,12.73131,16.46705,-3.377852,-8.658859,14.86791,
638521427582582039,528216,-12.22128,-9.161253,14.83463,-13.85557,12.70559,16.43377,-3.370292,-8.63948,14.83463,
638521427582692026,528227,-12.19413,-9.140903,14.80168,-13.82779,12.68011,16.40082,-3.362805,-8.620289,14.80168,
638521427582802021,528238,-12.16607,-9.119863,14.76761,-13.79906,12.65377,16.36675,-3.355065,-8.600447,14.76761,
638521427582912036,528249,-12.13925,-9.099758,14.73506,-13.77161,12.6286,16.3342,-3.347669,-8.581487,14.73506,
638521427583022018,528260,-12.11153,-9.078982,14.70142,-13.74325,12.60259,16.30056,-3.340026,-8.561894,14.70142,
638521427583132024,528272,-12.08434,-9.058601,14.66841,-13.71543,12.57708,16.26756,-3.332528,-8.542675,14.66841,
638521427583242028,528283,-12.05683,-9.037978,14.63502,-17.25454,21.24881,20,-3.324941,-8.523226,14.63502,
638521427583352024,528294,-12.0291,-9.017192,14.60136,-17.2255,21.21305,19.96634,-3.317294,-8.503623,14.60136,
638521427583462021,528305,-12.00149,-8.99649,14.56784,-17.19658,21.17744,19.93282,-3.309678,-8.4841,14.56784,
638521427583581837,528316,-11.97471,-8.976422,14.53534,-17.16854,21.14291,19.90032,-3.302295,-8.465175,14.53534,
638521427583691847,528327,-11.94696,-8.955615,14.50165,-17.13948,21.10712,19.86663,-3.294641,-8.445553,14.50165,
638521427583801834,528338,-11.91935,-8.93492,14.46814,-17.11057,21.07151,19.83312,-3.287027,-8.426037,14.46814,
638521427583911832,528349,-11.89203,-8.914438,14.43497,-17.08195,21.03628,19.79995,-3.279492,-8.406721,14.43497,
638521427584021840,528361,-11.86431,-8.893663,14.40133,-17.05293,21.00054,19.76631,-3.27185,-8.38713,14.40133,
638521427584131831,528372,-11.83669,-8.872957,14.3678,-17.024,20.96492,19.73278,-3.264232,-8.367603,14.3678,
638521427584241826,528383,-11.80991,-8.85288,14.33529,-16.99596,20.93038,19.70028,-3.256846,-8.34867,14.33529,
638521427584361837,528394,-11.78229,-8.832177,14.30177,-16.96703,20.89476,19.66675,-3.24923,-8.329146,14.30177,
638521427584471835,528405,-11.7542,-8.811123,14.26768,-16.93762,20.85854,19.63266,-3.241484,-8.309291,14.26768,
638521427584581488,528416,-11.72706,-8.790774,14.23473,-16.90919,20.82353,19.59971,-3.233998,-8.290102,14.23473,
638521427584691486,528427,-11.69997,-8.770469,14.20185,-16.88083,20.7886,19.56683,-3.226528,-8.270953,14.20185,
638521427584801485,528438,-11.67205,-8.749542,14.16796,-16.85159,20.75259,19.53294,-3.21883,-8.251219,14.16796,
638521427584911481,528449,-11.64533,-8.729512,14.13553,-16.82361,20.71814,19.50051,-3.211461,-8.23233,14.13553,
638521427585021478,528461,-11.61763,-8.708751,14.10191,-16.79461,20.68242,19.46689,-3.203823,-8.212751,14.10191,
638521427585131494,528471,-11.58928,-8.687491,14.06748,-16.76491,20.64584,19.43246,-3.196002,-8.192703,14.06748,
638521427585241487,528483,-11.56296,-8.667762,14.03554,-16.73734,20.6119,19.40052,-3.188744,-8.174097,14.03554,
638521427585351489,528494,-11.53526,-8.646999,14.00192,-16.70834,20.57618,19.3669,-3.181106,-8.154517,14.00192,
638521427585471482,528505,-11.50748,-8.626174,13.96819,-16.67925,20.54035,19.33318,-3.173445,-8.134878,13.96819,
638521427585580949,528516,-11.48001,-8.605585,13.93486,-16.65048,20.50493,19.29984,-3.16587,-8.115461,13.93486,
638521427585690954,528527,-11.45253,-8.584989,13.9015,-16.62171,20.4695,19.26648,-3.158293,-8.096038,13.9015,
638521427585800957,528538,-11.425,-8.564348,13.86808,-16.59287,20.43399,19.23306,-3.1507,-8.076573,13.86808,
638521427585910955,528549,-11.39759,-8.543798,13.83481,-16.56417,20.39864,19.19979,-3.14314,-8.057195,13.83481,
638521427586020938,528561,-11.37056,-8.52354,13.802,-16.53587,20.36378,19.16698,-3.135687,-8.03809,13.802,
638521427586130948,528571,-11.34264,-8.502612,13.76811,-16.50663,20.32778,19.13309,-3.127988,-8.018354,13.76811,
638521427586240939,528583,-11.31564,-8.482368,13.73533,-16.47835,20.29295,19.10032,-3.120541,-7.999264,13.73533,
638521427586350940,528594,-11.28818,-8.461784,13.702,-16.44959,20.25754,19.06698,-3.112968,-7.979852,13.702,
638521427586460947,528605,-11.2603,-8.440886,13.66816,-16.4204,20.22159,19.03314,-3.10528,-7.960143,13.66816,
638521427586580401,528616,-11.23319,-8.420566,13.63526,-16.39201,20.18663,19.00024,-3.097805,-7.940981,13.63526,
638521427586690398,528627,-11.20559,-8.399877,13.60176,-16.36311,20.15104,18.96674,-3.090194,-7.921471,13.60176,
638521427586800398,528638,-11.17803,-8.379219,13.56831,-16.33425,20.1155,18.93329,-3.082594,-7.901989,13.56831,
638521427586910399,528649,-11.15109,-8.359023,13.5356,-16.30604,20.08075,18.90059,-3.075164,-7.882944,13.5356,
638521427587020397,528660,-11.12335,-8.338227,13.50193,-16.27699,20.04498,18.86691,-3.067514,-7.863333,13.50193,
638521427587130400,528671,-11.09587,-8.31763,13.46858,-16.24821,20.00954,18.83356,-3.059936,-7.843908,13.46858,
638521427587240397,528683,-11.06873,-8.297285,13.43563,-16.21979,19.97454,18.80062,-3.052452,-7.824722,13.43563,
638521427587350391,528694,-11.04111,-8.276576,13.4021,-16.19086,19.93891,18.76708,-3.044833,-7.805193,13.4021,
638521427587500390,528708,-11.01328,-8.255718,13.36833,-16.16172,19.90303,18.73331,-3.03716,-7.785523,13.36833,
638521427587610108,528719,-10.9786,-8.229722,13.32623,-16.1254,19.8583,18.69121,-3.027596,-7.761008,13.32623,
638521427587720111,528730,-10.95149,-8.209394,13.29331,-16.09701,19.82333,18.6583,-3.020118,-7.741838,13.29331,
638521427587870121,528745,-10.92393,-8.188735,13.25986,-16.06815,19.78779,18.62485,-3.012518,-7.722355,13.25986,
638521427587930115,528751,-10.88654,-8.160711,13.21448,-16.029,19.73958,18.57947,-3.002208,-7.695928,13.21448,
638521427588020114,528760,-10.87212,-8.1499,13.19698,-16.0139,19.72098,18.56196,-2.998231,-7.685732,13.19698,
638521427588130119,528771,-10.84908,-8.132627,13.16901,-15.98976,19.69126,18.53399,-2.991876,-7.669441,13.16901,
638521427588240120,528783,-10.82167,-8.112082,13.13574,-15.96106,19.65592,18.50072,-2.984318,-7.650067,13.13574,
638521427588350124,528794,-10.79414,-8.091444,13.10232,-15.93223,19.62041,18.4673,-2.976726,-7.630604,13.10232,
638521427588470116,528805,-10.76648,-8.070713,13.06875,-15.90327,19.58475,18.43373,-2.969099,-7.611053,13.06875,
638521427588579613,528816,-10.7385,-8.049735,13.03478,-15.87396,19.54866,18.39977,-2.961381,-7.59127,13.03478,
638521427588689620,528827,-10.71173,-8.029666,13.00229,-15.84593,19.51413,18.36727,-2.953998,-7.572344,13.00229,
638521427588799618,528838,-10.68436,-8.009154,12.96907,-15.81727,19.47884,18.33405,-2.946452,-7.552999,12.96907,
638521427588909611,528849,-10.65691,-7.988577,12.93575,-15.78853,19.44344,18.30073,-2.938883,-7.533594,12.93575,
638521427589019618,528860,-10.62927,-7.967856,12.9022,-15.75958,19.40779,18.26718,-2.93126,-7.514053,12.9022,
638521427589129616,528871,-10.60204,-7.947444,12.86915,-15.73106,19.37268,18.23413,-2.92375,-7.494803,12.86915,
638521427589239609,528882,-10.5746,-7.926876,12.83584,-15.70233,19.33729,18.20082,-2.916184,-7.475407,12.83584,
638521427589359623,528894,-10.54716,-7.906303,12.80253,-15.67359,19.3019,18.16751,-2.908615,-7.456006,12.80253,
638521427589459610,528905,-10.51891,-7.885126,12.76824,-15.64401,19.26547,18.13322,-2.900825,-7.436035,12.76824,
638521427589579618,528916,-10.49224,-7.865136,12.73587,-15.61608,19.23108,18.10085,-2.893471,-7.417184,12.73587,
638521427589689623,528927,-10.46425,-7.844154,12.70189,-15.58677,19.19498,18.06687,-2.885752,-7.397398,12.70189,
638521427589799614,528938,-10.43701,-7.823733,12.66882,-15.55824,19.15985,18.03381,-2.878239,-7.378139,12.66882,
638521427589909616,528949,-10.40992,-7.803427,12.63594,-15.52987,19.12491,18.00092,-2.870769,-7.35899,12.63594,
638521427590019608,528960,-10.38264,-7.782978,12.60283,-15.50131,19.08973,17.96781,-2.863246,-7.339706,12.60283,
638521427590129623,528972,-10.35487,-7.762156,12.56911,-15.47222,19.05391,17.9341,-2.855586,-7.32007,12.56911,
638521427590239616,528983,-10.32669,-7.741035,12.53491,-15.44271,19.01758,17.89989,-2.847816,-7.300152,12.53491,
638521427590349626,528994,-10.29954,-7.720684,12.50196,-15.41428,18.98256,17.86694,-2.840329,-7.280959,12.50196,
638521427590459622,529005,-10.27228,-7.700249,12.46887,-15.38573,18.94741,17.83385,-2.832811,-7.261688,12.46887,
638521427590578816,529016,-10.24514,-7.679903,12.43592,-15.35731,18.91241,17.8009,-2.825326,-7.242501,12.43592,
638521427590688835,529027,-10.21772,-7.659348,12.40264,-15.32859,18.87704,17.76762,-2.817764,-7.223115,12.40264,
638521427590798820,529038,-10.18998,-7.638554,12.36897,-15.29955,18.84127,17.73395,-2.810114,-7.203506,12.36897,
638521427590908815,529049,-10.16304,-7.618359,12.33626,-15.27133,18.80653,17.70124,-2.802685,-7.184461,12.33626,
638521427591018811,529060,-10.13518,-7.597475,12.30245,-15.24216,18.7706,17.66743,-2.795002,-7.164768,12.30245,
638521427591128808,529071,-10.10798,-7.577085,12.26943,-15.21367,18.73552,17.63441,-2.787502,-7.14554,12.26943,
638521427591238823,529082,-10.07989,-7.556028,12.23534,-15.18426,18.6993,17.60032,-2.779755,-7.125683,12.23534,
638521427591348815,529094,-10.05301,-7.535882,12.20271,-15.15611,18.66464,17.56769,-2.772344,-7.106684,12.20271,
638521427591458809,529104,-10.02535,-7.515146,12.16914,-15.12715,18.62896,17.53412,-2.764715,-7.087129,12.16914,
638521427591568805,529116,-9.998516,-7.495029,12.13656,-15.09904,18.59435,17.50154,-2.757314,-7.068158,12.13656,
638521427591688811,529127,-9.970724,-7.474196,12.10283,-15.06994,18.55851,17.46781,-2.74965,-7.048511,12.10283,
638521427591798810,529138,-9.942936,-7.453366,12.0691,-15.04084,18.52267,17.43408,-2.741987,-7.028867,12.0691,
638521427591908805,529149,-9.915617,-7.432887,12.03594,-15.01223,18.48744,17.40092,-2.734453,-7.009554,12.03594,
638521427592018804,529160,-9.888349,-7.412446,12.00284,-14.98367,18.45228,17.36782,-2.726933,-6.990277,12.00284,
638521427592128822,529171,-9.860824,-7.391813,11.96942,27.75135,-15.8214,20,-2.719342,-6.970819,11.96942,
638521427592238819,529182,-9.833796,-7.371552,11.93662,27.70583,-15.79545,19.96719,-2.711889,-6.951712,11.93662,
638521427592348817,529193,-9.806292,-7.350935,11.90323,27.65951,-15.76904,19.93381,-2.704304,-6.932269,11.90323,
638521427592458817,529204,-9.778782,-7.330313,11.86984,27.61317,-15.74262,19.90041,-2.696718,-6.912822,11.86984,
638521427592568807,529216,-9.751538,-7.30989,11.83677,27.56729,-15.71646,19.86734,-2.689204,-6.893562,11.83677,
638521427592678812,529227,-9.723805,-7.289101,11.80311,27.52058,-15.68983,19.83368,-2.681556,-6.873957,11.80311,
638521427592798813,529238,-9.696379,-7.268542,11.76981,27.47438,-15.66349,19.80039,-2.673993,-6.854569,11.76981,
638521427592908822,529249,-9.668885,-7.247932,11.73644,27.42808,-15.63709,19.76702,-2.666411,-6.835133,11.73644,
638521427593018810,529260,-9.641541,-7.227434,11.70325,27.38202,-15.61083,19.73383,-2.65887,-6.815803,11.70325,
638521427593128820,529271,-9.614106,-7.206869,11.66995,27.33581,-15.58449,19.70053,-2.651304,-6.796409,11.66995,
638521427593238828,529282,-9.586658,-7.186293,11.63663,27.28958,-15.55813,19.66721,-2.643735,-6.777005,11.63663,
638521427593348814,529293,-9.558867,-7.165461,11.6029,27.24277,-15.53145,19.63347,-2.636071,-6.75736,11.6029,
638521427593458811,529304,-9.531816,-7.145183,11.57006,27.19721,-15.50547,19.60064,-2.628611,-6.738237,11.57006,
638521427593573364,529316,-9.504493,-7.124701,11.53689,27.15119,-15.47923,19.56747,-2.621076,-6.718921,11.53689,
638521427593683177,529327,-9.476564,-7.103765,11.50299,27.10415,-15.45242,19.53357,-2.613374,-6.699178,11.50299,
638521427593793165,529338,-9.449513,-7.083487,11.47016,27.05859,-15.42644,19.50074,-2.605914,-6.680055,11.47016,
638521427593913172,529349,-9.421844,-7.062746,11.43657,27.01199,-15.39987,19.46715,-2.598284,-6.660495,11.43657,
638521427594013163,529360,-9.393641,-7.041604,11.40234,26.96449,-15.37279,19.43292,-2.590506,-6.640557,11.40234,
638521427594123149,529371,-9.366997,-7.021631,11.37,26.91961,-15.34721,19.40058,-2.583158,-6.621722,11.37,
638521427594233169,529382,-9.339372,-7.000923,11.33646,26.87308,-15.32068,19.36704,-2.57554,-6.602193,11.33646,
638521427594353161,529393,-9.312273,-6.980609,11.30357,26.82744,-15.29466,19.33415,-2.568067,-6.583037,11.30357,
638521427594463168,529404,-9.284531,-6.959813,11.2699,26.78071,-15.26802,19.30048,-2.560416,-6.563425,11.2699,
638521427594571383,529415,-9.257191,-6.939319,11.23671,26.73466,-15.24177,19.26729,-2.552877,-6.544098,11.23671,
638521427594681091,529427,-9.229922,-6.918878,11.20361,26.68874,-15.21558,19.23419,-2.545357,-6.524821,11.20361,
638521427594791090,529438,-9.202113,-6.898031,11.16985,26.6419,-15.18888,19.20043,-2.537688,-6.505162,11.16985,
638521427594901089,529449,-9.174468,-6.877308,11.1363,26.59534,-15.16233,19.16688,-2.530064,-6.485619,11.1363,
638521427595021097,529460,-9.147349,-6.856979,11.10338,26.54966,-15.13629,19.13396,-2.522585,-6.466448,11.10338,
638521427595131109,529471,-9.119539,-6.836133,11.06962,26.50282,-15.10959,19.1002,-2.514916,-6.446789,11.06962,
638521427595241093,529482,-9.092546,-6.815897,11.03686,26.45736,-15.08367,19.06744,-2.507472,-6.427706,11.03686,
638521427595351086,529493,-9.064999,-6.795248,11.00342,26.41096,-15.05722,19.034,-2.499876,-6.408233,11.00342,
638521427595461094,529505,-9.037603,-6.774713,10.97017,26.36482,-15.03091,19.00075,-2.492321,-6.388867,10.97017,
638521427595571091,529515,-9.009644,-6.753753,10.93623,26.31773,-15.00406,18.96681,-2.48461,-6.369102,10.93623,
638521427595681096,529527,-8.982514,-6.733417,10.9033,26.27203,-14.97801,18.93388,-2.477129,-6.349924,10.9033,
638521427595791099,529538,-8.954702,-6.712569,10.86954,26.22519,-14.95131,18.90012,-2.469459,-6.330264,10.86954,
638521427595911106,529549,-8.927721,-6.692343,10.83679,26.17975,-14.9254,18.86737,-2.462018,-6.31119,10.83679,
638521427596021099,529560,-8.899601,-6.671264,10.80266,26.13239,-14.8984,18.83323,-2.454264,-6.291311,10.80266,
638521427596131098,529571,-8.871434,-6.65015,10.76847,26.08494,-14.87135,18.79905,-2.446496,-6.271399,10.76847,
638521427596241095,529582,-8.845146,-6.630444,10.73656,26.04067,-14.84611,18.76714,-2.439246,-6.252816,10.73656,
638521427596351090,529593,-8.817888,-6.610011,10.70347,25.99476,-14.81994,18.73405,-2.431729,-6.233547,10.70347,
638521427596461082,529605,-8.79061,-6.589563,10.67036,25.94882,-14.79374,18.70094,-2.424207,-6.214264,10.67036,
638521427596569445,529615,-8.762728,-6.568662,10.63651,25.90186,-14.76697,18.6671,-2.416518,-6.194553,10.63651,
638521427596679337,529627,-8.736022,-6.548643,10.6041,25.85687,-14.74133,18.63468,-2.409153,-6.175674,10.6041,
638521427596789325,529637,-8.707649,-6.527375,10.56966,25.80909,-14.71408,18.60024,-2.401329,-6.155617,10.56966,
638521427596899338,529649,-8.680915,-6.507334,10.53721,25.76406,-14.68841,18.56779,-2.393956,-6.136718,10.53721,
638521427597019325,529660,-8.653272,-6.486612,10.50365,25.7175,-14.66187,18.53423,-2.386333,-6.117177,10.50365,
638521427597129330,529671,-8.625618,-6.465882,10.47008,25.67092,-14.63531,18.50067,-2.378706,-6.097628,10.47008,
638521427597239337,529682,-8.598421,-6.445495,10.43707,25.62512,-14.6092,18.46765,-2.371206,-6.078402,10.43707,
638521427597349336,529693,-8.570869,-6.424842,10.40363,25.57871,-14.58274,18.43421,-2.363608,-6.058925,10.40363,
638521427597459329,529704,-8.543278,-6.404159,10.37014,25.53224,-14.55625,18.40072,-2.355999,-6.03942,10.37014,
638521427597571317,529715,-8.516131,-6.38381,10.33719,25.48652,-14.53018,18.36777,-2.348513,-6.020229,10.33719,
638521427597681076,529726,-8.488859,-6.363366,10.30408,25.44058,-14.50399,18.33466,-2.340992,-6.00095,10.30408,
638521427597791076,529738,-8.461232,-6.342657,10.27055,25.39405,-14.47746,18.30113,-2.333374,-5.981421,10.27055,
638521427597901078,529749,-8.434053,-6.322283,10.23756,25.34828,-14.45137,18.26814,-2.325878,-5.962207,10.23756,
638521427598011073,529760,-8.406361,-6.301524,10.20394,25.30163,-14.42478,18.23452,-2.318241,-5.94263,10.20394,
638521427598121077,529771,-8.378989,-6.281005,10.17072,25.25553,-14.39849,18.2013,-2.310693,-5.923281,10.17072,
638521427598231061,529782,-8.351293,-6.260243,10.1371,25.20888,-14.3719,18.16768,-2.303055,-5.903701,10.1371,
638521427598351083,529794,-8.324195,-6.239931,10.1042,25.16324,-14.34588,18.13479,-2.295582,-5.884545,10.1042,
638521427598461077,529804,-8.295768,-6.218622,10.0697,25.11537,-14.31858,18.10028,-2.287743,-5.86445,10.0697,
638521427598570271,529815,-8.269053,-6.198595,10.03727,25.07037,-14.29293,18.06785,-2.280376,-5.845564,10.03727,
638521427598690119,529827,-8.241478,-6.177925,10.0038,25.02393,-14.26645,18.03438,-2.272771,-5.826071,10.0038,
638521427598790134,529838,-8.212815,-6.156438,9.969007,24.97565,-14.23893,17.99959,-2.264867,-5.805808,9.969007,
638521427598910119,529849,-8.186605,-6.136791,9.937193,24.93151,-14.21376,17.96777,-2.257639,-5.78728,9.937193,
638521427599020120,529860,-8.158373,-6.115627,9.902923,24.88395,-14.18665,17.9335,-2.249853,-5.767322,9.902923,
638521427599130121,529871,-8.131248,-6.095294,9.869998,24.83827,-14.1606,17.90058,-2.242373,-5.748147,9.869998,
638521427599240118,529882,-8.104258,-6.075062,9.837235,24.79281,-14.13469,17.86782,-2.23493,-5.729066,9.837235,
638521427599350118,529893,-8.076784,-6.054467,9.803887,24.74654,-14.1083,17.83447,-2.227353,-5.709645,9.803887,
638521427599460128,529904,-8.04897,-6.033617,9.770125,24.69969,-14.0816,17.80071,-2.219683,-5.689982,9.770125,
638521427599570117,529915,-8.021806,-6.013255,9.737152,24.65394,-14.05551,17.76773,-2.212191,-5.670779,9.737152,
638521427599680126,529926,-7.994188,-5.992552,9.703629,24.60742,-14.02899,17.73421,-2.204575,-5.651256,9.703629,
638521427599790112,529938,-7.966902,-5.972098,9.670508,24.56146,-14.00279,17.70109,-2.19705,-5.631967,9.670508,
638521427599900113,529949,-7.939451,-5.95152,9.637187,24.51523,-13.97643,17.66777,-2.18948,-5.612561,9.637187,
638521427600020124,529960,-7.912108,-5.931024,9.603997,24.46917,-13.95018,17.63458,-2.18194,-5.593232,9.603997,
638521427600120113,529971,-7.883573,-5.909633,9.56936,24.42111,-13.92278,17.59994,-2.17407,-5.57306,9.56936,
638521427600240124,529982,-7.857429,-5.890036,9.537625,24.37708,-13.89767,17.5682,-2.166861,-5.554578,9.537625,
638521427600350135,529993,-7.829675,-5.869231,9.503936,24.33033,-13.87102,17.53452,-2.159207,-5.534958,9.503936,
638521427600460123,530004,-7.802063,-5.848532,9.470419,24.28383,-13.84451,17.501,-2.151592,-5.515439,9.470419,
638521427600570124,530015,-7.774749,-5.828057,9.437264,24.23782,-13.81828,17.46785,-2.14406,-5.49613,9.437264,
638521427600680127,530026,-7.747208,-5.807413,9.403835,24.19144,-13.79184,17.43442,-2.136465,-5.476661,9.403835,
638521427600790114,530037,-7.719624,-5.786735,9.370352,24.14498,-13.76535,17.40093,-2.128858,-5.457161,9.370352,
638521427600900134,530049,-7.692491,-5.766396,9.337418,24.09928,-13.7393,17.368,-2.121375,-5.437981,9.337418,
638521427601010126,530060,-7.665058,-5.745831,9.304118,24.05307,-13.71295,17.3347,-2.11381,-5.418588,9.304118,
638521427601130127,530071,-7.637259,-5.724993,9.270375,24.00625,-13.68626,17.30096,-2.106144,-5.398936,9.270375,
638521427601240117,530082,-7.609797,-5.704407,9.237041,23.96,-13.65989,17.26762,-2.098571,-5.379522,9.237041,
638521427601350121,530093,-7.582714,-5.684105,9.204166,23.91438,-13.63389,17.23475,-2.091102,-5.360377,9.204166,
638521427601460121,530104,-7.554772,-5.66316,9.17025,23.86732,-13.60705,17.20083,-2.083396,-5.340624,9.17025,
638521427601568994,530115,-7.527478,-5.6427,9.137119,23.82135,-13.58085,17.1677,-2.075869,-5.32133,9.137119,
638521427601678875,530127,-7.500312,-5.622335,9.104144,23.77559,-13.55476,17.13473,-2.068377,-5.302125,9.104144,
638521427601788875,530138,-7.472117,-5.6012,9.069921,23.72811,-13.52769,17.1005,-2.060602,-5.282194,9.069921,
638521427601898879,530149,-7.44516,-5.580993,9.0372,23.6827,-13.5018,17.06778,-2.053168,-5.263137,9.0372,
638521427602008869,530160,-7.41801,-5.560641,9.004244,23.63698,-13.47573,17.03482,-2.045681,-5.243944,9.004244,
638521427602118867,530171,-7.390594,-5.54009,8.970965,23.5908,-13.44941,17.00155,-2.03812,-5.224564,8.970965,
638521427602238869,530182,-7.363209,-5.519562,8.937725,23.54468,-13.42311,16.96831,-2.030568,-5.205205,8.937725,
638521427602348878,530193,-7.335632,-5.498889,8.90425,23.49823,-13.39663,16.93483,-2.022963,-5.18571,8.90425,
638521427602458878,530204,-7.308129,-5.478272,8.870866,23.45191,-13.37022,16.90145,-2.015379,-5.166267,8.870866,
638521427602568878,530215,-7.280719,-5.457726,8.837595,23.40574,-13.3439,16.86818,-2.00782,-5.146891,8.837595,
638521427602678877,530226,-7.252799,-5.436796,8.803704,23.35872,-13.31709,16.83429,-2.00012,-5.127153,8.803704,
638521427602788870,530237,-7.225691,-5.416476,8.770801,23.31306,-13.29106,16.80138,-1.992645,-5.107991,8.770801,
638521427602898870,530249,-7.198183,-5.395855,8.73741,23.26673,-13.26465,16.76799,-1.985059,-5.088544,8.73741,
638521427603018873,530260,-7.170828,-5.37535,8.704206,23.22065,-13.23838,16.73479,-1.977515,-5.069207,8.704206,
638521427603118867,530271,-7.142697,-5.354262,8.670059,23.17327,-13.21137,16.70064,-1.969757,-5.04932,8.670059,
638521427603238874,530282,-7.116098,-5.334323,8.637773,23.12847,-13.18583,16.66835,-1.962422,-5.030517,8.637773,
638521427603348869,530293,-7.088542,-5.313667,8.604324,23.08206,-13.15937,16.63491,-1.954823,-5.011037,8.604324,
638521427603458883,530304,-7.060998,-5.29302,8.570891,23.03567,-13.13292,16.60147,-1.947227,-4.991566,8.570891,
638521427603568872,530315,-7.033659,-5.272526,8.537705,22.98962,-13.10667,16.56829,-1.939688,-4.972239,8.537705,
638521427603678886,530327,-7.00631,-5.252025,8.504509,22.94356,-13.08041,16.53509,-1.932146,-4.952906,8.504509,
638521427603788891,530337,-6.978231,-5.230976,8.470426,22.89627,-13.05344,16.50101,-1.924402,-4.933056,8.470426,
638521427603898873,530348,-6.951008,-5.210569,8.437382,22.85042,-13.0273,16.46796,-1.916895,-4.913812,8.437382,
638521427604018872,530360,-6.92419,-5.190466,8.404828,22.80525,-13.00155,16.43541,-1.909499,-4.894853,8.404828,
638521427604128879,530371,-6.895865,-5.169234,8.370447,22.75754,-12.97435,16.40103,-1.901688,-4.87483,8.370447,
638521427604228864,530382,-6.868821,-5.148961,8.337619,22.71199,-12.94838,16.3682,-1.89423,-4.855711,8.337619,
638521427604348867,530393,-6.841663,-5.128603,8.304653,22.66625,-12.92231,16.33524,-1.886741,-4.836513,8.304653,
638521427604458868,530404,-6.81419,-5.108008,8.271305,22.61998,-12.89592,16.30189,-1.879164,-4.817092,8.271305,
638521427604568866,530415,-6.786686,-5.087391,8.23792,22.57365,-12.86951,16.26851,-1.871579,-4.797649,8.23792,
638521427604678872,530426,-6.759073,-5.066692,8.204402,22.52715,-12.843,16.23499,-1.863965,-4.778129,8.204402,
638521427604788869,530437,-6.731751,-5.046211,8.171237,22.48113,-12.81676,16.20182,-1.85643,-4.758814,8.171237,
638521427604898872,530449,-6.704339,-5.025662,8.137962,22.43496,-12.79044,16.16855,-1.84887,-4.739436,8.137962,
638521427605018891,530460,-6.676539,-5.004823,8.104218,22.38814,-12.76375,16.1348,-1.841204,-4.719784,8.104218,
638521427605128877,530471,-6.648916,-4.984117,8.070689,22.34161,-12.73722,16.10127,-1.833586,-4.700257,8.070689,
638521427605238878,530482,-6.621735,-4.963741,8.037696,22.29583,-12.71112,16.06828,-1.826091,-4.681042,8.037696,
638521427605348877,530493,-6.594318,-4.943189,8.004416,22.24965,-12.6848,16.035,-1.81853,-4.66166,8.004416,
638521427605458875,530504,-6.566947,-4.922671,7.971191,22.20355,-12.65851,16.00178,-1.810981,-4.642311,7.971191,
638521427605568877,530515,-6.539636,-4.902198,7.938041,22.15755,-12.63229,15.96863,-1.80345,-4.623004,7.938041,
638521427605678874,530526,-6.511457,-4.881075,7.903837,22.11009,-12.60523,15.93442,-1.795679,-4.603084,7.903837,
638521427605788878,530537,-6.484609,-4.860949,7.871247,22.06487,-12.57945,15.90183,-1.788275,-4.584104,7.871247,
638521427605908878,530549,-6.456974,-4.840234,7.837703,22.01833,-12.55291,15.86829,-1.780654,-4.564569,7.837703,
638521427606008869,530560,-6.428843,-4.819146,7.803556,21.97095,-12.5259,15.83414,-1.772896,-4.544682,7.803556,
638521427606118878,530570,-6.402044,-4.799057,7.771028,21.92581,-12.50017,15.80161,-1.765506,-4.525737,7.771028,
638521427606238877,530582,-6.375,-4.778785,7.7382,21.88026,-12.4742,15.76879,-1.758048,-4.506619,7.7382,
638521427606348882,530593,-6.347185,-4.757935,7.704438,21.83341,-12.44749,15.73502,-1.750377,-4.486956,7.704438,
638521427606458878,530604,-6.319316,-4.737043,7.670609,21.78647,-12.42073,15.7012,-1.742692,-4.467255,7.670609,
638521427606568869,530615,-6.2925,-4.716941,7.638058,21.74131,-12.39498,15.66864,-1.735296,-4.448298,7.638058,
638521427606678871,530626,-6.264724,-4.69612,7.604343,21.69452,-12.36831,15.63493,-1.727637,-4.428662,7.604343,
638521427606788867,530637,-6.237313,-4.675573,7.571071,21.64836,-12.34199,15.60166,-1.720078,-4.409285,7.571071,
638521427606898882,530648,-6.210196,-4.655245,7.538155,21.60268,-12.31595,15.56874,-1.7126,-4.390115,7.538155,
638521427607008875,530660,-6.182723,-4.634651,7.504807,21.55641,-12.28957,15.53539,-1.705023,-4.370694,7.504807,
638521427607118870,530670,-6.155204,-4.614023,7.471404,21.51006,-12.26315,15.50199,-1.697434,-4.351241,7.471404,
638521427607238884,530682,-6.127881,-4.593541,7.438238,21.46404,-12.23691,15.46883,-1.689899,-4.331925,7.438238,
638521427607348879,530693,-6.099941,-4.572596,7.404323,21.41698,-12.21008,15.43491,-1.682194,-4.312174,7.404323,
638521427607458873,530704,-6.07267,-4.552154,7.371222,21.37105,-12.1839,15.40181,-1.674674,-4.292896,7.371222,
638521427607568887,530715,-6.045473,-4.531766,7.338209,21.32524,-12.15778,15.3688,-1.667174,-4.27367,7.338209,
638521427607678879,530726,-6.018002,-4.511174,7.304863,21.27897,-12.1314,15.33545,-1.659598,-4.254251,7.304863,
638521427607788881,530737,-5.990572,-4.490612,7.271568,21.23277,-12.10506,15.30216,-1.652033,-4.234859,7.271568,
638521427607898877,530748,-5.963179,-4.470078,7.238317,21.18664,-12.07876,15.26891,-1.644479,-4.215495,7.238317,
638521427608008893,530759,-5.935542,-4.44936,7.20477,21.14009,-12.05222,15.23536,-1.636858,-4.195958,7.20477,
638521427608118868,530770,-5.908229,-4.428886,7.171618,21.09409,-12.02599,15.20221,-1.629326,-4.17665,7.171618,
638521427608238878,530782,-5.880831,-4.408349,7.138361,21.04794,-11.99969,15.16895,-1.62177,-4.157282,7.138361,
638521427608348887,530793,-5.853185,-4.387624,7.104802,21.00138,-11.97314,15.13539,-1.614146,-4.137738,7.104802,
638521427608458880,530804,-5.825568,-4.366923,7.07128,20.95486,-11.94662,15.10187,-1.60653,-4.118216,7.07128,
638521427608568883,530815,-5.798509,-4.346639,7.038435,20.90929,-11.92064,15.06902,-1.599068,-4.099087,7.038435,
638521427608678881,530826,-5.770919,-4.325957,7.004945,20.86282,-11.89415,15.03553,-1.591459,-4.079583,7.004945,
638521427608788873,530837,-5.743652,-4.305518,6.971848,20.81689,-11.86796,15.00244,-1.58394,-4.060308,6.971848,
638521427608898875,530848,-5.715988,-4.28478,6.938269,20.7703,-11.8414,14.96886,-1.576311,-4.040751,6.938269,
638521427609008887,530859,-5.688564,-4.264222,6.90498,20.72411,-11.81507,14.93557,-1.568748,-4.021364,6.90498,
638521427609118869,530870,-5.661108,-4.243641,6.871653,20.67786,-11.7887,14.90224,-1.561176,-4.001955,6.871653,
638521427609228872,530882,-5.633879,-4.22323,6.838602,20.632,-11.76256,14.86919,-1.553667,-3.982706,6.838602,
638521427609348882,530893,-5.606264,-4.202529,6.805081,20.58549,-11.73604,14.83567,-1.546052,-3.963184,6.805081,
638521427609458869,530904,-5.577772,-4.181171,6.770497,20.5375,-11.70868,14.80108,-1.538195,-3.943043,6.770497,
638521427609568879,530915,-5.551507,-4.161482,6.738616,20.49327,-11.68346,14.7692,-1.530951,-3.924476,6.738616,
638521427609678875,530926,-5.523892,-4.140782,6.705097,20.44675,-11.65694,14.73568,-1.523336,-3.904955,6.705097,
638521427609788869,530937,-5.496154,-4.119989,6.671426,20.40003,-11.63031,14.70201,-1.515687,-3.885346,6.671426,
638521427609898876,530948,-5.46913,-4.099731,6.638623,20.35452,-11.60436,14.66921,-1.508234,-3.866242,6.638623,
638521427610008876,530959,-5.441573,-4.079074,6.605174,20.3081,-11.5779,14.63576,-1.500635,-3.846762,6.605174,
638521427610118870,530971,-5.414158,-4.058524,6.571898,20.26193,-11.55157,14.60248,-1.493075,-3.827382,6.571898,
638521427610228876,530982,-5.386472,-4.03777,6.538291,20.2153,-11.52499,14.56888,-1.48544,-3.80781,6.538291,
638521427610348880,530993,-5.359202,-4.017327,6.505189,20.16937,-11.4988,14.53578,-1.477919,-3.788532,6.505189,
638521427610458872,531004,-5.331061,-3.996232,6.471031,20.12197,-11.47178,14.50162,-1.470159,-3.768639,6.471031,
638521427610568875,531015,-5.304437,-3.976274,6.438713,20.07713,-11.44622,14.4693,-1.462816,-3.749817,6.438713,
638521427610678891,531026,-5.277029,-3.955729,6.405444,20.03097,-11.4199,14.43603,-1.455258,-3.730442,6.405444,
638521427610788868,531037,-5.24952,-3.935108,6.372054,19.98463,-11.39348,14.40264,-1.447672,-3.710996,6.372054,
638521427610898880,531048,-5.222065,-3.914527,6.338727,19.93839,-11.36712,14.36931,-1.440101,-3.691587,6.338727,
638521427611008878,531059,-5.194332,-3.893738,6.305064,19.89168,-11.34049,14.33565,-1.432453,-3.671982,6.305064,
638521427611118868,531070,-5.167187,-3.87339,6.272115,19.84596,-11.31443,14.3027,-1.424967,-3.652793,6.272115,
638521427611228875,531082,-5.139521,-3.852651,6.238532,19.79936,-11.28786,14.26912,-1.417337,-3.633235,6.238532,
638521427611338881,531093,-5.11218,-3.832155,6.205345,-32.46709,-19.40631,20,-1.409797,-3.613907,6.205345,
638521427611458880,531104,-5.084694,-3.811551,6.171981,-32.41293,-19.37394,19.96664,-1.402218,-3.594477,6.171981,
638521427611568875,531115,-5.056739,-3.790596,6.138049,-32.35784,-19.34102,19.9327,-1.394508,-3.574715,6.138049,
638521427611678868,531126,-5.029595,-3.770248,6.105101,-32.30436,-19.30905,19.89976,-1.387023,-3.555526,6.105101,
638521427611788871,531137,-5.002507,-3.749943,6.07222,-32.25098,-19.27714,19.86688,-1.379553,-3.536377,6.07222,
638521427611898873,531148,-4.975031,-3.729346,6.038869,-32.19684,-19.24478,19.83352,-1.371976,-3.516953,6.038869,
638521427612008883,531159,-4.947268,-3.708535,6.005169,-32.14213,-19.21208,19.79983,-1.364319,-3.497327,6.005169,
638521427612118874,531170,-4.92018,-3.688229,5.972289,-32.08875,-19.18018,19.76694,-1.356849,-3.478178,5.972289,
638521427612228874,531182,-4.892518,-3.667493,5.938712,-32.03424,-19.1476,19.73337,-1.349221,-3.458623,5.938712,
638521427612338870,531193,-4.864945,-3.646824,5.905243,-31.97991,-19.11512,19.6999,-1.341617,-3.439132,5.905243,
638521427612458869,531204,-4.837431,-3.626199,5.871845,-31.9257,-19.08272,19.6665,-1.33403,-3.419682,5.871845,
638521427612568877,531215,-4.809546,-3.605295,5.837997,-31.87075,-19.04987,19.63265,-1.326339,-3.399969,5.837997,
638521427612678876,531226,-4.782732,-3.585196,5.805449,-31.81791,-19.01829,19.60011,-1.318945,-3.381014,5.805449,
638521427612788868,531237,-4.755316,-3.564644,5.772171,-31.76389,-18.986,19.56683,-1.311384,-3.361633,5.772171,
638521427612898877,531248,-4.727976,-3.544149,5.738985,-31.71002,-18.9538,19.53364,-1.303845,-3.342305,5.738985,
638521427613008866,531259,-4.700468,-3.523529,5.705594,-31.65581,-18.9214,19.50025,-1.296259,-3.322859,5.705594,
638521427613118869,531270,-4.673098,-3.503013,5.672372,-31.60188,-18.88916,19.46703,-1.288711,-3.303511,5.672372,
638521427613228867,531281,-4.645599,-3.482399,5.638993,-31.54769,-18.85677,19.43365,-1.281127,-3.284071,5.638993,
638521427613338873,531292,-4.618016,-3.461722,5.605511,-31.49334,-18.82428,19.40017,-1.273521,-3.264572,5.605511,
638521427613448868,531304,-4.590688,-3.441236,5.572339,-31.43949,-18.7921,19.367,-1.265984,-3.245253,5.572339,
638521427613558876,531315,-4.563128,-3.420577,5.538885,-31.38519,-18.75963,19.33354,-1.258384,-3.22577,5.538885,
638521427613679327,531326,-4.535828,-3.400113,5.505748,-31.33139,-18.72748,19.30041,-1.250855,-3.206472,5.505748,
638521427613789318,531337,-4.508305,-3.379481,5.47234,-31.27716,-18.69506,19.267,-1.243265,-3.187015,5.47234,
638521427613899320,531348,-4.480443,-3.358596,5.43852,-31.22226,-18.66225,19.23318,-1.235582,-3.167319,5.43852,
638521427614009316,531359,-4.453537,-3.338426,5.405859,-31.16924,-18.63056,19.20052,-1.228162,-3.148298,5.405859,
638521427614119316,531371,-4.426061,-3.31783,5.372509,-31.1151,-18.5982,19.16717,-1.220585,-3.128875,5.372509,
638521427614229338,531381,-4.398111,-3.296878,5.338582,-31.06002,-18.56528,19.13324,-1.212877,-3.109117,5.338582,
638521427614339332,531392,-4.371167,-3.27668,5.305877,-31.00693,-18.53354,19.10053,-1.205446,-3.09007,5.305877,
638521427614449316,531404,-4.343593,-3.25601,5.272406,-30.95259,-18.50107,19.06706,-1.197842,-3.070577,5.272406,
638521427614569316,531415,-4.316123,-3.235419,5.239063,-30.89847,-18.46871,19.03372,-1.190267,-3.051158,5.239063,
638521427614679322,531426,-4.28815,-3.214449,5.205107,-30.84334,-18.43576,18.99977,-1.182553,-3.031383,5.205107,
638521427614789318,531437,-4.261228,-3.194268,5.172428,-30.79029,-18.40405,18.96709,-1.175128,-3.012351,5.172428,
638521427614899326,531448,-4.233878,-3.173766,5.139229,-30.7364,-18.37184,18.93389,-1.167586,-2.993017,5.139229,
638521427615009323,531459,-4.206231,-3.153041,5.105671,-30.68192,-18.33928,18.90033,-1.159962,-2.973473,5.105671,
638521427615119313,531470,-4.179,-3.132629,5.072617,-30.62827,-18.30721,18.86728,-1.152452,-2.954223,5.072617,
638521427615229319,531482,-4.151588,-3.112081,5.039344,-30.57425,-18.27492,18.834,-1.144893,-2.934845,5.039344,
638521427615339317,531493,-4.123608,-3.091106,5.00538,-30.51912,-18.24197,18.80004,-1.137177,-2.915065,5.00538,
638521427615449324,531504,-4.096418,-3.070724,4.972376,-30.46554,-18.20994,18.76704,-1.129678,-2.895844,4.972376,
638521427615559320,531515,-4.068992,-3.050165,4.939085,-30.4115,-18.17764,18.73375,-1.122115,-2.876456,4.939085,
638521427615679324,531526,-4.041651,-3.02967,4.905899,-30.35762,-18.14544,18.70056,20.46299,2.832928,20,
638521427615789329,531537,-4.01367,-3.008695,4.871934,-30.30248,-18.11248,18.6666,20.42824,2.828117,19.96604,
638521427615899335,531548,-3.986552,-2.988367,4.839017,-30.24905,-18.08054,18.63368,20.39456,2.823454,19.93312,
638521427616009340,531559,-3.958378,-2.967247,4.804819,-30.19353,-18.04736,18.59948,20.35957,2.81861,19.89892,
638521427616119313,531570,-3.931688,-2.94724,4.772421,-30.14094,-18.01592,18.56708,20.32642,2.814021,19.86652,
638521427616229320,531581,-3.904721,-2.927025,4.739687,-30.0878,-17.98416,18.53435,20.29293,2.809384,19.83379,
638521427616339339,531593,-3.876918,-2.906183,4.705939,-30.03301,-17.95141,18.5006,20.2584,2.804604,19.80004,
638521427616449337,531604,-3.849022,-2.885273,4.672079,-29.97805,-17.91856,18.46674,20.22376,2.799808,19.76618,
638521427616559328,531615,-3.82202,-2.865031,4.639303,-29.92484,-17.88675,18.43396,20.19022,2.795165,19.7334,
638521427616679322,531626,-3.794312,-2.844261,4.605669,-29.87024,-17.85412,18.40033,20.15581,2.790401,19.69977,
638521427616789325,531637,-3.767048,-2.823824,4.572576,-29.81652,-17.82201,18.36724,20.12195,2.785713,19.66668,
638521427616899324,531648,-3.739483,-2.803161,4.539116,-29.7622,-17.78954,18.33378,20.08772,2.780974,19.63322,
638521427617009314,531659,-3.712338,-2.782813,4.506167,-29.70871,-17.75757,18.30083,20.054,2.776307,19.60027,
638521427617119323,531670,-3.684898,-2.762243,4.472858,-29.65464,-17.72525,18.26752,20.01993,2.771589,19.56696,
638521427617229312,531681,-3.657349,-2.741591,4.439418,-29.60036,-17.6928,18.23408,19.98571,2.766852,19.53352,
638521427617339322,531692,-3.629981,-2.721076,4.406199,-29.54643,-17.66057,18.20086,19.95172,2.762147,19.5003,
638521427617449334,531703,-3.602542,-2.700508,4.372892,-29.49236,-17.62825,18.16755,19.91765,2.757429,19.467,
638521427617559325,531715,-3.575016,-2.679874,4.33948,-29.43812,-17.59583,18.13414,19.88346,2.752696,19.43358,
638521427617669324,531726,-3.547548,-2.659283,4.306138,-29.38399,-17.56348,18.1008,19.84935,2.747973,19.40024,
638521427617789325,531737,-3.520149,-2.638745,4.272881,-29.33,-17.53121,18.06754,19.81532,2.743262,19.36698,
638521427617899329,531748,-3.49262,-2.618108,4.239465,-29.27576,-17.49879,18.03412,19.78113,2.738529,19.33356,
638521427618009326,531759,-3.465221,-2.59757,4.206207,-29.22177,-17.46651,18.00087,19.7471,2.733818,19.30031,
638521427618119316,531770,-3.438001,-2.577165,4.173166,-29.16813,-17.43445,17.96782,19.7133,2.729138,19.26727,
638521427618229338,531781,-3.410312,-2.556409,4.139556,-29.11357,-17.40184,17.93422,19.67891,2.724377,19.23366,
638521427618339320,531792,-3.382778,-2.535769,4.106134,-29.05932,-17.36941,17.90079,19.64472,2.719643,19.20023,
638521427618449317,531803,-3.355677,-2.515454,4.073238,-29.00591,-17.33749,17.8679,19.61106,2.714983,19.16734,
638521427618559316,531815,-3.328131,-2.494806,4.039803,-28.95164,-17.30505,17.83446,19.57685,2.710248,19.1339,
638521427618679323,531826,-3.300577,-2.47415,4.006356,-28.89734,-17.27259,17.80101,19.54263,2.70551,19.10045,
638521427618789319,531837,-3.272977,-2.453461,3.972854,-28.84296,-17.24009,17.76751,19.50835,2.700765,19.06695,
638521427618899315,531848,-3.245598,-2.432937,3.93962,-28.78901,-17.20784,17.73428,19.47435,2.696057,19.03372,
638521427619009325,531859,-3.218088,-2.412316,3.906228,-28.7348,-17.17544,17.70089,19.44018,2.691327,19.00033,
638521427619119314,531870,-3.190868,-2.391911,3.873187,-28.68116,-17.14338,17.66784,19.40638,2.686647,18.96729,
638521427619229331,531881,-3.163517,-2.371408,3.839988,-28.62727,-17.11117,17.63465,19.37241,2.681945,18.93409,
638521427619339345,531892,-3.135634,-2.350507,3.806143,-28.57233,-17.07833,17.6008,19.33778,2.677151,18.90024,
638521427619449323,531903,-3.108531,-2.33019,3.773243,-28.51892,-17.0464,17.5679,19.30412,2.672491,18.86734,
638521427619559313,531914,-3.080881,-2.309463,3.739681,-28.46444,-17.01384,17.53434,19.26978,2.667737,18.83378,
638521427619669314,531926,-3.053445,-2.288897,3.706378,-28.41037,-16.98152,17.50104,19.2357,2.663019,18.80048,
638521427619789327,531937,-3.026004,-2.268327,3.67307,-28.3563,-16.9492,17.46773,19.20163,2.658301,18.76717,
638521427619899325,531948,-2.998303,-2.247562,3.639445,-28.30172,-16.91657,17.4341,19.16722,2.653538,18.73355,
638521427620009325,531959,-2.970697,-2.226868,3.605936,-28.24732,-16.88406,17.4006,19.13294,2.648792,18.70004,
638521427620119323,531970,-2.943569,-2.206532,3.573007,-28.19386,-16.85211,17.36767,19.09925,2.644127,18.66711,
638521427620229311,531981,-2.916385,-2.186155,3.54001,-28.1403,-16.82009,17.33467,19.06549,2.639454,18.63411,
638521427620339313,531992,-2.888807,-2.165482,3.506534,-28.08596,-16.78761,17.30119,19.03124,2.634712,18.60063,
638521427620449311,532003,-2.861579,-2.145071,3.473485,-28.03231,-16.75554,17.26814,18.99742,2.630031,18.56758,
638521427620559328,532014,-2.834052,-2.124437,3.440071,-27.97807,-16.72312,17.23473,18.96323,2.625298,18.53417,
638521427620669331,532025,-2.806605,-2.103862,3.406755,-27.92398,-16.69079,17.20141,18.92915,2.620579,18.50085,
638521427620779325,532037,-2.779214,-2.083329,3.373507,-27.87001,-16.65853,17.16817,18.89513,2.615869,18.46761,
638521427620899323,532048,-2.751518,-2.062568,3.339889,-27.81543,-16.62591,17.13455,18.86073,2.611107,18.43399,
638521427621009321,532059,-2.724025,-2.041959,3.306517,-27.76126,-16.59353,17.10118,18.82659,2.60638,18.40062,
638521427621119325,532070,-2.696607,-2.021406,3.273235,-27.70723,-16.56124,17.0679,18.79254,2.601666,18.36734,
638521427621229327,532081,-2.669109,-2.000793,3.239858,-27.65305,-16.52885,17.03452,18.75839,2.596938,18.33396,
638521427621339322,532092,-2.641577,-1.980155,3.206439,-27.5988,-16.49642,17.0011,18.72419,2.592205,18.30054,
638521427621449314,532103,-2.614403,-1.959785,3.173453,-27.54525,-16.46442,16.96811,18.69044,2.587532,18.26756,
638521427621559310,532114,-2.587013,-1.939253,3.140208,-27.49128,-16.43216,16.93487,18.65643,2.582823,18.23431,
638521427621669313,532126,-2.559344,-1.918512,3.106621,-27.43676,-16.39957,16.90128,18.62207,2.578066,18.20072,
638521427621779325,532137,-2.532111,-1.898098,3.073565,-27.3831,-16.3675,16.86823,18.58825,2.573383,18.16767,
638521427621889320,532148,-2.504545,-1.877434,3.040104,-27.32878,-16.33503,16.83477,18.55401,2.568644,18.13421,
638521427622009317,532159,-2.477107,-1.856866,3.006799,-27.27471,-16.30271,16.80146,18.51993,2.563926,18.1009,
638521427622119312,532170,-2.449696,-1.836318,2.973527,-27.2207,-16.27043,16.76819,18.48589,2.559213,18.06763,
638521427622229324,532181,-2.422343,-1.815814,2.940325,-27.1668,-16.23821,16.73499,18.45192,2.55451,18.03443,
638521427622339323,532192,-2.394764,-1.795141,2.906849,-27.11246,-16.20573,16.70151,18.41767,2.549769,18.00095,
638521427622449324,532203,-2.367276,-1.774535,2.873483,-27.05829,-16.17336,16.66814,18.38353,2.545043,17.96758,
638521427622559312,532214,-2.339853,-1.753978,2.840195,-27.00426,-16.14106,16.63486,18.34947,2.540328,17.9343,
638521427622669320,532226,-2.312387,-1.733389,2.806856,-26.95013,-16.10871,16.60152,18.31536,2.535605,17.90096,
638521427622779314,532237,-2.28481,-1.712717,2.773382,-26.89579,-16.07623,16.56804,18.28111,2.530864,17.86749,
638521427622889317,532248,-2.257401,-1.692171,2.740113,-26.84179,-16.04394,16.53477,18.24707,2.526151,17.83422,
638521427623009333,532259,-2.23008,-1.671691,2.706949,-26.78795,-16.01176,16.50161,18.21314,2.521454,17.80105,
638521427623109312,532270,-2.20272,-1.651182,2.673739,-26.73404,-15.97954,16.4684,18.17916,2.51675,17.76784,
638521427623229328,532281,-2.17545,-1.630739,2.640637,-32.68472,21.06824,20,18.14529,2.512061,17.73474,
638521427623339323,532292,-2.147863,-1.61006,2.607151,-32.63,21.03297,19.96651,18.11103,2.507318,17.70126,
638521427623449316,532303,-2.120066,-1.589223,2.573411,-32.57486,20.99743,19.93277,18.07651,2.502539,17.66751,
638521427623559321,532314,-2.092863,-1.568831,2.540391,-32.5209,20.96264,19.89975,18.04273,2.497861,17.63449,
638521427623669317,532325,-2.065429,-1.548266,2.50709,-32.46648,20.92756,19.86645,18.00866,2.493145,17.60119,
638521427623779308,532337,-2.037988,-1.527696,2.473781,-32.41204,20.89248,19.83314,17.97458,2.488426,17.56788,
638521427623889323,532348,-2.010046,-1.506751,2.439865,-32.35661,20.85675,19.79923,17.93987,2.483622,17.53397,
638521427623999328,532359,-1.983145,-1.486585,2.407212,-32.30325,20.82235,19.76657,17.90647,2.478997,17.50131,
638521427624109314,532370,-1.955686,-1.466001,2.37388,-32.24878,20.78724,19.73324,17.87236,2.474276,17.46798,
638521427624229326,532381,-1.928232,-1.445421,2.340555,-32.19432,20.75214,19.69992,17.83827,2.469555,17.43466,
638521427624339329,532392,-1.90075,-1.42482,2.307197,-32.1398,20.717,19.66656,17.80414,2.46483,17.4013,
638521427624449318,532403,-1.873118,-1.404107,2.273656,-32.08499,20.68166,19.63302,17.76982,2.460079,17.36776,
638521427624559331,532414,-1.845757,-1.383597,2.240445,-32.03071,20.64668,19.59981,17.73584,2.455375,17.33455,
638521427624669312,532425,-1.818544,-1.363198,2.207413,-31.97673,20.61188,19.56678,17.70204,2.450696,17.30152,
638521427624779327,532436,-1.790892,-1.342469,2.173848,-31.92188,20.57652,19.53321,17.6677,2.445942,17.26795,
638521427624889327,532448,-1.76333,-1.321808,2.140392,-31.8672,20.54128,19.49975,17.63347,2.441203,17.2345,
638521427624999317,532458,-1.735734,-1.301122,2.106895,-31.81246,20.50599,19.46626,17.5992,2.436458,17.201,
638521427625119322,532470,-1.708762,-1.280903,2.074156,-31.75896,20.47151,19.43352,17.5657,2.431821,17.16826,
638521427625229331,532481,-1.680835,-1.259969,2.040257,-31.70356,20.4358,19.39962,17.53102,2.427019,17.13436,
638521427625339332,532492,-1.653769,-1.23968,2.007403,-31.64987,20.40119,19.36676,17.4974,2.422365,17.10151,
638521427625449319,532503,-1.626198,-1.219012,1.973937,-31.59517,20.36594,19.3333,17.46316,2.417625,17.06804,
638521427625559326,532514,-1.598761,-1.198445,1.940633,-31.54075,20.33085,19.29999,17.42909,2.412908,17.03473,
638521427625669315,532525,-1.570566,-1.17731,1.906409,-31.48482,20.2948,19.26577,17.39407,2.40806,17.00051,
638521427625779325,532536,-1.543948,-1.157356,1.874099,-31.43202,20.26077,19.23346,17.36101,2.403483,16.9682,
638521427625899328,532548,-1.516447,-1.136741,1.840717,-31.37746,20.2256,19.20008,17.32686,2.398755,16.93482,
638521427625999312,532559,-1.48767,-1.11517,1.805787,-31.32038,20.18881,19.16515,17.29112,2.393807,16.89989,
638521427626109325,532570,-1.461373,-1.095457,1.773866,-31.26821,20.15518,19.13322,17.25846,2.389286,16.86797,
638521427626219331,532581,-1.434193,-1.075082,1.740874,-31.21429,20.12043,19.10023,17.2247,2.384613,16.83497,
638521427626339334,532592,-1.406776,-1.054531,1.707595,-31.15991,20.08537,19.06695,17.19065,2.379899,16.80169,
638521427626449311,532603,-1.379212,-1.033868,1.674137,-31.10523,20.05013,19.03349,17.15642,2.37516,16.76824,
638521427626559327,532614,-1.351795,-1.013316,1.640857,-31.05084,20.01507,19.00022,17.12237,2.370446,16.73496,
638521427626679326,532626,-1.324257,-0.9926732,1.607431,-30.99622,19.97986,18.96679,17.08817,2.365711,16.70153,
638521427626789328,532637,-1.29604,-0.9715209,1.57318,-30.94024,19.94378,18.93254,17.05312,2.360859,16.66728,
638521427626889315,532648,-1.268882,-0.9511628,1.540214,-30.88637,19.90905,18.89957,17.01939,2.35619,16.63431,
638521427626999314,532658,-1.241893,-0.9309313,1.507454,-30.83283,19.87454,18.86681,16.98588,2.35155,16.60155,
638521427627109333,532670,-1.214596,-0.9104693,1.47432,-30.77868,19.83963,18.83368,16.95197,2.346856,16.56842,
638521427627219322,532681,-1.187166,-0.8899076,1.441025,-30.72427,19.80456,18.80038,16.91791,2.34214,16.53512,
638521427627339315,532692,-1.159748,-0.8693545,1.407744,-30.66988,19.7695,18.7671,16.88386,2.337426,16.50184,
638521427627449318,532703,-1.132173,-0.848684,1.374273,-30.61518,19.73424,18.73363,16.84961,2.332685,16.46837,
638521427627559332,532714,-1.104481,-0.8279254,1.340659,-30.56025,19.69883,18.70002,16.81522,2.327924,16.43476,
638521427627669322,532725,-1.07723,-0.8074976,1.307581,-30.50619,19.66399,18.66694,16.78138,2.323238,16.40168,
638521427627779320,532736,-1.04985,-0.7869731,1.274346,-30.45187,19.62898,18.6337,16.74737,2.318531,16.36844,
638521427627889322,532748,-1.022427,-0.7664163,1.241059,-30.39747,19.59391,18.60041,16.71331,2.313816,16.33516,
638521427627999334,532758,-0.994833,-0.7457317,1.207564,-30.34274,19.55863,18.56692,16.67904,2.309071,16.30166,
638521427628109313,532770,-0.9675572,-0.7252853,1.174456,-30.28863,19.52375,18.53381,16.64517,2.304382,16.26855,
638521427628229322,532781,-0.9399448,-0.7045866,1.140939,-30.23385,19.48845,18.50029,16.61088,2.299634,16.23503,
638521427628339325,532792,-0.9124473,-0.683974,1.107562,-30.17931,19.45329,18.46692,16.57673,2.294906,16.20166,
638521427628449316,532803,7.536373,3.660057,20,-30.12511,19.41835,18.43376,16.5428,2.290209,16.1685,
638521427628559320,532814,7.523825,3.653963,19.9667,-30.07069,19.38327,18.40046,16.50873,2.285492,16.1352,
638521427628669311,532825,7.511258,3.64786,19.93335,-30.01619,19.34814,18.36711,16.47461,2.280768,16.10185,
638521427628779319,532836,7.498613,3.641719,19.89979,-29.96135,19.31279,18.33355,16.44027,2.276015,16.06829,
638521427628889317,532847,7.486168,3.635675,19.86677,-29.90738,19.278,18.30052,16.40648,2.271337,16.03526,
638521427628999337,532859,7.473593,3.629568,19.83339,-29.85284,19.24285,18.26715,16.37233,2.26661,16.00189,
638521427629109330,532870,7.460864,3.623386,19.79961,-29.79763,19.20726,18.23337,16.33777,2.261825,15.96811,
638521427629219321,532881,7.448485,3.617374,19.76676,-29.74395,19.17266,18.20052,16.30416,2.257172,15.93526,
638521427629339316,532892,7.4359,3.611262,19.73336,-29.68937,19.13747,18.16712,16.26999,2.252441,15.90186,
638521427629449322,532903,7.423215,3.605102,19.6997,-29.63435,19.10201,18.13346,16.23554,2.247672,15.8682,
638521427629559323,532914,7.410786,3.599065,19.66672,-29.58045,19.06727,18.10047,16.2018,2.243,15.83521,
638521427629670285,532925,7.398247,3.592976,19.63344,-29.52607,19.03222,18.0672,16.16775,2.238287,15.80194,
638521427629780301,532936,7.385646,3.586856,19.6,-29.47142,18.99699,18.03376,16.13354,2.23355,15.7685,
638521427629890301,532947,7.373025,3.580727,19.56651,-29.41668,18.96171,18.00026,16.09927,2.228806,15.735,
638521427630000295,532958,7.360547,3.574667,19.53339,-29.36257,18.92682,17.96715,16.06538,2.224115,15.70189,
638521427630110310,532970,7.34807,3.568608,19.50028,-29.30845,18.89194,17.93404,16.03151,2.219425,15.66878,
638521427630220295,532981,7.33533,3.56242,19.46647,-29.2532,18.85633,17.90023,15.99691,2.214636,15.63497,
638521427630330297,532992,7.322898,3.556383,19.43348,-29.19928,18.82157,17.86724,15.96316,2.209963,15.60198,
638521427630450299,533003,7.310407,3.550316,19.40033,-29.14511,18.78665,17.83409,15.92924,2.205267,15.56883,
638521427630560301,533014,7.297788,3.544188,19.36684,-29.09038,18.75138,17.8006,15.89498,2.200524,15.53534,
638521427630663103,533025,7.285237,3.538093,19.33354,-29.03595,18.71629,17.76729,15.8609,2.195806,15.50203,
638521427630783105,533036,7.272659,3.531984,19.30016,-28.9814,18.68113,17.73391,15.82675,2.191078,15.46865,
638521427630893104,533047,7.259955,3.525815,19.26644,-28.92631,18.64561,17.7002,15.79225,2.186302,15.43494,
638521427631003098,533058,7.247598,3.519814,19.23365,-28.87271,18.61107,17.6674,15.7587,2.181657,15.40215,
638521427631113101,533069,7.235051,3.51372,19.20035,-28.8183,18.57599,17.63411,15.72463,2.176941,15.36885,
638521427631223094,533081,7.222525,3.507637,19.16711,-28.76398,18.54098,17.60087,15.69062,2.172232,15.33561,
638521427631333110,533092,7.209938,3.501524,19.13371,-28.70939,18.50579,17.56746,15.65645,2.167501,15.30221,
638521427631443096,533103,7.19746,3.495464,19.1006,-28.65527,18.47091,17.53435,15.62257,2.162811,15.26909,
638521427631553105,533114,7.184773,3.489303,19.06693,-28.60025,18.43545,17.50068,15.58812,2.158042,15.23543,
638521427631663622,533125,7.17229,3.483241,19.0338,-28.54611,18.40055,17.46756,15.55423,2.153349,15.2023,
638521427631773612,533136,7.159668,3.477111,19.00031,-28.49137,18.36526,17.43406,15.51996,2.148605,15.1688,
638521427631893616,533147,7.147141,3.471027,18.96706,-28.43704,18.33024,17.40082,15.48594,2.143896,15.13556,
638521427632003615,533158,7.13459,3.464931,18.93375,-28.38261,18.29515,17.36751,15.45186,2.139178,15.10225,
638521427632113613,533169,7.122057,3.458845,18.90049,-28.32826,18.26012,17.33425,15.41783,2.134467,15.06899,
638521427632223606,533181,7.109432,3.452713,18.86699,-28.2735,18.22483,17.30075,15.38355,2.129721,15.03549,
638521427632333609,533192,7.096991,3.446671,18.83397,-28.21955,18.19005,17.26773,15.34977,2.125044,15.00247,
638521427632443620,533203,7.08448,3.440596,18.80077,-28.16529,18.15507,17.23453,15.3158,2.120342,14.96927,
638521427632553612,533214,7.071466,3.434275,18.76624,-28.10885,18.11869,17.19999,15.28047,2.11545,14.93473,
638521427632663779,533225,7.059309,3.428371,18.73397,-28.05612,18.08471,17.16773,15.24746,2.11088,14.90247,
638521427632773765,533236,7.046715,3.422255,18.70055,-28.00151,18.0495,17.13431,15.21326,2.106146,14.86905,
638521427632893781,533247,7.034194,3.416174,18.66732,-27.9472,18.01449,17.10108,15.17926,2.101439,14.83582,
638521427633003779,533258,7.021372,3.409947,18.6333,-27.89159,17.97865,17.06705,15.14445,2.096619,14.80179,
638521427633113770,533269,7.008961,3.40392,18.60036,-27.83777,17.94396,17.03412,15.11075,2.091954,14.76886,
638521427633223772,533280,6.996542,3.397888,18.5674,-27.78391,17.90924,17.00116,15.07703,2.087285,14.7359,
638521427633333780,533292,6.983989,3.391792,18.53409,-27.72947,17.87415,16.96785,15.04294,2.082567,14.70259,
638521427633443770,533303,6.971365,3.385661,18.50059,-27.67472,17.83886,16.93435,15.00867,2.077821,14.66908,
638521427633553786,533314,6.95856,3.379442,18.46661,-27.61918,17.80306,16.90036,14.9739,2.073008,14.6351,
638521427633669572,533325,6.946331,3.373503,18.43415,-27.56614,17.76887,16.86791,14.94069,2.068411,14.60265,
638521427633779568,533336,6.933507,3.367275,18.40012,-27.51053,17.73302,16.83388,14.90588,2.063591,14.56862,
638521427633889575,533347,6.921147,3.361273,18.36732,-27.45693,17.69847,16.80108,14.87232,2.058945,14.53582,
638521427633999573,533358,6.908679,3.355218,18.33423,-27.40285,17.66362,16.76799,14.83846,2.054258,14.50273,
638521427634109569,533369,6.896115,3.349116,18.30089,-27.34836,17.62849,16.73465,14.80435,2.049535,14.46939,
638521427634219570,533380,6.883514,3.342996,18.26745,-27.29372,17.59327,16.70121,14.77013,2.044799,14.43595,
638521427634329576,533391,6.871027,3.336932,18.23431,-27.23956,17.55836,16.66807,14.73623,2.040105,14.40281,
638521427634449568,533403,6.858419,3.330809,18.20085,-27.18488,17.52311,16.63461,14.702,2.035366,14.36935,
638521427634559589,533414,6.845418,3.324495,18.16635,-27.1285,17.48677,16.60011,14.66669,2.030478,14.33485,
638521427634668793,533425,6.833267,3.318594,18.1341,-27.0758,17.4528,16.56786,14.6337,2.025911,14.3026,
638521427634778785,533436,6.820756,3.312518,18.1009,-27.02154,17.41783,16.53466,14.59973,2.021208,14.2694,
638521427634886598,533447,6.808216,3.306427,18.06762,-26.96715,17.38277,16.50138,14.56568,2.016494,14.23612,
638521427634996586,533458,6.795466,3.300235,18.03379,-26.91186,17.34712,16.46754,14.53106,2.011701,14.20228,
638521427635106594,533469,6.783035,3.294198,18.0008,-26.85794,17.31237,16.43455,14.49731,2.007028,14.1693,
638521427635216973,533480,6.770433,3.288078,17.96735,-26.80329,17.27714,16.40111,14.46309,2.002291,14.13585,
638521427635326966,533491,6.757846,3.281965,17.93395,-26.7487,17.24196,16.36771,14.42892,1.99756,14.10245,
