time(100ns),time_stamp(ms),object1.x,object1.y,object1.z,
638521425102992836,280258,0,5,10,
638521425103052830,280264,0.09294794,4.98428,10,
638521425103102844,280269,0.1253853,4.978794,10,
638521425103202823,280278,0.1497852,4.974667,10,
638521425103312826,280289,0.1959935,4.966851,10,
638521425103422831,280301,0.2504594,4.957639,10,
638521425103532827,280312,0.3055441,4.948323,10,
638521425103642825,280323,0.3604858,4.93903,10,
638521425103762827,280334,0.4153053,4.929759,10,
638521425103862825,280345,0.4713518,4.920279,10,
638521425103982829,280356,0.5242515,4.911332,10,
638521425104092828,280367,0.5789985,4.902072,10,
638521425104202831,280378,0.634626,4.892664,10,
638521425104312840,280389,0.6886256,4.883531,10,
638521425104422846,280400,0.7429614,4.874341,10,
638521425104532821,280411,0.797808,4.865065,10,
638521425104642824,280423,0.8523632,4.855837,10,
638521425104752832,280434,0.9074331,4.846523,10,
638521425104862957,280445,0.9623462,4.837236,10,
638521425104972960,280456,1.017054,4.827983,10,
638521425105082957,280467,1.071583,4.81876,10,
638521425105202969,280478,1.126644,4.809448,10,
638521425105312951,280489,1.181256,4.800211,10,
638521425105422975,280500,1.236033,4.790946,10,
638521425105532950,280512,1.290658,4.781708,10,
638521425105642948,280523,1.345197,4.772483,10,
638521425105752965,280534,1.401589,4.762946,10,
638521425105862957,280545,1.455137,4.753889,10,
638521425105972952,280556,1.510012,4.744608,10,
638521425106082963,280567,1.564239,4.735436,10,
638521425106202955,280578,1.619189,4.726142,10,
638521425106312957,280589,1.674253,4.716829,10,
638521425106422948,280600,1.728772,4.707608,10,
638521425106532948,280611,1.783431,4.698364,10,
638521425106642958,280623,1.838112,4.689116,10,
638521425106752957,280634,1.893186,4.679801,10,
638521425106872953,280645,1.949829,4.67022,10,
638521425106982951,280657,2.006242,4.660679,10,
638521425107102950,280668,2.061452,4.651341,10,
638521425107212963,280680,2.118191,4.641745,10,
638521425107324070,280691,2.17428,4.632258,10,
638521425107434061,280702,2.229543,4.622911,10,
638521425107554063,280714,2.285365,4.61347,10,
638521425107664090,280725,2.342887,4.603741,10,
638521425107784070,280736,2.398541,4.594328,10,
638521425107894075,280748,2.453822,4.584979,10,
638521425108004076,280759,2.510071,4.575465,10,
638521425108124059,280770,2.566194,4.565973,10,
638521425108234064,280782,2.622426,4.556463,10,
638521425108344067,280793,2.677725,4.54711,10,
638521425108464068,280805,2.734345,4.537534,10,
638521425108574070,280816,2.790441,4.528046,10,
638521425108694068,280827,2.845676,4.518704,10,
638521425108804072,280839,2.903093,4.508993,10,
638521425108914064,280850,2.958434,4.499633,10,
638521425109024081,280861,3.012991,4.490406,10,
638521425109134063,280872,3.068388,4.481036,10,
638521425109244073,280883,3.123008,4.471798,10,
638521425109354071,280894,3.177072,4.462654,10,
638521425109464061,280905,3.232236,4.453324,10,
638521425109584075,280916,3.286499,4.444147,10,
638521425109694067,280927,3.341635,4.434821,10,
638521425109804187,280939,3.396112,4.425607,10,
638521425109914158,280950,3.45163,4.416217,10,
638521425110024161,280961,3.506337,4.406965,10,
638521425110134166,280972,3.560568,4.397793,10,
638521425110244167,280983,3.615573,4.38849,10,
638521425110364176,280995,3.670573,4.379188,10,
638521425110474165,281005,3.726746,4.369687,10,
638521425110584166,281016,3.779765,4.36072,10,
638521425110694167,281027,3.834572,4.35145,10,
638521425110804166,281039,3.889047,4.342237,10,
638521425110914169,281050,3.943915,4.332957,10,
638521425111024158,281061,3.998427,4.323737,10,
638521425111134161,281072,4.054666,4.314225,10,
638521425111244179,281083,4.107945,4.305214,10,
638521425111364175,281094,4.163166,4.295874,10,
638521425111474173,281105,4.218617,4.286496,10,
638521425111584168,281116,4.272791,4.277333,10,
638521425111694168,281127,4.327113,4.268145,10,
638521425111804158,281138,4.382004,4.258861,10,
638521425111914167,281150,4.436576,4.249631,10,
638521425112024182,281161,4.491464,4.240348,10,
638521425112134173,281172,4.546013,4.231122,10,
638521425112244169,281183,4.600931,4.221834,10,
638521425112354156,281194,4.65522,4.212652,10,
638521425112474166,281205,4.710407,4.203318,10,
638521425112574156,281216,4.767163,4.193718,10,
638521425112694164,281227,4.819729,4.184828,10,
638521425112804157,281238,4.874964,4.175486,10,
638521425112914162,281250,4.929026,4.166342,10,
638521425113024156,281261,4.984374,4.156981,10,
638521425113134172,281272,5.038611,4.147808,10,
638521425113244165,281283,5.094046,4.138432,10,
638521425113354153,281294,5.148139,4.129283,10,
638521425113464169,281305,5.203092,4.119989,10,
638521425113574167,281316,5.257441,4.110797,10,
638521425113694172,281327,5.31253,4.10148,10,
638521425113804163,281338,5.367764,4.092138,10,
638521425113914173,281349,5.422111,4.082946,10,
638521425114024159,281361,5.476634,4.073724,10,
638521425114134160,281372,5.531684,4.064414,10,
638521425114244172,281383,5.586215,4.055191,10,
638521425114354171,281394,5.640816,4.045956,10,
638521425114474169,281405,5.696574,4.036525,10,
638521425114584178,281416,5.751491,4.027237,10,
638521425114694165,281427,5.805397,4.01812,10,
638521425114804262,281438,5.860823,4.008746,10,
638521425114914262,281450,5.915403,3.999514,10,
638521425115024257,281460,5.969925,3.990293,10,
638521425115134258,281472,6.024243,3.981106,10,
638521425115244257,281483,6.079125,3.971823,10,
638521425115354261,281494,6.13359,3.962612,10,
638521425115464257,281505,6.188448,3.953333,10,
638521425115574264,281516,6.243726,3.943984,10,
638521425115694262,281527,6.298208,3.934769,10,
638521425115794253,281538,6.353415,3.925432,10,
638521425115914260,281549,6.407442,3.916294,10,
638521425116024256,281560,6.462702,3.906948,10,
638521425116134258,281572,6.517092,3.897749,10,
638521425116244269,281583,6.572197,3.888429,10,
638521425116354261,281594,6.627185,3.879129,10,
638521425116464256,281605,6.681467,3.869948,10,
638521425116574266,281616,6.737122,3.860535,10,
638521425116684252,281627,6.791193,3.85139,10,
638521425116804261,281638,6.845554,3.842196,10,
638521425116914254,281649,6.90061,3.832884,10,
638521425117024255,281661,6.954915,3.823699,10,
638521425117134254,281672,7.010456,3.814305,10,
638521425117244259,281683,7.064769,3.805119,10,
638521425117354255,281694,7.119603,3.795845,10,
638521425117464259,281705,7.174325,3.78659,10,
638521425117574293,281716,7.228777,3.77738,10,
638521425117694265,281728,7.283528,3.76812,10,
638521425117804259,281738,7.339434,3.758664,10,
638521425117914269,281749,7.393609,3.749502,10,
638521425118024256,281761,7.447914,3.740317,10,
638521425118134261,281772,7.502806,3.731033,10,
638521425118244262,281783,7.557738,3.721742,10,
638521425118354267,281794,7.612248,3.712523,10,
638521425118464259,281805,7.666723,3.703309,10,
638521425118574263,281816,7.721512,3.694042,10,
638521425118684256,281827,7.776596,3.684726,10,
638521425118804251,281839,7.831011,3.675523,10,
638521425118904256,281849,7.887385,3.665988,10,
638521425119024257,281860,7.940341,3.657031,10,
638521425119134250,281871,7.995541,3.647695,10,
638521425119244266,281883,8.050196,3.638451,10,
638521425119354258,281894,8.104927,3.629194,10,
638521425119464264,281905,8.16018,3.619849,10,
638521425119574267,281916,8.214532,3.610657,10,
638521425119684259,281927,8.269604,3.601342,10,
638521425119794255,281938,8.323937,3.592153,10,
638521425119904256,281949,8.378665,3.582897,10,
638521425120024252,281960,8.433494,3.573623,10,
638521425120134251,281971,8.487998,3.564405,10,
638521425120244267,281983,8.543086,3.555088,10,
638521425120354264,281994,8.597675,3.545855,10,
638521425120464272,282005,8.652345,3.536609,10,
638521425120574254,282016,8.70733,3.527309,10,
638521425120684255,282027,8.761888,3.518081,10,
638521425120794265,282038,8.816962,3.508766,10,
638521425120904263,282049,8.87177,3.499496,10,
638521425121024266,282061,8.926325,3.490269,10,
638521425121134258,282071,8.982019,3.48085,10,
638521425121244262,282082,9.03539,3.471823,10,
638521425121354254,282094,9.090297,3.462536,10,
638521425121464260,282105,9.14556,3.453189,10,
638521425121574260,282116,9.20088,3.443833,10,
638521425121684276,282127,9.255333,3.434623,10,
638521425121794266,282138,9.309672,3.425433,10,
638521425121904244,282149,9.364405,3.416176,10,
638521425122024267,282160,9.418992,3.406943,10,
638521425122134256,282171,9.474018,3.397636,10,
638521425122244261,282182,9.528581,3.388408,10,
638521425122354372,282194,9.582889,3.379223,10,
638521425122464375,282205,9.637924,3.369915,10,
638521425122574382,282216,9.693237,3.360559,10,
638521425122684370,282227,9.747511,3.35138,10,
638521425122794363,282238,9.80227,3.342118,10,
638521425122904377,282249,9.856926,3.332874,10,
638521425123014368,282260,9.912267,3.323514,10,
638521425123124363,282271,9.966797,3.314291,10,
638521425123244369,282282,10.02106,3.305114,10,
638521425123354372,282293,10.07579,3.295858,10,
638521425123464365,282305,10.13065,3.286578,10,
638521425123574376,282316,10.18586,3.277241,10,
638521425123684372,282327,10.24014,3.26806,10,
638521425123794393,282338,10.29555,3.258689,10,
638521425123904370,282349,10.3505,3.249394,10,
638521425124014382,282360,10.40467,3.240233,10,
638521425124124376,282371,10.45956,3.230948,10,
638521425124234364,282382,10.51413,3.221719,10,
638521425124354372,282393,10.56848,3.212527,10,
638521425124464376,282405,10.62371,3.203187,10,
638521425124574370,282416,10.67827,3.193959,10,
638521425124684369,282427,10.73276,3.184742,10,
638521425124794471,282438,10.78794,3.175409,10,
638521425124904485,282449,10.84248,3.166185,10,
638521425125014469,282460,10.8977,3.156846,10,
638521425125134472,282471,10.95243,3.147589,10,
638521425125244471,282482,11.00718,3.138328,10,
638521425125354490,282493,11.06147,3.129146,10,
638521425125464464,282505,11.11644,3.119849,10,
638521425125574469,282516,11.17132,3.110568,10,
638521425125684467,282527,11.22578,3.101356,10,
638521425125804474,282538,11.28188,3.091869,10,
638521425125904485,282549,11.33788,3.082397,10,
638521425126014464,282560,11.39023,3.073542,10,
638521425126124462,282571,11.44477,3.064318,10,
638521425126244467,282582,11.49943,3.055072,10,
638521425126354464,282593,11.55416,3.045816,10,
638521425126464469,282604,11.60889,3.03656,10,
638521425126574478,282616,11.66395,3.027247,10,
638521425126684466,282627,11.71877,3.017975,10,
638521425126794465,282638,11.77337,3.008741,10,
638521425126904464,282649,11.82816,2.999474,10,
638521425127014467,282660,11.88286,2.990222,10,
638521425127124466,282671,11.9377,2.980948,10,
638521425127234466,282682,11.99262,2.971659,10,
638521425127354476,282693,12.04709,2.962446,10,
638521425127464461,282704,12.10232,2.953104,10,
638521425127574464,282716,12.15617,2.943997,10,
638521425127684467,282727,12.21121,2.934688,10,
638521425127794462,282738,12.26636,2.92536,10,
638521425127904471,282749,12.32088,2.91614,10,
638521425128014469,282760,12.37598,2.90682,10,
638521425128124469,282771,12.43127,2.897469,10,
638521425128234468,282782,12.48582,2.888242,10,
638521425128354464,282793,12.53979,2.879114,10,
638521425128464464,282804,12.59484,2.869804,10,
638521425128574470,282816,12.64916,2.860617,10,
638521425128684470,282827,12.70412,2.85132,10,
638521425128794463,282838,12.75934,2.841982,10,
638521425128904470,282849,12.81354,2.832814,10,
638521425129014466,282860,12.86844,2.823529,10,
638521425129124461,282871,12.92324,2.814261,10,
638521425129234462,282882,12.97811,2.80498,10,
638521425129354471,282893,13.03271,2.795746,10,
638521425129454461,282904,13.08779,2.78643,10,
638521425129574461,282915,13.14176,2.777303,10,
638521425129684462,282926,13.19691,2.767974,10,
638521425129794472,282938,13.25126,2.758783,10,
638521425129904473,282949,13.30653,2.749434,10,
638521425130014458,282960,13.36133,2.740166,10,
638521425130124480,282971,13.41641,2.73085,10,
638521425130234472,282982,13.47105,2.721609,10,
638521425130344469,282993,13.52569,2.712367,10,
638521425130464472,283004,13.5805,2.703097,10,
638521425130574485,283015,13.63513,2.693857,10,
638521425130684463,283027,13.68943,2.684673,10,
638521425130794463,283038,13.74511,2.675255,10,
638521425130904463,283049,13.79925,2.666098,10,
638521425131014471,283060,13.85373,2.656884,10,
638521425131124469,283071,13.90887,2.647558,10,
638521425131234475,283082,13.96407,2.638222,10,
638521425131344471,283093,14.0182,2.629068,10,
638521425131464473,283104,14.07331,2.619747,10,
638521425131574483,283115,14.12821,2.610461,10,
638521425131684465,283126,14.18255,2.60127,10,
638521425131794466,283138,14.23752,2.591974,10,
638521425131904461,283149,14.29241,2.58269,10,
638521425132014466,283160,14.34679,2.573492,10,
638521425132124498,283171,14.40168,2.564209,10,
638521425132234470,283182,14.45684,2.554879,10,
638521425132344464,283193,14.51128,2.545671,10,
638521425132464465,283204,14.56642,2.536345,10,
638521425132574487,283215,14.62082,2.527144,10,
638521425132684467,283226,14.67538,2.517917,10,
638521425132794469,283238,14.73022,2.508641,10,
638521425132904463,283249,14.78463,2.499439,10,
638521425133014470,283260,14.83956,2.49015,10,
638521425133124473,283271,14.89636,2.480543,10,
638521425133234472,283282,14.94908,2.471627,10,
638521425133354474,283293,14.97427,2.467366,10,
638521425133464471,283304,14.91713,2.466778,10,
638521425133574474,283315,14.86213,2.466213,10,
638521425133684468,283327,14.80724,2.465648,10,
638521425133794472,283337,14.75075,2.465067,10,
638521425133904464,283349,14.69628,2.464507,10,
638521425134014456,283360,14.64068,2.463935,10,
638521425134124486,283371,14.58517,2.463364,10,
638521425134234464,283382,14.52973,2.462794,10,
638521425134344462,283393,14.47418,2.462223,10,
638521425134454475,283404,14.41768,2.461642,10,
638521425134564472,283415,14.36289,2.461079,10,
638521425134684477,283427,14.30778,2.460512,10,
638521425134794558,283438,14.2512,2.45993,10,
638521425134904563,283449,14.19579,2.45936,10,
638521425135014557,283460,14.14106,2.458797,10,
638521425135124557,283471,14.08486,2.458219,10,
638521425135234550,283482,14.02959,2.457651,10,
638521425135344562,283493,13.97411,2.45708,10,
638521425135454561,283504,13.9186,2.45651,10,
638521425135574571,283515,13.86371,2.455945,10,
638521425135684553,283526,13.80693,2.455361,10,
638521425135794560,283537,13.752,2.454796,10,
638521425135904563,283549,13.69694,2.45423,10,
638521425136014551,283560,13.64113,2.453656,10,
638521425136124554,283571,13.58552,2.453084,10,
638521425136234558,283582,13.52992,2.452513,10,
638521425136344560,283593,13.47446,2.451942,10,
638521425136464550,283604,13.41808,2.451362,10,
638521425136574562,283616,13.36227,2.450788,10,
638521425136684561,283627,13.30634,2.450213,10,
638521425136794557,283637,13.25115,2.449646,10,
638521425136904578,283648,13.197,2.449089,10,
638521425137014552,283660,13.14157,2.448519,10,
638521425137124562,283671,13.08623,2.44795,10,
638521425137234572,283682,13.03071,2.447379,10,
638521425137350196,283693,12.97506,2.446806,10,
638521425137460188,283704,12.91796,2.446219,10,
638521425137565348,283715,12.86403,2.445664,10,
638521425137685349,283727,12.80853,2.445094,10,
638521425137795345,283737,12.75125,2.444505,10,
638521425137905350,283748,12.69679,2.443945,10,
638521425138015341,283760,12.64189,2.44338,10,
638521425138125351,283771,12.58441,2.442789,10,
638521425138235344,283782,12.52873,2.442216,10,
638521425138345344,283793,12.47524,2.441666,10,
638521425138452772,283804,12.41923,2.44109,10,
638521425138562771,283815,12.36381,2.44052,10,
638521425138682762,283826,12.3086,2.439953,10,
638521425138792773,283837,12.25201,2.439371,10,
638521425138902773,283849,12.19702,2.438805,10,
638521425139012761,283860,12.14128,2.438232,10,
638521425139122772,283871,12.08577,2.437661,10,
638521425139232766,283882,12.03032,2.437091,10,
638521425139342764,283893,11.97544,2.436527,10,
638521425139452763,283904,11.91932,2.435949,10,
638521425139562770,283915,11.86426,2.435383,10,
638521425139682763,283926,11.80895,2.434814,10,
638521425139792766,283937,11.75267,2.434235,10,
638521425139902768,283948,11.69752,2.433668,10,
638521425140012761,283960,11.64208,2.433098,10,
638521425140122764,283971,11.58589,2.43252,10,
638521425140232764,283982,11.53116,2.431957,10,
638521425140412868,283999,11.47561,2.431386,10,
638521425140502871,284008,11.38864,2.430491,10,
638521425140632874,284022,11.34348,2.430027,10,
638521425140692871,284027,11.27614,2.429334,10,
638521425140782870,284036,11.24535,2.429018,10,
638521425140892864,284048,11.20249,2.428577,10,
638521425141002876,284059,11.14694,2.428006,10,
638521425141112859,284070,11.09153,2.427436,10,
638521425141222866,284081,11.03558,2.426861,10,
638521425141332864,284092,10.98066,2.426296,10,
638521425141442357,284103,10.92502,2.425724,10,
638521425141552358,284114,10.86919,2.425149,10,
638521425141672364,284125,10.8139,2.424581,10,
638521425141782358,284136,10.75786,2.424005,10,
638521425141892358,284147,10.70322,2.423443,10,
638521425142002365,284158,10.64766,2.422871,10,
638521425142112357,284169,10.5921,2.4223,10,
638521425142222365,284181,10.53661,2.421729,10,
638521425142332365,284192,10.48082,2.421155,10,
638521425142442087,284203,10.42483,2.420579,10,
638521425142552085,284214,10.36954,2.420011,10,
638521425142672085,284225,10.3143,2.419443,10,
638521425142782090,284236,10.25842,2.418868,10,
638521425142892083,284247,10.20344,2.418303,10,
638521425143002078,284258,10.14768,2.417729,10,
638521425143112085,284269,10.09211,2.417158,10,
638521425143222085,284281,10.03712,2.416592,10,
638521425143332086,284292,9.98088,2.416014,10,
638521425143441222,284303,9.925188,2.415441,10,
638521425143561226,284314,9.870231,2.414876,10,
638521425143671223,284325,9.813735,2.414295,10,
638521425143781219,284336,9.759048,2.413733,10,
638521425143891230,284347,9.703196,2.413158,10,
638521425144001217,284359,9.647815,2.412589,10,
638521425144111209,284370,9.591622,2.412011,10,
638521425144231231,284381,9.535809,2.411437,10,
638521425144341217,284392,9.479212,2.410855,10,
638521425144451231,284403,9.42299,2.410277,10,
638521425144561226,284414,9.366735,2.409698,10,
638521425144681225,284426,9.311446,2.40913,10,
638521425144791226,284437,9.25493,2.408548,10,
638521425144901225,284448,9.198912,2.407972,10,
638521425145011220,284459,9.143691,2.407404,10,
638521425145121226,284470,9.087659,2.406828,10,
638521425145231220,284481,9.032393,2.40626,10,
638521425145341227,284493,8.977353,2.405694,10,
638521425145451224,284504,8.921295,2.405117,10,
638521425145561220,284515,8.865332,2.404542,10,
638521425145671224,284526,8.80978,2.40397,10,
638521425145791231,284537,8.754322,2.4034,10,
638521425145901226,284548,8.698074,2.402822,10,
638521425146011231,284559,8.644008,2.402266,10,
638521425146121231,284570,8.588095,2.401691,10,
638521425146231220,284582,8.531891,2.401113,10,
638521425146341226,284593,8.476735,2.400546,10,
638521425146451230,284604,8.421115,2.399974,10,
638521425146561226,284615,8.366405,2.399411,10,
638521425146681230,284626,8.310269,2.398834,10,
638521425146791236,284637,8.253355,2.398248,10,
638521425146901218,284648,8.199071,2.39769,10,
638521425147011222,284659,8.143578,2.397119,10,
638521425147121221,284670,8.088529,2.396553,10,
638521425147231233,284681,8.032683,2.395979,10,
638521425147341331,284693,7.977515,2.395411,10,
638521425147451340,284704,7.921618,2.394837,10,
638521425147561327,284715,7.866601,2.394271,10,
638521425147671331,284726,7.810657,2.393696,10,
638521425147791326,284737,7.754636,2.39312,10,
638521425147901327,284748,7.698925,2.392547,10,
638521425148011329,284759,7.644352,2.391985,10,
638521425148121341,284770,7.588605,2.391412,10,
638521425148231332,284781,7.532146,2.390831,10,
638521425148341325,284792,7.476675,2.390261,10,
638521425148451331,284803,7.421876,2.389697,10,
638521425148561329,284815,7.366893,2.389132,10,
638521425148681329,284826,7.311436,2.388561,10,
638521425148781333,284837,7.254245,2.387973,10,
638521425148901330,284848,7.199625,2.387412,10,
638521425149011338,284859,7.143254,2.386832,10,
638521425149121334,284870,7.08857,2.38627,10,
638521425149231327,284882,7.032934,2.385697,10,
638521425149341326,284892,6.976954,2.385122,10,
638521425149451324,284903,6.921866,2.384555,10,
638521425149561323,284915,6.867312,2.383994,10,
638521425149671319,284926,6.811374,2.383419,10,
638521425149781428,284937,6.75593,2.382849,10,
638521425149901446,284948,6.699443,2.382267,10,
638521425150011434,284959,6.644327,2.381701,10,
638521425150121432,284970,6.588166,2.381123,10,
638521425150231429,284981,6.533713,2.380563,10,
638521425150341433,284992,6.478204,2.379992,10,
638521425150451430,285003,6.422282,2.379417,10,
638521425150561434,285015,6.367263,2.378852,10,
638521425150671426,285026,6.311769,2.378281,10,
638521425150781441,285037,6.256026,2.377708,10,
638521425150891432,285048,6.200406,2.377136,10,
638521425151011435,285059,6.144898,2.376565,10,
638521425151121438,285070,6.089192,2.375992,10,
638521425151231427,285081,6.033432,2.375419,10,
638521425151341427,285092,5.978732,2.374856,10,
638521425151451425,285103,5.92303,2.374283,10,
638521425151561433,285114,5.867594,2.373713,10,
638521425151671426,285126,5.812025,2.373142,10,
638521425151781436,285137,5.755932,2.372565,10,
638521425151901434,285148,5.700581,2.371995,10,
638521425152011434,285159,5.644305,2.371417,10,
638521425152121447,285170,5.588525,2.370843,10,
638521425152231442,285181,5.534135,2.370284,10,
638521425152341543,285192,5.478622,2.369713,10,
638521425152451532,285203,5.423128,2.369142,10,
638521425152561536,285214,5.367502,2.36857,10,
638521425152671536,285226,5.312024,2.368,10,
638521425152781544,285237,5.255895,2.367422,10,
638521425152891551,285248,5.201156,2.366859,10,
638521425153001545,285259,5.145273,2.366285,10,
638521425153111552,285270,5.090073,2.365717,10,
638521425153231536,285281,5.034479,2.365145,10,
638521425153341543,285292,4.978864,2.364573,10,
638521425153451544,285303,4.922618,2.363995,10,
638521425153561534,285314,4.868327,2.363437,10,
638521425153671536,285326,4.812445,2.362862,10,
638521425153781551,285337,4.756673,2.362288,10,
638521425153891542,285348,4.700898,2.361715,10,
638521425154001543,285359,4.645039,2.36114,10,
638521425154121541,285370,4.589924,2.360574,10,
638521425154231542,285381,4.533869,2.359997,10,
638521425154341551,285392,4.47908,2.359434,10,
638521425154446173,285403,4.42349,2.358862,10,
638521425154566178,285415,4.367681,2.358288,10,
638521425154676171,285426,4.310954,2.357705,10,
638521425154787202,285437,4.256125,2.357141,10,
638521425154897206,285448,4.201221,2.356576,10,
638521425155007196,285459,4.14616,2.35601,10,
638521425155117195,285470,4.090154,2.355434,10,
638521425155227206,285481,4.034736,2.354864,10,
638521425155337206,285492,3.979514,2.354296,10,
638521425155447209,285503,3.924025,2.353726,10,
638521425155567208,285515,3.867779,2.353148,10,
638521425155667204,285525,3.812083,2.352575,10,
638521425155787202,285537,3.756943,2.352008,10,
638521425155897202,285548,3.701346,2.351436,10,
638521425156007206,285559,3.646226,2.350869,10,
638521425156117207,285570,3.589833,2.350289,10,
638521425156227213,285581,3.535376,2.349729,10,
638521425156337196,285592,3.478036,2.34914,10,
638521425156447217,285603,3.424183,2.348586,10,
638521425156557206,285614,3.368445,2.348013,10,
638521425156677213,285626,3.312845,2.347441,10,
638521425156777199,285636,3.255653,2.346853,10,
638521425156897206,285648,3.202151,2.346303,10,
638521425157007199,285659,3.146108,2.345726,10,
638521425157117204,285670,3.090919,2.345159,10,
638521425157227206,285681,3.035525,2.344589,10,
638521425157337324,285692,2.980205,2.34402,10,
638521425157452523,285703,2.924151,2.343444,10,
638521425157562531,285714,2.86869,2.342873,10,
638521425157672536,285725,2.813787,2.342309,10,
638521425157782521,285736,2.757715,2.341732,10,
638521425157892522,285748,2.701919,2.341158,10,
638521425158002529,285759,2.646964,2.340593,10,
638521425158112523,285770,2.590689,2.340014,10,
638521425158222525,285781,2.535715,2.339449,10,
638521425158342531,285792,2.479992,2.338876,10,
638521425158452538,285803,2.422923,2.338289,10,
638521425158561190,285814,2.36814,2.337726,10,
638521425158671179,285825,2.312524,2.337154,10,
638521425158781168,285836,2.258342,2.336596,10,
638521425158891169,285848,2.202411,2.336021,10,
638521425159001202,285859,2.146776,2.335449,10,
638521425159111173,285870,2.091445,2.33488,10,
638521425159221178,285881,2.035874,2.334308,10,
638521425159341176,285892,1.979924,2.333733,10,
638521425159451318,285903,1.923579,2.333154,10,
638521425159561027,285914,1.869207,2.332595,10,
638521425159671028,285925,1.813537,2.332022,10,
638521425159784845,285936,1.758597,2.331457,10,
638521425159894836,285947,1.702305,2.330878,10,
638521425160004834,285959,1.647143,2.330311,10,
638521425160114837,285970,1.591765,2.329741,10,
638521425160224840,285981,1.536598,2.329174,10,
638521425160334840,285992,1.480313,2.328595,10,
638521425160444835,286003,1.424147,2.328017,10,
638521425160554836,286014,1.369734,2.327458,10,
638521425160664845,286025,1.313935,2.326884,10,
638521425160784838,286036,1.258253,2.326311,10,
638521425160894838,286047,1.202813,2.325741,10,
638521425161004850,286059,1.147682,2.325174,10,
638521425161114854,286070,1.091887,2.3246,10,
638521425161224832,286081,1.036293,2.324029,10,
638521425161334836,286092,0.980929,2.323459,10,
638521425161450751,286103,0.9252224,2.322886,10,
638521425161560752,286114,0.8696643,2.322315,10,
638521425161670755,286125,0.8143017,2.321746,10,
638521425161780746,286136,0.7585286,2.321172,10,
638521425161890748,286147,0.7029531,2.320601,10,
638521425162000755,286158,0.6476581,2.320032,10,
638521425162110753,286170,0.5919775,2.319459,10,
638521425162220746,286181,0.5362484,2.318886,10,
638521425162330851,286192,0.4805289,2.318313,10,
638521425162442901,286203,0.4256598,2.317749,10,
638521425162552889,286214,0.3702208,2.317179,10,
638521425162672890,286225,0.3145487,2.316607,10,
638521425162782887,286236,0.2588457,2.316034,10,
638521425162892884,286247,0.2035996,2.315465,10,
638521425163002889,286259,0.1475995,2.314889,10,
638521425163112883,286269,0.09274193,2.314325,10,
638521425163222881,286281,0.03702888,2.313752,10,
638521425163332893,286292,-0.01871318,2.313179,10,
638521425163442382,286303,-0.07418425,2.312609,10,
638521425163552399,286314,-0.1298078,2.312037,10,
638521425163672396,286325,-0.1851489,2.311468,10,
638521425163782387,286336,-0.240845,2.310895,10,
638521425163892394,286347,-0.296175,2.310326,10,
638521425164002403,286358,-0.3518941,2.309753,10,
638521425164112400,286370,-0.4074177,2.309182,10,
638521425164222390,286381,-0.4632312,2.308608,10,
638521425164332403,286392,-0.5182508,2.308042,10,
638521425164444709,286403,-0.5746709,2.307462,10,
638521425164554708,286414,-0.6295519,2.306897,10,
638521425164664697,286425,-0.6848475,2.306329,10,
638521425164780082,286436,-0.7403471,2.305758,10,
638521425164900096,286448,-0.7957436,2.305188,10,
638521425165000088,286458,-0.8551555,2.304577,10,
638521425165110082,286469,-0.9066733,2.304047,10,
638521425165220085,286481,-0.9625413,2.303473,10,
638521425165340093,286492,-1.018763,2.302895,10,
638521425165452730,286503,-1.074549,2.302321,10,
638521425165562741,286515,-1.130975,2.301741,10,
638521425165662728,286525,-1.187291,2.301162,10,
638521425165772725,286536,-1.240244,2.300617,10,
638521425165892727,286547,-1.295876,2.300045,10,
638521425166002728,286558,-1.351098,2.299477,10,
638521425166112730,286569,-1.407045,2.298902,10,
638521425166222723,286580,-1.462842,2.298328,10,
638521425166332725,286592,-1.5179,2.297761,10,
638521425166442730,286603,-1.5737,2.297188,10,
638521425166552742,286614,-1.628669,2.296622,10,
638521425166662736,286625,-1.684766,2.296045,10,
638521425166782742,286637,-1.74026,2.295475,10,
638521425166892735,286647,-1.797816,2.294883,10,
638521425167002735,286658,-1.850932,2.294336,10,
638521425167112735,286670,-1.906521,2.293765,10,
638521425167222723,286680,-1.962806,2.293186,10,
638521425167332726,286692,-2.017326,2.292625,10,
638521425167442725,286703,-2.073526,2.292047,10,
638521425167552723,286714,-2.128613,2.291481,10,
638521425167662730,286725,-2.184444,2.290906,10,
638521425167782733,286736,-2.239622,2.290339,10,
638521425167892734,286747,-2.295707,2.289762,10,
638521425168002726,286758,-2.351239,2.289191,10,
638521425168112731,286769,-2.406169,2.288626,10,
638521425168222737,286781,-2.461947,2.288053,10,
638521425168332724,286791,-2.517766,2.287479,10,
638521425168442748,286803,-2.572787,2.286913,10,
638521425168562742,286814,-2.629324,2.286331,10,
638521425168662723,286825,-2.686285,2.285746,10,
638521425168772734,286836,-2.739187,2.285202,10,
638521425168882725,286847,-2.795112,2.284626,10,
638521425169002732,286858,-2.850715,2.284055,10,
638521425169112735,286869,-2.906623,2.28348,10,
638521425169222735,286880,-2.961742,2.282913,10,
638521425169332747,286892,-3.017042,2.282344,10,
638521425169442491,286902,-3.072371,2.281775,10,
638521425169552488,286914,-3.127627,2.281207,10,
638521425169662491,286925,-3.183889,2.280628,10,
638521425169772481,286936,-3.239024,2.280061,10,
638521425169882485,286947,-3.295429,2.279481,10,
638521425170002487,286958,-3.350067,2.278919,10,
638521425170112489,286969,-3.406394,2.27834,10,
638521425170222487,286980,-3.461753,2.277771,10,
638521425170332476,286992,-3.516809,2.277204,10,
638521425170442481,287002,-3.572628,2.27663,10,
638521425170552489,287014,-3.627649,2.276064,10,
638521425170662486,287025,-3.683076,2.275494,10,
638521425170772484,287036,-3.739427,2.274915,10,
638521425170882487,287047,-3.794441,2.274349,10,
638521425170992489,287058,-3.850087,2.273777,10,
638521425171112484,287069,-3.905287,2.273209,10,
638521425171222487,287080,-3.961281,2.272633,10,
638521425171332484,287092,-4.016644,2.272064,10,
638521425171442741,287102,-4.072623,2.271488,10,
638521425171552764,287114,-4.127286,2.270926,10,
638521425171662751,287125,-4.183012,2.270353,10,
638521425171772746,287136,-4.238657,2.269781,10,
638521425171892749,287147,-4.294315,2.269208,10,
638521425171992756,287158,-4.35144,2.268621,10,
638521425172112757,287169,-4.405283,2.268067,10,
638521425172222753,287180,-4.461266,2.267491,10,
638521425172332748,287191,-4.516807,2.26692,10,
638521425172442752,287202,-4.571828,2.266354,10,
638521425172552755,287214,-4.627109,2.265785,10,
638521425172662753,287225,-4.683161,2.265209,10,
638521425172772749,287236,-4.739084,2.264634,10,
638521425172882766,287247,-4.794377,2.264065,10,
