time(100ns),time_stamp(ms),object1.x,object1.y,object1.z,object2.x,object2.y,object2.z,object3.x,object3.y,object3.z,
638524908278187060,296772,-16.47671,-12.35118,20,-1.241604,9.419649,20,-4.543818,-11.64772,20,
638524908278257062,296778,-16.43923,-12.32309,19.95451,-1.23878,9.398225,19.95451,-4.533484,-11.62122,19.95451,
638524908278377055,296791,-16.42127,-12.30962,19.93271,-1.237426,9.387955,19.93271,-4.52853,-11.60853,19.93271,
638524908278477056,296801,-16.39291,-12.28836,19.89828,-1.235289,9.37174,19.89828,-4.520709,-11.58848,19.89828,
638524908278587049,296812,-16.36614,-12.2683,19.8658,-1.233272,9.356441,19.8658,-4.513329,-11.56956,19.8658,
638524908278707052,296824,-16.33883,-12.24783,19.83265,-1.231214,9.340828,19.83265,-4.505797,-11.55025,19.83265,
638524908278817056,296835,-16.3106,-12.22666,19.79837,-1.229087,9.324686,19.79837,-4.498011,-11.53029,19.79837,
638524908278937052,296846,-16.28202,-12.20524,19.76369,-1.226933,9.308349,19.76369,-4.49013,-11.51009,19.76369,
638524908279047051,296857,-16.25426,-12.18443,19.72999,-1.224841,9.292479,19.72999,-4.482475,-11.49047,19.72999,
638524908279157048,296869,-16.22686,-12.16389,19.69672,-1.222776,9.276809,19.69672,-4.474916,-11.47109,19.69672,
638524908279267063,296880,-16.19903,-12.14303,19.66294,-1.220679,9.260902,19.66294,-4.467243,-11.45142,19.66294,
638524908279387053,296891,-16.17098,-12.122,19.62889,-1.218565,9.244863,19.62889,-4.459506,-11.43159,19.62889,
638524908279497053,296903,-16.14273,-12.10083,19.5946,-1.216437,9.228715,19.5946,-4.451717,-11.41162,19.5946,
638524908279607056,296914,-16.11504,-12.08007,19.56099,-1.21435,9.212882,19.56099,-4.444079,-11.39204,19.56099,
638524908279727052,296925,-16.08678,-12.05888,19.52669,-1.212221,9.196727,19.52669,-4.436286,-11.37207,19.52669,
638524908279837061,296937,-16.05893,-12.03801,19.49288,-1.210122,9.180806,19.49288,-4.428607,-11.35238,19.49288,
638524908279947057,296948,-16.03103,-12.01709,19.45901,-1.208019,9.164855,19.45901,-4.420912,-11.33266,19.45901,
638524908280057059,296959,-16.00294,-11.99604,19.42492,-1.205903,9.148796,19.42492,-4.413166,-11.3128,19.42492,
638524908280167047,296970,-15.9757,-11.97562,19.39185,-1.20385,9.133223,19.39185,-4.405653,-11.29354,19.39185,
638524908280277056,296981,-15.94853,-11.95525,19.35888,-1.201803,9.117693,19.35888,-4.398162,-11.27434,19.35888,
638524908280397050,296992,-15.9208,-11.93447,19.32522,-1.199713,9.101839,19.32522,-4.390515,-11.25473,19.32522,
638524908280507049,297003,-15.89326,-11.91382,19.29179,-1.197638,9.086093,19.29179,-4.382919,-11.23526,19.29179,
638524908280617051,297015,-15.86595,-11.89334,19.25863,-1.19558,9.070478,19.25863,-4.375387,-11.21596,19.25863,
638524908280727054,297026,-15.83858,-11.87283,19.22541,-1.193517,9.054832,19.22541,-4.367839,-11.19661,19.22541,
638524908280837047,297037,-15.81093,-11.8521,19.19185,-1.191434,9.039025,19.19185,-4.360215,-11.17706,19.19185,
638524908280947055,297048,-15.78385,-11.8318,19.15898,-1.189393,9.023542,19.15898,-4.352746,-11.15792,19.15898,
638524908281057060,297059,-15.75629,-11.81115,19.12553,-1.187317,9.00779,19.12553,-4.345148,-11.13844,19.12553,
638524908281167054,297070,-15.72816,-11.79006,19.09139,-1.185197,8.991709,19.09139,-4.33739,-11.11855,19.09139,
638524908281277062,297081,-15.70084,-11.76958,19.05822,-1.183138,8.976086,19.05822,-4.329854,-11.09924,19.05822,
638524908281387051,297092,-15.67397,-11.74944,19.02561,-1.181113,8.960727,19.02561,-4.322446,-11.08025,19.02561,
638524908281507052,297103,-15.6463,-11.72869,18.99202,-1.179028,8.944907,18.99202,-4.314815,-11.06068,18.99202,
638524908281617049,297114,-15.61888,-11.70814,18.95873,-1.176962,8.92923,18.95873,-4.307252,-11.0413,18.95873,
638524908281727047,297126,-15.59162,-11.6877,18.92564,-1.174907,8.913644,18.92564,-4.299734,-11.02203,18.92564,
638524908281837054,297137,-15.56392,-11.66694,18.89202,-1.172821,8.897813,18.89202,-4.292097,-11.00245,18.89202,
638524908281947057,297148,-15.53623,-11.64619,18.85842,-1.170734,8.881983,18.85842,-4.284461,-10.98287,18.85842,
638524908282067054,297159,-15.50861,-11.62548,18.82489,-1.168653,8.866192,18.82489,-4.276844,-10.96335,18.82489,
638524908282177061,297171,-15.48045,-11.60437,18.7907,-1.166531,8.850091,18.7907,-4.269077,-10.94344,18.7907,
638524908282287049,297182,-15.45302,-11.58381,18.75741,-1.164464,8.834409,18.75741,-4.261513,-10.92405,18.75741,
638524908282397056,297193,-15.42512,-11.56289,18.72354,-1.162361,8.818458,18.72354,-4.253818,-10.90432,18.72354,
638524908282507045,297204,-15.39714,-11.54192,18.68958,-1.160253,8.802465,18.68958,-4.246104,-10.88455,18.68958,
638524908282627060,297216,-15.36956,-11.52124,18.6561,-1.158174,8.786695,18.6561,-4.238496,-10.86505,18.6561,
638524908282737050,297227,-15.34141,-11.50014,18.62193,-1.156054,8.770605,18.62193,-4.230735,-10.84515,18.62193,
638524908282847062,297238,-15.31396,-11.47957,18.58861,-1.153985,8.754912,18.58861,-4.223165,-10.82575,18.58861,
638524908282967054,297249,-15.28589,-11.45852,18.55454,-1.15187,8.738864,18.55454,-4.215424,-10.8059,18.55454,
638524908283077055,297261,-15.25841,-11.43793,18.52118,-1.149799,8.723154,18.52118,-4.207845,-10.78648,18.52118,
638524908283187050,297272,-15.23062,-11.41709,18.48745,-1.147705,8.707268,18.48745,-4.200182,-10.76683,18.48745,
638524908283297041,297283,-15.20303,-11.39641,18.45395,-1.145625,8.691491,18.45395,-4.192572,-10.74732,18.45395,
638524908283407050,297294,-15.17565,-11.37588,18.42072,-1.143562,8.675838,18.42072,-4.185021,-10.72797,18.42072,
638524908283517057,297305,-15.14826,-11.35535,18.38747,-1.141498,8.660178,18.38747,-4.177467,-10.7086,18.38747,
638524908283627054,297316,-15.12074,-11.33472,18.35407,-1.139424,8.644446,18.35407,-4.169878,-10.68915,18.35407,
638524908283747050,297327,-15.09316,-11.31405,18.32059,-1.137346,8.62868,18.32059,-4.162273,-10.66966,18.32059,
638524908283857063,297339,-15.0656,-11.29339,18.28714,-1.13527,8.612926,18.28714,-4.154674,-10.65017,18.28714,
638524908283967057,297349,-15.03809,-11.27277,18.25375,-1.133197,8.597198,18.25375,-4.147087,-10.63073,18.25375,
638524908284077050,297360,-15.01107,-11.25251,18.22095,-1.131161,8.581751,18.22095,-4.139636,-10.61163,18.22095,
638524908284187058,297372,-14.98372,-11.23201,18.18775,-1.129099,8.566113,18.18775,-4.132092,-10.59229,18.18775,
638524908284297046,297383,-14.95617,-11.21136,18.15431,-1.127024,8.550365,18.15431,-4.124496,-10.57282,18.15431,
638524908284407050,297394,-14.92863,-11.19071,18.12088,-1.124948,8.534618,18.12088,-4.1169,-10.55334,18.12088,
638524908284517055,297405,-14.90116,-11.17012,18.08753,-1.122878,8.518912,18.08753,-4.109324,-10.53392,18.08753,
638524908284627053,297416,-14.87376,-11.14959,18.05428,-1.120814,8.503251,18.05428,-4.101769,-10.51456,18.05428,
638524908284737056,297427,-14.84623,-11.12895,18.02086,-1.118739,8.487513,18.02086,-4.094178,-10.4951,18.02086,
638524908284847073,297438,-14.81877,-11.10836,17.98753,-1.11667,8.471811,17.98753,-4.086604,-10.47568,17.98753,
638524908284967054,297449,-14.79139,-11.08784,17.95429,-1.114606,8.456159,17.95429,-4.079054,-10.45633,17.95429,
638524908285077048,297461,-14.76391,-11.06724,17.92094,-1.112536,8.440448,17.92094,-4.071476,-10.4369,17.92094,
638524908285187062,297472,-14.73662,-11.04678,17.88781,-1.110479,8.424844,17.88781,-4.063949,-10.41761,17.88781,
638524908285297043,297483,-14.70895,-11.02604,17.85422,-1.108394,8.409027,17.85422,-4.056319,-10.39805,17.85422,
638524908285407055,297494,-14.68171,-11.00562,17.82116,-1.106342,8.393456,17.82116,-4.048808,-10.3788,17.82116,
638524908285517063,297505,-14.65413,-10.98495,17.78768,-1.104263,8.377688,17.78768,-4.041201,-10.3593,17.78768,
638524908285627053,297516,-14.62696,-10.96458,17.7547,-1.102216,8.362155,17.7547,-4.033708,-10.34009,17.7547,
638524908285737055,297527,-14.59934,-10.94387,17.72117,-1.100134,8.346363,17.72117,-4.02609,-10.32056,17.72117,
638524908285847064,297538,-14.5716,-10.92308,17.6875,-1.098044,8.330505,17.6875,-4.018441,-10.30095,17.6875,
638524908285967050,297549,-14.54423,-10.90257,17.65429,-1.095982,8.314862,17.65429,-4.010895,-10.28161,17.65429,
638524908286077061,297560,-14.51662,-10.88186,17.62076,-1.093901,8.299074,17.62076,-4.003279,-10.26209,17.62076,
638524908286187056,297571,-14.48961,-10.86162,17.58798,-1.091866,8.283632,17.58798,-3.995831,-10.24299,17.58798,
638524908286297058,297583,-14.4621,-10.84099,17.55459,-1.089793,8.267905,17.55459,-3.988244,-10.22355,17.55459,
638524908286407058,297594,-14.4347,-10.82046,17.52133,-1.087728,8.252244,17.52133,-3.98069,-10.20418,17.52133,
638524908286517056,297605,-14.40722,-10.79986,17.48797,-1.085657,8.236531,17.48797,-3.97311,-10.18475,17.48797,
638524908286627048,297616,-14.38008,-10.77951,17.45503,-1.083612,8.221016,17.45503,-3.965626,-10.16557,17.45503,
638524908286747054,297627,-14.3522,-10.75861,17.42119,-1.081511,8.205077,17.42119,-3.957937,-10.14586,17.42119,
638524908286847045,297638,-14.324,-10.73747,17.38696,-1.079386,8.188954,17.38696,-3.95016,-10.12592,17.38696,
638524908286957046,297649,-14.29735,-10.7175,17.35462,-1.077378,8.173722,17.35462,-3.942813,-10.10709,17.35462,
638524908287077056,297661,-14.27011,-10.69708,17.32155,-1.075325,8.158147,17.32155,-3.9353,-10.08783,17.32155,
638524908287187059,297671,-14.24215,-10.67612,17.28761,-1.073219,8.142163,17.28761,-3.92759,-10.06806,17.28761,
638524908287297061,297683,-14.21523,-10.65594,17.25492,-1.071189,8.126769,17.25492,-3.920164,-10.04903,17.25492,
638524908287407059,297694,-14.1876,-10.63523,17.2214,-1.069108,8.110979,17.2214,-3.912547,-10.0295,17.2214,
638524908287517051,297705,-14.15962,-10.61425,17.18742,-1.066999,8.094977,17.18742,-3.904828,-10.00971,17.18742,
638524908287627048,297716,-14.13255,-10.59396,17.15458,-1.06496,8.079507,17.15458,-3.897365,-9.990583,17.15458,
638524908287737054,297727,-14.10542,-10.57362,17.12164,-1.062915,8.063994,17.12164,-3.889882,-9.971401,17.12164,
638524908287847063,297738,-14.0776,-10.55277,17.08787,-1.060819,8.048089,17.08787,-3.88221,-9.951734,17.08787,
638524908287957048,297749,-14.04993,-10.53202,17.05428,-1.058733,8.032269,17.05428,-3.874579,-9.932172,17.05428,
638524908288077047,297760,-14.02289,-10.51176,17.02147,-1.056696,8.016815,17.02147,-3.867124,-9.913063,17.02147,
638524908288187058,297772,-13.9953,-10.49108,16.98797,-1.054617,8.00104,16.98797,-3.859514,-9.893557,16.98797,
638524908288297055,297783,-13.96778,-10.47045,16.95457,-1.052544,7.985309,16.95457,-3.851926,-9.874104,16.95457,
638524908288407063,297794,-13.9404,-10.44992,16.92134,-1.05048,7.969655,16.92134,-3.844375,-9.854748,16.92134,
638524908288517058,297805,-13.91294,-10.42934,16.888,-1.048411,7.953956,16.888,-3.836802,-9.835336,16.888,
638524908288627050,297816,-13.88596,-10.40911,16.85525,-1.046378,7.938529,16.85525,-3.829361,-9.81626,16.85525,
638524908288737057,297827,-13.85845,-10.38849,16.82186,-1.044305,7.922803,16.82186,-3.821775,-9.796815,16.82186,
638524908288847055,297838,-13.83078,-10.36775,16.78828,-1.04222,7.906987,16.78828,-3.814146,-9.777257,16.78828,
638524908288957066,297849,-13.80328,-10.34713,16.75489,-1.040147,7.89126,16.75489,-3.80656,-9.757811,16.75489,
638524908289067050,297860,-13.77558,-10.32637,16.72127,-1.03806,7.875427,16.72127,-3.798922,-9.738233,16.72127,
638524908289187060,297871,-13.74834,-10.30595,16.68821,-1.036008,7.859856,16.68821,-3.791411,-9.718979,16.68821,
638524908289297055,297882,-13.72075,-10.28527,16.65472,-1.033929,7.844084,16.65472,-3.783803,-9.699476,16.65472,
638524908289407063,297894,-13.69351,-10.26485,16.62166,-1.031876,7.828511,16.62166,-3.776291,-9.68022,16.62166,
638524908289517062,297905,-13.66601,-10.24424,16.58828,-1.029804,7.812788,16.58828,-3.768706,-9.660777,16.58828,
638524908289627047,297916,-13.63871,-10.22377,16.55514,-1.027747,7.797182,16.55514,-3.761178,-9.64148,16.55514,
638524908289737055,297927,-13.61109,-10.20306,16.5216,-1.025665,7.781387,16.5216,-3.753559,-9.621949,16.5216,
638524908289847052,297938,-13.58366,-10.18251,16.48832,-1.023598,7.765708,16.48832,-3.745996,-9.602562,16.48832,
638524908289957059,297949,-13.55603,-10.16179,16.45477,-1.021516,7.749909,16.45477,-3.738375,-9.583026,16.45477,
638524908290067053,297960,-13.52885,-10.14142,16.42178,-1.019468,7.734372,16.42178,-3.730881,-9.563813,16.42178,
638524908290187055,297971,-13.50125,-10.12073,16.38828,-1.017388,7.718591,16.38828,-3.723268,-9.544299,16.38828,
638524908290297055,297982,-13.47383,-10.10017,16.35499,-1.015321,7.702917,16.35499,-16.86232,15.46278,20,
638524908290407048,297994,-13.44652,-10.0797,16.32185,-1.013264,7.687305,16.32185,-16.83437,15.43715,19.96685,
638524908290517061,298005,-13.41894,-10.05903,16.28837,-1.011185,7.671537,16.28837,-16.80614,15.41127,19.93337,
638524908290627063,298016,-13.39154,-10.03849,16.25511,-1.009121,7.655875,16.25511,-16.77811,15.38556,19.90012,
638524908290737050,298027,-13.36423,-10.01802,16.22196,-1.007063,7.64026,16.22196,-16.75015,15.35993,19.86697,
638524908290847062,298038,-13.33648,-9.997214,16.18828,-1.004972,7.624395,16.18828,-16.72175,15.33388,19.83328,
638524908290957076,298049,-13.30927,-9.976817,16.15525,-1.002921,7.60884,16.15525,-16.69391,15.30835,19.80025,
638524908291077053,298061,-13.28184,-9.956252,16.12195,-1.000854,7.593156,16.12195,-16.66583,15.2826,19.76695,
638524908291187066,298071,-13.2531,-9.934707,16.08706,-0.9986882,7.576725,16.08706,-16.63642,15.25563,19.73207,
638524908291297067,298083,-13.22663,-9.914867,16.05493,-0.9966939,7.561594,16.05493,-16.60933,15.23079,19.69994,
638524908291407061,298094,-13.19885,-9.894041,16.02121,-0.9946003,7.545711,16.02121,-16.5809,15.20472,19.66622,
638524908291517048,298105,-13.17163,-9.87364,15.98817,-0.9925495,7.530152,15.98817,-16.55305,15.17918,19.63318,
638524908291627053,298116,-13.14444,-9.853255,15.95517,-0.9905003,7.514606,15.95517,-16.52522,15.15366,19.60017,
638524908291737048,298127,-13.11721,-9.832845,15.92212,-0.9884486,7.499039,15.92212,-16.49735,15.12811,19.56712,
638524908291847065,298138,-13.0896,-9.812148,15.8886,-0.9863681,7.483255,15.8886,-16.4691,15.10219,19.53361,
638524908291957053,298149,-13.06222,-9.791623,15.85537,-0.9843048,7.467601,15.85537,-16.44107,15.0765,19.50037,
638524908292067049,298160,-13.03478,-9.771052,15.82205,-0.9822369,7.451912,15.82205,-16.41299,15.05075,19.46706,
638524908292177060,298171,-13.00719,-9.75037,15.78856,-0.9801577,7.436139,15.78856,-16.38475,15.02485,19.43357,
638524908292297053,298182,-12.97976,-9.729811,15.75527,-0.978091,7.420459,15.75527,-16.35668,14.99911,19.40028,
638524908292407055,298193,-12.95228,-9.709214,15.72192,-0.9760205,7.40475,15.72192,-16.32856,14.97333,19.36693,
638524908292517063,298205,-12.92483,-9.688639,15.6886,-0.9739521,7.389058,15.6886,-16.30047,14.94757,19.33361,
638524908292627054,298216,-12.89756,-9.668193,15.6555,-0.9718968,7.373465,15.6555,-16.27256,14.92197,19.3005,
638524908292737045,298227,-12.86986,-9.647429,15.62187,-0.9698095,7.357629,15.62187,-16.24421,14.89598,19.26688,
638524908292847058,298238,-12.84254,-9.626946,15.58871,-0.9677505,7.342009,15.58871,-16.21625,14.87033,19.23371,
638524908292957061,298249,-12.81533,-9.606549,15.55568,-0.9657001,7.326453,15.55568,-16.1884,14.8448,19.20069,
638524908293067065,298260,-12.78746,-9.58566,15.52185,-0.9636003,7.310522,15.52185,-16.15988,14.81865,19.16686,
638524908293177063,298271,-12.76013,-9.565169,15.48867,-0.9615405,7.294895,15.48867,-16.13191,14.79299,19.13368,
638524908293297052,298282,-12.7329,-9.54476,15.45563,-0.9594889,7.279329,15.45563,-16.10404,14.76744,19.10063,
638524908293407058,298293,-12.70524,-9.524025,15.42205,-0.9574045,7.263516,15.42205,-16.07574,14.74149,19.06706,
638524908293517060,298304,-12.67787,-9.503506,15.38882,-0.9553418,7.247867,15.38882,-16.04772,14.7158,19.03383,
638524908293627063,298316,-12.65062,-9.483085,15.35576,-0.953289,7.232292,15.35576,-16.01984,14.69023,19.00076,
638524908293737064,298327,-12.62306,-9.462421,15.3223,-0.9512118,7.216534,15.3223,-15.99163,14.66436,18.9673,
638524908293847058,298338,-12.5954,-9.441689,15.28873,-0.9491277,7.200723,15.28873,-15.96333,14.63841,18.93373,
638524908293957052,298349,-12.56815,-9.421265,15.25565,-0.9470745,7.185145,15.25565,-15.93544,14.61284,18.90066,
638524908294067053,298360,-12.54057,-9.40059,15.22217,-0.9449961,7.169378,15.22217,-15.90722,14.58695,18.86718,
638524908294177052,298371,-12.51287,-9.379826,15.18855,-0.9429088,7.153542,15.18855,-15.87887,14.56096,18.83356,
638524908294287054,298382,-12.48585,-9.359571,15.15575,-0.9408726,7.138094,15.15575,-15.85122,14.5356,18.80076,
638524908294407047,298394,-12.45823,-9.338864,15.12222,-0.9387912,7.122303,15.12222,-15.82295,14.50968,18.76723,
638524908294517061,298405,-12.43042,-9.318016,15.08846,-0.9366953,7.106402,15.08846,-15.79449,14.48358,18.73347,
638524908294627062,298416,-12.40323,-9.297635,15.05546,-0.9346466,7.090859,15.05546,-15.76666,14.45806,18.70047,
638524908294737062,298427,-12.37595,-9.277191,15.02236,-0.9325914,7.075267,15.02236,-15.73875,14.43247,18.66737,
638524908294847064,298438,-12.34847,-9.256586,14.98899,-0.9305201,7.059553,14.98899,-15.71062,14.40667,18.634,
638524908294957065,298449,-12.32116,-9.236116,14.95584,-0.9284623,7.043941,14.95584,-15.68267,14.38104,18.60086,
638524908295067055,298460,-12.29385,-9.215646,14.92269,-0.9264045,7.028329,14.92269,-15.65472,14.35542,18.56771,
638524908295187054,298471,-12.26598,-9.194751,14.88886,-0.924304,7.012394,14.88886,-15.6262,14.32926,18.53387,
638524908295287051,298482,-12.23804,-9.173809,14.85495,-0.9221988,6.996423,14.85495,-15.59761,14.30304,18.49996,
638524908295407062,298493,-12.2114,-9.153835,14.82261,-0.9201909,6.98119,14.82261,-15.57034,14.27803,18.46762,
638524908295517065,298504,-12.18368,-9.133061,14.78897,-0.9181026,6.965346,14.78897,-15.54198,14.25203,18.43398,
638524908295627056,298515,-12.15628,-9.112522,14.75571,-0.9160379,6.949682,14.75571,-15.51394,14.22631,18.40072,
638524908295737051,298527,-12.12904,-9.092102,14.72264,-0.9139852,6.934109,14.72264,-15.48606,14.20075,18.36766,
638524908295847058,298538,-12.10131,-9.071316,14.68898,-0.9118956,6.918256,14.68898,-15.45768,14.17472,18.334,
638524908295957052,298549,-17.25454,21.24881,20,-0.9098362,6.902631,14.65581,-15.42971,14.14908,18.30082,
638524908296067053,298560,-17.2258,21.21342,19.96668,-0.9077678,6.88694,14.62249,-15.40162,14.12332,18.26751,
638524908296177073,298571,-17.19687,21.1778,19.93316,-0.9056866,6.87115,14.58897,-15.37335,14.0974,18.23398,
638524908296287049,298582,-17.16816,21.14244,19.89987,-0.9036204,6.855474,14.55569,-15.34529,14.07167,18.2007,
638524908296407062,298593,-17.13961,21.10728,19.86678,-0.9015658,6.839887,14.52259,-15.31739,14.04608,18.1676,
638524908296517055,298604,-17.11055,21.07149,19.83309,-0.8994747,6.824022,14.48891,-15.28899,14.02004,18.13392,
638524908296627048,298616,-17.08228,21.03668,19.80033,-0.897441,6.808594,14.45615,-15.26137,13.99471,18.10116,
638524908296737050,298627,-17.05315,21.0008,19.76656,-0.8953444,6.792688,14.42238,-15.2329,13.9686,18.06739,
638524908296847072,298638,-17.0245,20.96552,19.73335,-0.8932827,6.777046,14.38916,-15.2049,13.94292,18.03417,
638524908296957060,298649,-16.99596,20.93038,19.70028,-0.8912296,6.76147,14.35609,-15.17701,13.91735,18.0011,
638524908297067048,298660,-16.96719,20.89495,19.66693,-0.8891593,6.745763,14.32274,-15.1489,13.89157,17.96775,
638524908297177057,298671,-16.93834,20.85942,19.63349,-0.8870832,6.730013,14.2893,-15.1207,13.86571,17.93431,
638524908297287056,298682,-16.90963,20.82406,19.60021,-0.8850173,6.71434,14.25603,-15.09264,13.83999,17.90104,
638524908297397051,298693,-16.88068,20.78841,19.56665,-0.8829339,6.698534,14.22247,-15.06435,13.81404,17.86748,
638524908297517060,298705,-16.852,20.75308,19.5334,-0.8808698,6.682874,14.18922,-15.03631,13.78833,17.83423,
638524908297627052,298716,-16.82289,20.71724,19.49967,-0.8787756,6.666986,14.15548,-15.00787,13.76225,17.80049,
638524908297737053,298727,-16.79419,20.68189,19.4664,-0.8767101,6.651316,14.12221,-14.97982,13.73653,17.76722,
638524908297847051,298738,-16.76591,20.64706,19.43361,-0.8746749,6.635875,14.08943,-14.95218,13.71118,17.73444,
638524908297957050,298749,-16.73661,20.61099,19.39966,-0.8725671,6.619884,14.05548,-14.92356,13.68493,17.70049,
638524908298067060,298760,-16.70833,20.57616,19.36688,-0.8705321,6.604445,14.0227,-14.89592,13.65959,17.66771,
638524908298177070,298771,-16.67937,20.54049,19.33331,-0.8684477,6.588632,13.98912,-14.86761,13.63363,17.63413,
638524908298287056,298782,-16.6508,20.50532,19.3002,-0.8663925,6.57304,13.95602,-14.8397,13.60804,17.60103,
638524908298397056,298793,-16.62194,20.46978,19.26675,-0.8643156,6.557283,13.92256,-14.81149,13.58217,17.56757,
638524908298517061,298805,-16.59335,20.43456,19.2336,-0.8622581,6.541673,13.88942,-14.78355,13.55655,17.53443,
638524908298627057,298815,-16.56403,20.39846,19.19962,-0.8601485,6.525669,13.85544,-14.7549,13.53028,17.50045,
638524908298737052,298827,-16.53572,20.3636,19.16681,-0.8581114,6.510213,13.82262,-14.72723,13.5049,17.46763,
638524908298847053,298838,-16.50701,20.32823,19.13352,-0.8560451,6.494537,13.78934,-14.69917,13.47917,17.43435,
638524908298957064,298849,-16.47845,20.29307,19.10042,-0.8539904,6.478949,13.75624,-14.67126,13.45358,17.40125,
638524908299067051,298860,-16.44958,20.25751,19.06696,-0.8519128,6.463187,13.72277,-14.64305,13.42771,17.36778,
638524908299177050,298871,-16.42083,20.2221,19.03363,-0.8498436,6.447489,13.68944,-14.61495,13.40194,17.33445,
638524908299287049,298882,-16.39209,20.18672,19.00032,-0.847776,6.431802,13.65614,-14.58687,13.37619,17.30114,
638524908299397056,298893,-16.36342,20.1514,18.96708,-0.8457127,6.416148,13.6229,-14.55884,13.35049,17.26791,
638524908299507064,298904,-16.3347,20.11603,18.93379,-0.8436459,6.400468,13.58961,-14.53077,13.32475,17.23462,
638524908299627056,298915,-16.30613,20.08085,18.90068,-0.8415903,6.384873,13.5565,-14.50286,13.29915,17.2015,
638524908299737052,298926,-16.27709,20.04509,18.86702,-0.8395005,6.369019,13.52283,-14.47447,13.27313,17.16784,
638524908299847059,298937,-16.24838,20.00974,18.83374,-0.8374349,6.353348,13.48956,-14.44642,13.2474,17.13457,
638524908299957050,298949,-16.22,19.97479,18.80085,-0.8353928,6.337855,13.45667,-14.41869,13.22197,17.10167,
638524908300067041,298960,-16.19103,19.93911,18.76727,-0.8333081,6.322039,13.42308,-14.39038,13.19601,17.06809,
638524908300177049,298971,-16.16222,19.90363,18.73388,-0.8312351,6.306312,13.38969,-14.36222,13.17019,17.0347,
638524908300287051,298982,-16.13378,19.86861,18.70091,-0.8291884,6.290784,13.35672,-14.33443,13.1447,17.00173,
638524908300397053,298993,-16.10502,19.83319,18.66758,-0.8271191,6.275085,13.32339,-14.30632,13.11893,16.9684,
638524908300507047,299004,-16.07592,19.79736,18.63385,-0.8250253,6.2592,13.28966,-14.27789,13.09285,16.93467,
638524908300627054,299015,-16.04726,19.76206,18.60063,-0.8229628,6.243552,13.25644,-14.24988,13.06717,16.90145,
638524908300737055,299027,-16.01846,19.72659,18.56724,-0.8208899,6.227826,13.22305,-14.22172,13.04135,16.86806,
638524908300847058,299037,-15.98944,19.69086,18.53361,-0.8188022,6.211988,13.18942,-14.19337,13.01535,16.83443,
638524908300957058,299049,-15.96129,19.65619,18.50097,-0.8167763,6.196618,13.15679,-14.16586,12.99012,16.8018,
638524908301067051,299060,-15.93248,19.62071,18.46758,-0.8147032,6.18089,13.12339,-14.1377,12.9643,16.7684,
638524908301177059,299071,-15.90324,19.5847,18.43369,-0.8125994,6.164929,13.0895,-14.10913,12.9381,16.73451,
638524908301287054,299082,-15.87482,19.5497,18.40074,-0.810554,6.149411,13.05656,-14.08135,12.91263,16.70156,
638524908301397054,299093,-15.84606,19.51429,18.36741,-0.8084849,6.133714,13.02323,-14.05325,12.88686,16.66824,
638524908301507048,299104,-15.81726,19.47882,18.33402,-0.8064122,6.117989,12.98984,-14.0251,12.86105,16.63485,
638524908301617053,299115,-15.78871,19.44366,18.30093,-0.8043579,6.102404,12.95675,-13.9972,12.83547,16.60176,
638524908301737051,299127,-15.75976,19.408,18.26737,-0.8022745,6.086597,12.92319,-13.96891,12.80952,16.5682,
638524908301847061,299137,-15.73062,19.37212,18.2336,-0.8001777,6.07069,12.88941,-13.94043,12.78341,16.53442,
638524908301957057,299149,-15.70233,19.33728,18.20081,-0.798142,6.055245,12.85662,-13.91278,12.75805,16.50163,
638524908302067051,299160,-15.67374,19.30208,18.16767,-0.7960851,6.039641,12.82349,-13.88485,12.73244,16.4685,
638524908302177054,299171,-15.64486,19.26651,18.13419,-0.7940067,6.023873,12.79001,-13.85662,12.70655,16.43502,
638524908302287054,299182,-15.61538,19.2302,18.10002,-0.7918853,6.007778,12.75584,-13.82781,12.68013,16.40084,
638524908302397060,299193,-15.58739,19.19573,18.06758,-0.789871,5.992496,12.72339,-13.80045,12.65505,16.3684,
638524908302507051,299204,-15.55847,19.16012,18.03406,-0.7877902,5.97671,12.68987,-13.77219,12.62913,16.33488,
638524908302617056,299215,-15.53009,19.12517,18.00116,-0.785748,5.961216,12.65698,-13.74446,12.6037,16.30198,
638524908302737065,299227,-15.5011,19.08947,17.96756,-0.783662,5.945391,12.62337,-13.71613,12.57772,16.26838,
638524908302847067,299237,-15.47178,19.05336,17.93357,-0.781552,5.929383,12.58939,-13.68747,12.55144,16.23439,
638524908302957055,299249,-15.4438,19.0189,17.90114,-0.7795386,5.914108,12.55695,-13.66013,12.52637,16.20196,
638524908303067055,299260,-15.41487,18.98328,17.86761,-0.7774571,5.898315,12.52342,-13.63186,12.50045,16.16843,
638524908303177059,299271,-15.38597,18.94769,17.83411,-0.7753776,5.882539,12.48993,-13.60362,12.47455,16.13493,
638524908303287048,299282,-15.35755,18.91269,17.80116,-0.7733322,5.867021,12.45698,-13.57584,12.44907,16.10199,
638524908303397057,299293,-15.3288,18.87729,17.76785,-0.7712639,5.85133,12.42366,-13.54775,12.42332,16.06867,
638524908303507055,299304,-15.29964,18.84138,17.73404,-0.7691653,5.835408,12.38986,-13.51925,12.39718,16.03487,
638524908303617064,299315,-15.2714,18.80659,17.70131,-0.7671329,5.819989,12.35712,-13.49165,12.37187,16.00213,
638524908303737050,299326,-15.24242,18.77091,17.66772,-0.7650478,5.80417,12.32353,-13.46333,12.3459,15.96854,
638524908303847071,299337,-15.21351,18.73531,17.63421,-0.7629678,5.788389,12.29003,-13.43508,12.32,15.93504,
638524908303957057,299349,-15.18503,18.70024,17.6012,-0.7609184,5.772841,12.25702,-13.40725,12.29447,15.90202,
638524908304067050,299360,-15.1563,18.66485,17.56789,-0.7588506,5.757154,12.22371,-13.37916,12.26872,15.86872,
638524908304177049,299371,-15.12748,18.62936,17.53449,-0.756777,5.741422,12.19031,-13.351,12.2429,15.83531,
638524908304287057,299382,-15.09864,18.59385,17.50106,-0.7547017,5.725677,12.15688,-13.32282,12.21705,15.80189,
638524908304397048,299393,-15.06986,18.5584,17.4677,-0.7526304,5.709963,12.12351,-13.29469,12.19126,15.76852,
638524908304507053,299404,-15.04112,18.52301,17.43439,-0.7505627,5.694276,12.09021,-13.26661,12.16551,15.73521,
638524908304617054,299415,-15.01281,18.48815,17.40157,-0.7485254,5.67882,12.05739,-13.23894,12.14014,15.7024,
638524908304737049,299426,-14.98378,18.45239,17.36792,-0.7464364,5.662971,12.02374,-13.21057,12.11412,15.66875,
638524908304847068,299437,-14.95456,18.4164,17.33405,-0.7443335,5.647017,11.98986,-13.18201,12.08793,15.63487,
638524908304957060,299448,-14.92615,18.38143,17.30113,-0.7422898,5.631512,11.95694,-13.15425,12.06248,15.60195,
638524908305067050,299459,-14.89771,18.3464,17.26816,-0.7402433,5.615986,11.92398,-13.12646,12.03699,15.56899,
638524908305177062,299471,-14.86892,18.31095,17.23479,-0.7381715,5.600268,11.89061,-13.09832,12.01119,15.53561,
638524908305287046,299482,-14.84004,18.27538,17.20132,-0.7360936,5.584503,11.85713,-13.0701,11.98531,15.50214,
638524908305397050,299493,-14.81129,18.23997,17.16798,27.75135,-15.8214,20,-13.04199,11.95954,15.46881,
638524908305507051,299504,-14.78243,18.20444,17.13454,27.70495,-15.79494,19.96656,-13.0138,11.93368,15.43536,
638524908305617062,299515,-14.754,18.16942,17.10158,27.65921,-15.76887,19.9336,-12.98601,11.9082,15.4024,
638524908305727060,299526,-14.72518,18.13394,17.06818,27.61287,-15.74245,19.9002,-12.95785,11.88238,15.36901,
638524908305847067,299538,-14.69622,18.09827,17.03461,27.56629,-15.71589,19.86663,-12.92955,11.85643,15.33544,
638524908305957053,299548,-14.66709,18.06239,17.00084,27.51943,-15.68917,19.83286,-12.90107,11.83031,15.30166,
638524908306067062,299560,-14.63875,18.02749,16.96799,27.47385,-15.66319,19.80001,-12.87338,11.80492,15.26881,
638524908306177069,299571,-14.60979,17.99183,16.93443,27.42728,-15.63664,19.76645,-12.84508,11.77897,15.23526,
638524908306287054,299582,-14.58135,17.9568,16.90146,27.38153,-15.61056,19.73348,-12.81728,11.75348,15.20228,
638524908306397051,299593,-14.55273,17.92156,16.86829,27.3355,-15.58432,19.70031,-12.78932,11.72783,15.16911,
638524908306507049,299604,-14.5236,17.88568,16.83452,27.28865,-15.55761,19.66654,-12.76085,11.70173,15.13534,
638524908306617046,299615,-14.49518,17.85069,16.80159,27.24295,-15.53155,19.6336,-12.73308,11.67626,15.10241,
638524908306727052,299626,-14.46649,17.81536,16.76833,27.19681,-15.50525,19.60035,-12.70504,11.65055,15.06915,
638524908306837051,299637,-14.4373,17.77941,16.73449,27.14985,-15.47847,19.56651,-12.67651,11.62439,15.03531,
638524908306957051,299648,-14.4088,17.74431,16.70146,27.10401,-15.45234,19.53347,-12.64866,11.59885,15.00228,
638524908307067054,299659,-14.38015,17.70903,16.66825,27.05794,-15.42607,19.50027,-12.62066,11.57317,14.96907,
638524908307177053,299670,-14.35126,17.67345,16.63476,27.01147,-15.39958,19.46678,-12.59243,11.54729,14.93559,
638524908307287054,299682,-14.32286,17.63847,16.60184,26.96579,-15.37354,19.43386,-12.56467,11.52183,14.90266,
638524908307397055,299693,-14.29391,17.60283,16.56829,26.91924,-15.347,19.40031,-12.53638,11.49589,14.86911,
638524908307507061,299704,-14.2649,17.56711,16.53467,26.87258,-15.3204,19.36668,-12.50803,11.4699,14.83549,
638524908307617057,299715,-14.23645,17.53207,16.50169,26.82682,-15.29431,19.3337,-12.48023,11.4444,14.80251,
638524908307737051,299726,-14.20782,17.49681,16.4685,26.78077,-15.26805,19.30052,-12.45225,11.41874,14.76932,
638524908307837048,299737,-14.17834,17.46051,16.43434,26.73337,-15.24103,19.26635,-12.42344,11.39233,14.73516,
638524908307957062,299749,-14.15012,17.42576,16.40162,26.68798,-15.21515,19.23364,-12.39586,11.36704,14.70244,
638524908308067050,299759,-14.12113,17.39006,16.36802,26.64136,-15.18857,19.20004,-12.36754,11.34106,14.66885,
638524908308177073,299771,-14.09261,17.35493,16.33496,26.59548,-15.16242,19.16698,-12.33966,11.3155,14.63578,
638524908308287055,299782,-14.06388,17.31955,16.30165,26.54926,-15.13607,19.13367,-12.31158,11.28975,14.60248,
638524908308397059,299793,-14.03532,17.28438,16.26856,26.50334,-15.10989,19.10057,-12.28367,11.26416,14.56938,
638524908308507049,299804,-14.00632,17.24866,16.23494,26.45669,-15.08329,19.06695,-12.25533,11.23816,14.53576,
638524908308617059,299815,-13.97764,17.21335,16.2017,26.41058,-15.057,19.03372,-12.22731,11.21247,14.50253,
638524908308727056,299826,-13.94878,17.17781,16.16824,26.36415,-15.03053,19.00026,-12.1991,11.1866,14.46907,
638524908308837054,299837,-13.92025,17.14268,16.13518,26.31827,-15.00437,18.96719,-12.17122,11.16104,14.436,
638524908308947049,299848,-13.89158,17.10737,16.10194,26.27216,-14.97808,18.93396,-12.1432,11.13534,14.40277,
638524908309057068,299859,-13.86275,17.07186,16.06852,26.22578,-14.95164,18.90054,-12.11502,11.1095,14.36934,
638524908309177048,299870,-13.83406,17.03653,16.03527,26.17964,-14.92534,18.86729,-12.08699,11.08379,14.33609,
638524908309287052,299882,-13.80529,17.0011,16.00192,26.13338,-14.89896,18.83394,-12.05887,11.05801,14.30275,
638524908309397048,299893,-13.77654,16.9657,15.9686,26.08714,-14.8726,18.80062,-12.03078,11.03225,14.26942,
638524908309507051,299904,-13.74752,16.92996,15.93496,26.04046,-14.84599,18.76698,-12.00242,11.00624,14.23579,
638524908309617053,299915,-13.71924,16.89513,15.90218,25.99497,-14.82006,18.73419,-11.97477,10.9809,14.203,
638524908309727049,299926,-13.69016,16.85932,15.86847,25.9482,-14.79339,18.70049,-11.94636,10.95484,14.1693,
638524908309837058,299937,-13.66128,16.82376,15.835,25.90176,-14.76692,18.66702,-11.91814,10.92896,14.13583,
638524908309947049,299948,-13.63287,16.78877,15.80207,25.85606,-14.74086,18.63408,-11.89037,10.9035,14.10289,
638524908310057049,299959,-13.60419,16.75345,15.76882,25.80993,-14.71456,18.60084,-11.86234,10.8778,14.06965,
638524908310177060,299970,-13.57514,16.71768,15.73515,25.76321,-14.68793,18.56717,-11.83395,10.85176,14.03598,
638524908310287063,299981,-13.54663,16.68257,15.70211,25.71736,-14.66179,18.53412,-11.80609,10.82621,14.00293,
638524908310397048,299993,-13.51798,16.64728,15.66889,25.67127,-14.63551,18.50091,-11.77809,10.80053,13.96972,
638524908310507063,300004,-13.48885,16.6114,15.63512,25.62442,-14.6088,18.46714,-11.74962,10.77443,13.93595,
638524908310617044,300015,-13.46041,16.57639,15.60216,25.57868,-14.58273,18.43418,-11.72183,10.74895,13.90299,
638524908310727044,300026,-13.4317,16.54102,15.56888,25.5325,-14.5564,18.4009,-11.69377,10.72321,13.86971,
638524908310837063,300037,-13.40278,16.50541,15.53536,25.48598,-14.52988,18.36738,-11.6655,10.6973,13.83618,
638524908310947053,300048,-13.37392,16.46988,15.50191,25.43958,-14.50342,18.33393,-11.63731,10.67144,13.80274,
638524908311067055,300059,-13.34548,16.43485,15.46894,25.39383,-14.47734,18.30096,-11.60951,10.64595,13.76977,
638524908311177059,300070,-13.31627,16.39888,15.43509,25.34686,-14.45056,18.26711,-11.58097,10.61977,13.73592,
638524908311287052,300081,-13.28779,16.3638,15.40208,25.30105,-14.42444,18.23409,-11.55313,10.59425,13.7029,
638524908311397047,300093,-13.25932,16.32875,15.36908,25.25526,-14.39834,18.2011,-11.52531,10.56874,13.66991,
638524908311507047,300104,-13.23027,16.29297,15.3354,25.20853,-14.3717,18.16742,-11.49692,10.5427,13.63623,
638524908311617059,300115,-13.20149,16.25753,15.30205,25.16225,-14.34531,18.13407,-11.4688,10.51691,13.60287,
638524908311727053,300126,-13.17214,16.22138,15.26803,25.11504,-14.3184,18.10004,-11.44011,10.49061,13.56885,
638524908311837049,300137,-13.14415,16.18691,15.23558,25.07003,-14.29273,18.0676,-11.41276,10.46553,13.53641,
638524908311947056,300148,-13.11545,16.15157,15.20232,25.02387,-14.26642,18.03434,-32.46709,-19.40631,20,
638524908312057050,300159,-13.08678,16.11627,15.16909,24.97776,-14.24013,18.00111,-32.41314,-19.37407,19.96677,
638524908312167058,300170,-13.0578,16.08058,15.1355,24.93115,-14.21356,17.96752,-32.35861,-19.34147,19.93318,
638524908312287052,300181,-13.02931,16.04549,15.10247,24.88533,-14.18743,17.9345,-32.305,-19.30943,19.90016,
638524908312397049,300193,-13.00048,16.00999,15.06906,24.83896,-14.161,17.90108,-32.25075,-19.27701,19.86674,
638524908312507049,300203,-12.9709,15.97355,15.03476,24.79137,-14.13387,17.86678,-32.19508,-19.24373,19.83244,
638524908312617058,300215,-12.94318,15.93941,15.00263,24.74679,-14.10845,17.83465,-32.14291,-19.21255,19.80031,
638524908312727055,300226,-12.91424,15.90379,14.96909,24.70026,-14.08192,17.80112,-32.08847,-19.18001,19.76678,
638524908312837048,300237,-12.88533,15.86818,14.93558,24.65376,-14.05541,17.7676,-32.03407,-19.14749,19.73326,
638524908312947048,300248,-12.85693,15.83321,14.90266,24.60808,-14.02937,17.73469,-31.98064,-19.11555,19.70035,
638524908313057049,300259,-12.8282,15.79782,14.86936,24.56187,-14.00303,17.70138,-31.92657,-19.08324,19.66704,
638524908313167049,300270,-12.79932,15.76225,14.83588,24.51542,-13.97654,17.6679,-31.87223,-19.05075,19.63356,
638524908313287056,300281,-12.77066,15.72696,14.80266,24.46933,-13.95026,17.63469,-31.81831,-19.01852,19.60035,
638524908313397058,300293,-12.74172,15.69132,14.76912,24.42278,-13.92373,17.60114,-31.76385,-18.98597,19.5668,
638524908313507050,300304,-12.71292,15.65585,14.73573,24.37645,-13.89732,17.56775,-31.70965,-18.95358,19.53341,
638524908313617059,300315,-12.68424,15.62053,14.70249,24.33033,-13.87102,17.53451,-31.65569,-18.92132,19.50017,
638524908313727051,300326,-12.65426,15.58362,14.66774,24.28211,-13.84353,17.49976,-31.59928,-18.88761,19.46542,
638524908313837060,300337,-12.62652,15.54946,14.63559,24.2375,-13.81809,17.46761,-31.54708,-18.85641,19.43327,
638524908313947057,300348,-12.59792,15.51423,14.60243,24.19149,-13.79187,17.43445,-31.49326,-18.82424,19.40011,
638524908314057065,300359,-12.56921,15.47888,14.56916,24.14533,-13.76555,17.40118,-31.43925,-18.79195,19.36684,
638524908314167068,300370,-12.54051,15.44354,14.53589,24.09917,-13.73923,17.36792,-31.38525,-18.75967,19.33358,
638524908314277050,300381,-12.5118,15.40817,14.50261,24.05298,-13.7129,17.33463,-31.33121,-18.72738,19.30029,
638524908314397064,300392,-12.48313,15.37287,14.46938,24.00687,-13.68661,17.3014,-31.27726,-18.69513,19.26706,
638524908314507062,300403,-12.45422,15.33726,14.43587,23.96037,-13.6601,17.26789,-31.22286,-18.66261,19.23355,
638524908314617050,300415,-12.4257,15.30215,14.40282,23.91451,-13.63396,17.23484,-31.16921,-18.63055,19.2005,
638524908314727051,300426,-12.39678,15.26653,14.36929,23.86799,-13.60743,17.20131,-31.11478,-18.59801,19.16697,
638524908314837053,300437,-12.36782,15.23087,14.33572,23.82141,-13.58088,17.16774,-31.06029,-18.56544,19.1334,
638524908314947050,300448,-12.33907,15.19546,14.3024,23.77517,-13.55452,17.13442,-31.0062,-18.53311,19.10008,
638524908315057075,300459,-12.3104,15.16016,14.26917,23.72907,-13.52823,17.10119,-30.95226,-18.50087,19.06685,
638524908315167055,300470,-12.28183,15.12497,14.23605,23.68311,-13.50203,17.06807,-30.89849,-18.46873,19.03373,
638524908315277061,300481,-12.25327,15.08981,14.20295,23.63719,-13.47585,17.03497,-30.84476,-18.43661,19.00063,
638524908315397052,300492,-12.22433,15.05416,14.1694,23.59063,-13.4493,17.00142,-30.79029,-18.40405,18.96708,
638524908315497060,300503,-12.19558,15.01876,14.13608,23.54439,-13.42295,16.9681,-30.7362,-18.37172,18.93376,
638524908315617050,300514,-12.16721,14.98382,14.10319,23.49876,-13.39693,16.93521,-30.68281,-18.33982,18.90087,
638524908315727066,300526,-12.13828,14.94819,14.06966,23.45224,-13.3704,16.90168,-30.62838,-18.30728,18.86734,
638524908315837055,300537,-12.10902,14.91216,14.03574,23.40517,-13.34357,16.86776,-30.57332,-18.27437,18.83342,
638524908315947052,300548,-12.08076,14.87736,14.00299,23.35973,-13.31767,16.83501,-30.52016,-18.24259,18.80067,
638524908316057065,300559,-12.0519,14.84181,13.96953,23.3133,-13.2912,16.80155,-30.46584,-18.21013,18.76721,
638524908316167053,300570,-12.02279,14.80597,13.93579,23.26649,-13.26451,16.76781,-30.41107,-18.17739,18.73347,
638524908316277052,300581,-11.99445,14.77106,13.90294,23.2209,-13.23852,16.73496,-30.35774,-18.14551,18.70062,
638524908316397055,300592,-11.96549,14.7354,13.86938,23.17433,-13.21197,16.7014,-30.30325,-18.11294,18.66706,
638524908316507054,300603,-11.93688,14.70017,13.83621,23.12831,-13.18573,16.66823,-30.24941,-18.08076,18.63389,
638524908316617053,300615,-11.90831,14.66499,13.8031,23.08237,-13.15954,16.63512,-30.19566,-18.04864,18.60078,
638524908316727056,300626,-11.87956,14.62957,13.76977,23.03612,-13.13317,16.60179,-30.14155,-18.01629,18.56745,
638524908316837043,300637,-11.85035,14.59361,13.73592,22.98914,-13.10639,16.56793,-30.0866,-17.98345,18.53359,
638524908316947060,300648,-11.8218,14.55845,13.70282,22.94322,-13.08021,16.53484,-30.03287,-17.95133,18.5005,
638524908317057056,300659,-11.79324,14.52328,13.66972,22.89729,-13.05403,16.50174,-29.97914,-17.91922,18.4674,
638524908317167054,300670,-11.76435,14.4877,13.63623,22.85083,-13.02753,16.46825,-29.92478,-17.88672,18.43391,
638524908317287059,300682,-11.73572,14.45244,13.60305,22.80478,-13.00128,16.43507,-29.87091,-17.85452,18.40073,
638524908317387051,300692,-11.70613,14.416,13.56875,22.75719,-12.97415,16.40076,-29.81522,-17.82124,18.36642,
638524908317507050,300703,-11.67818,14.38158,13.53635,22.71224,-12.94852,16.36837,-29.76264,-17.78981,18.33403,
638524908317617050,300714,-11.64934,14.34606,13.50292,22.66585,-12.92208,16.33494,-29.70836,-17.75737,18.3006,
638524908317727051,300726,-11.62076,14.31087,13.46979,22.61988,-12.89587,16.30181,-29.65459,-17.72522,18.26747,
638524908317837041,300737,-11.59191,14.27534,13.43635,22.57348,-12.86941,16.26837,-29.6003,-17.69277,18.23403,
638524908317947048,300748,-11.56308,14.23984,13.40294,22.52712,-12.84299,16.23496,-29.54606,-17.66036,18.20062,
638524908318057051,300759,-11.53402,14.20404,13.36925,22.48037,-12.81633,16.20127,-29.49137,-17.62766,18.16693,
638524908318167251,300770,-11.50571,14.16919,13.33644,22.43484,-12.79038,16.16846,-29.43811,-17.59583,18.13412,
638524908318287050,300782,-11.47696,14.13379,13.30312,22.38861,-12.76402,16.13514,-29.38402,-17.5635,18.1008,
638524908318387067,300792,-11.44606,14.09573,13.2673,22.33891,-12.73569,16.09932,-29.32587,-17.52875,18.06498,
638524908318497049,300803,-11.41933,14.06281,13.23631,22.29591,-12.71117,16.06833,-29.27557,-17.49868,18.03399,
638524908318617056,300814,-11.39092,14.02782,13.20338,22.25021,-12.68512,16.0354,-29.22211,-17.46672,18.00106,
638524908318727060,300826,-11.36224,13.9925,13.17013,22.20408,-12.65882,16.00215,-29.16814,-17.43447,17.96781,
638524908318837053,300837,20.46299,2.832928,20,22.1567,-12.63181,15.96801,-29.11271,-17.40133,17.93367,
638524908318947052,300848,20.4299,2.828347,19.96766,22.11183,-12.60623,15.93567,-29.06021,-17.36995,17.90133,
638524908319057064,300859,20.39578,2.823624,19.93432,22.06557,-12.57985,15.90232,-29.00608,-17.3376,17.86798,
638524908319167051,300870,20.36152,2.818881,19.90083,22.0191,-12.55336,15.86884,-28.95172,-17.30511,17.8345,
638524908319277057,300881,20.32761,2.814187,19.86769,21.97311,-12.52714,15.8357,-28.89792,-17.27295,17.80136,
638524908319397052,300892,20.29349,2.809462,19.83434,21.92683,-12.50076,15.80234,-28.84377,-17.24059,17.768,
638524908319497052,300903,20.2585,2.804619,19.80015,21.87939,-12.47371,15.76815,-28.78827,-17.20741,17.73381,
638524908319607048,300914,20.22535,2.800029,19.76774,21.83443,-12.44808,15.73575,-28.73567,-17.17597,17.70141,
638524908319727058,300925,20.19108,2.795284,19.73424,21.78794,-12.42157,15.70225,-28.68128,-17.14346,17.66791,
638524908319837060,300937,20.15692,2.790555,19.70086,21.74162,-12.39517,15.66886,-28.62709,-17.11107,17.63453,
638524908319947056,300948,20.12279,2.78583,19.6675,21.69534,-12.36878,15.6355,-28.57294,-17.0787,17.60117,
638524908320057049,300959,20.089,2.781152,19.63448,21.64951,-12.34265,15.60248,-28.51933,-17.04666,17.56814,
638524908320167057,300970,20.05441,2.776364,19.60068,21.60261,-12.31591,15.56868,-28.46446,-17.01386,17.53434,
638524908320277059,300981,20.02058,2.771681,19.56761,21.55673,-12.28976,15.53561,-28.41078,-16.98178,17.50128,
638524908320387046,300992,19.9866,2.766976,19.5344,21.51064,-12.26348,15.5024,-28.35686,-16.94955,17.46806,
638524908320497061,301003,19.95239,2.76224,19.50096,21.46425,-12.23703,15.46896,-28.30258,-16.9171,17.43463,
638524908320607052,301014,19.91836,2.757529,19.4677,21.4181,-12.21072,15.4357,-28.24859,-16.88483,17.40137,
638524908320727051,301025,19.88452,2.752844,19.43462,21.3722,-12.18455,15.40263,-28.1949,-16.85274,17.36829,
638524908320837052,301036,19.85009,2.748077,19.40097,21.3255,-12.15793,15.36897,-28.14026,-16.82008,17.33463,
638524908320947058,301048,19.81639,2.743412,19.36804,21.27981,-12.13188,15.33604,-28.08681,-16.78813,17.3017,
638524908321057058,301059,19.78175,2.738616,19.33418,21.23283,-12.10509,15.30218,-28.03184,-16.75528,17.26785,
638524908321167049,301070,19.74756,2.733883,19.30076,21.18646,-12.07866,15.26877,-27.9776,-16.72285,17.23443,
638524908321277064,301081,19.71392,2.729226,19.26788,21.14084,-12.05265,15.23588,-27.92422,-16.69095,17.20155,
638524908321387055,301092,19.67946,2.724455,19.2342,21.0941,-12.02601,15.2022,-27.86955,-16.65827,17.16787,
638524908321497052,301103,19.6455,2.719754,19.20102,21.04805,-11.99975,15.16902,-27.81567,-16.62606,17.13468,
638524908321617055,301114,19.61157,2.715056,19.16785,21.00203,-11.97351,15.13585,-27.76183,-16.59388,17.10151,
638524908321727058,301125,19.57701,2.710272,19.13407,20.95516,-11.94679,15.10207,-27.707,-16.56111,17.06774,
638524908321837060,301136,19.54325,2.705598,19.10107,20.90938,-11.92069,15.06907,-27.65343,-16.52909,17.03474,
638524908321947052,301148,19.50932,2.700901,19.06791,20.86336,-11.89446,15.03591,-27.5996,-16.49691,17.00158,
638524908322057057,301159,19.47523,2.696182,19.0346,20.81714,-11.8681,15.0026,-27.54552,-16.46459,16.96826,
638524908322167053,301170,19.44088,2.691425,19.00102,20.77054,-11.84154,14.96902,-27.491,-16.432,16.93468,
638524908322277048,301181,19.40669,2.686692,18.96761,20.72418,-11.81511,14.93561,-27.43676,-16.39958,16.90127,
638524908322387063,301192,19.37253,2.681963,18.93422,20.67785,-11.78869,14.90222,-27.38256,-16.36719,16.86788,
638524908322497053,301203,19.33802,2.677186,18.90049,20.63106,-11.76202,14.86849,-27.32781,-16.33446,16.83416,
638524908322607046,301214,19.30456,2.672553,18.86778,20.58567,-11.73614,14.83578,-27.27471,-16.30272,16.80145,
638524908322727060,301226,19.27042,2.667827,18.83442,20.53938,-11.70975,14.80242,-27.22055,-16.27035,16.76809,
638524908322837056,301237,19.2357,2.66302,18.80048,20.49229,-11.6829,14.76848,-27.16546,-16.23742,16.73415,
638524908322947077,301248,19.20217,2.658378,18.76771,20.44681,-11.65697,14.73571,-27.11225,-16.20562,16.70137,
638524908323057055,301259,19.16813,2.653665,18.73444,20.40065,-11.63066,14.70244,-27.05825,-16.17334,16.6681,
638524908323167058,301270,19.1342,2.648968,18.70127,20.35463,-11.60442,14.66928,-27.00441,-16.14116,16.63494,
638524908323277051,301281,19.09981,2.644207,18.66767,20.308,-11.57783,14.63567,-26.94985,-16.10855,16.60133,
638524908323387059,301292,19.06596,2.639521,18.63458,20.26209,-11.55166,14.60258,-26.89615,-16.07645,16.56825,
638524908323497051,301303,19.03112,2.634698,18.60053,20.21485,-11.52473,14.56853,-26.84087,-16.04341,16.5342,
638524908323607051,301314,18.99772,2.630074,18.56789,20.16955,-11.4989,14.53589,-26.78788,-16.01173,16.50155,
638524908323727049,301325,18.96359,2.625349,18.53453,20.12326,-11.47251,14.50253,-26.73373,-15.97937,16.46819,
638524908323837053,301336,18.92939,2.620614,18.5011,20.07688,-11.44607,14.4691,-26.67946,-15.94693,16.43477,
638524908323947055,301348,18.89548,2.615919,18.46796,20.0309,-11.41985,14.43596,-26.62566,-15.91477,16.40162,
638524908324057049,301359,18.86123,2.611177,18.43448,19.98444,-11.39337,14.40249,-26.57132,-15.88229,16.36815,
638524908324167057,301370,18.82694,2.60643,18.40097,19.93794,-11.36686,14.36897,-26.51691,-15.84977,16.33463,
638524908324277043,301381,18.79276,2.601699,18.36757,19.89159,-11.34043,14.33557,-26.46269,-15.81736,16.30123,
638524908324387051,301392,18.75888,2.597008,18.33445,19.84564,-11.31424,14.30246,-26.40894,-15.78523,16.26812,
638524908324497057,301403,18.72482,2.592294,18.30117,19.79946,-11.28791,14.26917,-26.3549,-15.75293,16.23483,
638524908324607050,301414,18.69102,2.587613,18.26812,19.7536,-11.26177,14.23612,-26.30126,-15.72087,16.20179,
638524908324727054,301425,18.65655,2.582841,18.23443,19.70686,-11.23512,14.20244,-26.24657,-15.68818,16.1681,
638524908324837059,301436,18.62258,2.578139,18.20124,19.6608,-11.20886,14.16924,-26.19268,-15.65597,16.1349,
638524908324947056,301448,18.58866,2.573442,18.16808,19.61479,-11.18263,14.13608,-26.13885,-15.62379,16.10175,
638524908325057052,301459,18.55374,2.568608,18.13395,19.56744,-11.15563,14.10196,-26.08345,-15.59068,16.06762,
638524908325167055,301470,18.52035,2.563985,18.10131,19.52215,-11.12981,14.06932,-26.03047,-15.55901,16.03498,
638524908325277054,301481,18.48629,2.55927,18.06803,19.47596,-11.10348,14.03603,-25.97643,-15.52671,16.00169,
638524908325387052,301492,18.45224,2.554557,18.03475,19.42979,-11.07716,14.00276,-25.92242,-15.49442,15.96842,
638524908325497063,301503,18.41759,2.54976,18.00088,19.38279,-11.05036,13.96889,-25.86744,-15.46156,15.93455,
638524908325607057,301514,18.38398,2.545106,17.96803,19.33721,-11.02437,13.93604,-25.81411,-15.42968,15.9017,
638524908325727056,301525,18.34978,2.540372,17.93461,19.29083,-10.99793,13.90261,-25.75985,-15.39725,15.86828,
638524908325827048,301536,18.31513,2.535575,17.90074,19.24384,-10.97114,13.86875,-25.70487,-15.36439,15.83441,
638524908325947052,301548,18.28201,2.530991,17.86838,19.19893,-10.94554,13.83638,-25.65233,-15.33299,15.80204,
638524908326057041,301559,18.24758,2.526223,17.83472,19.15223,-10.91891,13.80272,-25.59769,-15.30033,15.76839,
638524908326167051,301570,18.21361,2.521521,17.80152,19.10617,-10.89266,13.76953,-25.5438,-15.26812,15.73519,
638524908326277053,301581,18.17961,2.516814,17.76829,19.06005,-10.86637,13.7363,-25.48986,-15.23587,15.70196,
638524908326397050,301592,18.14535,2.51207,17.7348,19.01359,-10.83988,13.70281,-25.43549,-15.20338,15.66847,
638524908326497052,301603,18.10969,2.507134,17.69995,18.96523,-10.81231,13.66796,-25.37892,-15.16956,15.63362,
638524908326607050,301614,18.07738,2.502661,17.66838,18.92141,-10.78732,13.63638,-25.32765,-15.13892,15.60204,
638524908326717054,301625,18.04324,2.497935,17.63501,18.87512,-10.76093,13.60301,-25.27349,-15.10655,15.56868,
638524908326827068,301636,18.00886,2.493175,17.60141,18.82849,-10.73435,13.56941,-25.21894,-15.07394,15.53507,
638524908326947049,301647,17.97516,2.48851,17.56847,18.78279,-10.70829,13.53648,-25.16548,-15.04198,15.50214,
638524908327057052,301659,17.94079,2.483751,17.53488,18.73617,-10.68172,13.50288,-25.11094,-15.00938,15.46854,
638524908327167069,301670,17.90679,2.479044,17.50164,18.69006,-10.65543,13.46965,-25.05699,-14.97714,15.43531,
638524908327277052,301681,17.87248,2.474294,17.46811,18.64353,-10.6289,13.43612,-25.00256,-14.9446,15.40178,
638524908327387057,301692,17.83863,2.469609,17.43503,18.59763,-10.60273,13.40303,-24.94885,-14.9125,15.3687,
638524908327497059,301703,17.80383,2.46479,17.40101,18.55042,-10.57582,13.36901,-24.89363,-14.87949,15.33468,
638524908327607052,301714,17.77043,2.460167,17.36838,18.50514,-10.55,13.33638,-24.84065,-14.84783,15.30204,
638524908327727058,301725,17.73648,2.455466,17.33519,18.45909,-10.52375,13.30319,-24.78677,-14.81562,15.26885,
638524908327837057,301736,17.70153,2.450628,17.30103,18.41169,-10.49673,13.26903,-24.73132,-14.78248,15.23469,
638524908327947062,301747,17.66804,2.445992,17.2683,18.36628,-10.47084,13.2363,-24.67819,-14.75072,15.20196,
638524908328057055,301759,17.63411,2.441294,17.23513,18.32026,-10.4446,13.20314,-24.62435,-14.71854,15.1688,
638524908328167054,301770,17.5999,2.436558,17.2017,18.27386,-10.41815,13.1697,-24.57007,-14.68609,15.13536,
638524908328277055,301781,17.56541,2.431783,17.16799,18.22709,-10.39148,13.13599,-24.51535,-14.65339,15.10165,
638524908328387054,301792,17.53096,2.427014,17.13432,18.18037,-10.36485,13.10232,-24.4607,-14.62072,15.06799,
638524908328497049,301803,17.49744,2.422374,17.10156,18.13491,-10.33893,13.06956,-24.40751,-14.58893,15.03522,
638524908328607055,301814,17.4636,2.417688,17.06849,18.08902,-10.31277,13.03649,-24.35382,-14.55684,15.00215,
638524908328717049,301825,17.42931,2.412941,17.03497,18.04251,-10.28625,13.00297,-24.29941,-14.52432,14.96863,
638524908328837066,301836,17.39511,2.408206,17.00154,17.99614,-10.25981,12.96955,-24.24515,-14.49188,14.93521,
638524908328947062,301848,17.36061,2.40343,16.96783,17.94935,-10.23314,12.93583,-24.19041,-14.45917,14.90149,
638524908329057060,301859,17.3267,2.398736,16.93468,17.90336,-10.20692,12.90269,-24.13661,-14.42701,14.86835,
638524908329167044,301870,17.29279,2.394041,16.90154,17.85736,-10.1807,12.86954,-24.0828,-14.39484,14.8352,
638524908329277047,301881,17.25903,2.389367,16.86854,17.81158,-10.1546,12.83654,-24.02924,-14.36283,14.80221,
638524908329387054,301892,17.22495,2.38465,16.83524,17.76537,-10.12825,12.80324,-23.97517,-14.33051,14.7689,
638524908329497051,301903,17.18965,2.379762,16.80073,17.71749,-10.10096,12.76873,-23.91916,-14.29703,14.7344,
638524908329607064,301914,17.15702,2.375245,16.76884,17.67324,-10.07573,12.73684,-23.86739,-14.26609,14.70251,
638524908329717049,301925,17.12271,2.370495,16.7353,17.62671,-10.0492,12.70331,-23.81295,-14.23355,14.66897,
638524908329837060,301936,17.088,2.36569,16.70138,17.57964,-10.02236,12.66938,-23.75788,-14.20063,14.63505,
638524908329947059,301947,17.05368,2.360939,16.66784,17.5331,-9.995832,12.63585,-23.70343,-14.16809,14.60151,
638524908330057051,301958,17.02042,2.356334,16.63533,17.48799,-9.970116,12.60334,-23.65066,-14.13654,14.569,
638524908330167049,301969,16.98625,2.351604,16.60194,17.44165,-9.943696,12.56994,-23.59645,-14.10414,14.5356,
638524908330277044,301981,16.95243,2.346922,16.56889,17.39579,-9.91755,12.53689,-23.54279,-14.07207,14.50255,
638524908330387056,301992,16.91803,2.34216,16.53526,17.34913,-9.89095,12.50326,-23.48821,-14.03944,14.46893,
638524908330497049,302003,16.88391,2.337436,16.50191,17.30287,-9.864572,12.46992,-23.43408,-14.00709,14.43558,
638524908330607051,302014,16.84997,2.332737,16.46874,17.25683,-9.838326,12.43674,-23.38022,-13.97489,14.4024,
638524908330717052,302025,16.81607,2.328043,16.4356,17.21086,-9.812115,12.40361,-23.32643,-13.94274,14.36927,
638524908330827044,302036,16.78165,2.323278,16.40196,17.16418,-9.785501,12.36997,-23.27182,-13.9101,14.33563,
638524908330937052,302047,16.74769,2.318577,16.36877,17.11812,-9.759247,12.33678,-23.21794,-13.8779,14.30244,
638524908331057065,302059,16.71361,2.313858,16.33546,17.0719,-9.732894,12.30346,-23.16386,-13.84557,14.26913,
638524908331167062,302069,16.67859,2.30901,16.30123,17.0244,-9.705817,12.26924,-23.1083,-13.81236,14.2349,
638524908331277058,302081,16.6455,2.30443,16.26889,16.97954,-9.680238,12.2369,-23.05581,-13.78098,14.20256,
638524908331387051,302092,16.6115,2.299722,16.23566,16.93343,-9.653948,12.20367,-23.00186,-13.74874,14.16933,
638524908331497051,302103,16.57716,2.294967,16.20209,16.88685,-9.627392,12.1701,-22.94736,-13.71616,14.13576,
638524908331637073,302117,16.54267,2.290193,16.16838,16.84007,-9.600726,12.13639,-22.89264,-13.68346,14.10205,
638524908331747046,302128,16.49977,2.284254,16.12646,16.7819,-9.567559,12.09446,-22.82458,-13.64277,14.06013,
638524908331937050,302146,16.46572,2.27954,16.09318,16.73572,-9.541234,12.06119,-22.77056,-13.61049,14.02685,
638524908331997050,302152,16.41,2.271826,16.03872,16.66016,-9.498154,12.00673,-22.68215,-13.55764,13.97239,
638524908332047054,302158,16.38985,2.269037,16.01903,16.63283,-9.482574,11.98703,-22.65018,-13.53853,13.9527,
638524908332127055,302166,16.37318,2.266728,16.00273,16.61021,-9.469681,11.97074,-22.62372,-13.52272,13.9364,
638524908332237060,302177,16.34911,2.263396,15.97921,16.57758,-9.451073,11.94721,-22.58554,-13.4999,13.91288,
638524908332347059,302188,16.31482,2.258649,15.94569,16.53107,-9.42456,11.9137,-32.68472,21.06824,20,
638524908332467050,302199,16.28072,2.253928,15.91236,16.48483,-9.398194,11.88037,-32.63026,21.03314,19.96667,
638524908332577051,302210,16.24674,2.249224,15.87916,16.43875,-9.371924,11.84716,-32.57599,20.99816,19.93346,
638524908332687050,302222,16.21265,2.244505,15.84584,16.39252,-9.345569,11.81384,-32.52154,20.96306,19.90015,
638524908332797047,302233,16.17846,2.239771,15.81242,16.34614,-9.319128,11.78042,-32.46692,20.92785,19.86672,
638524908332907046,302244,16.14421,2.235029,15.77894,16.29969,-9.292645,11.74694,-32.41221,20.89259,19.83325,
638524908333017052,302255,16.11048,2.23036,15.74597,16.25395,-9.266569,11.71398,-32.35834,20.85786,19.80028,
638524908333127069,302266,16.07619,2.225614,15.71247,16.20745,-9.240062,11.68047,-32.30358,20.82257,19.76678,
638524908333237056,302277,16.04201,2.220881,15.67906,16.1611,-9.213633,11.64706,-32.24898,20.78737,19.73337,
638524908333347050,302288,16.00761,2.216118,15.64543,16.11444,-9.187031,11.61344,-32.19403,20.75195,19.69974,
638524908333457048,302299,15.97395,2.211459,15.61254,16.0688,-9.16101,11.58054,-32.14027,20.7173,19.66685,
638524908333577050,302310,15.93999,2.206756,15.57934,16.02273,-9.134748,11.54734,-32.08602,20.68233,19.63365,
638524908333687054,302322,15.90566,2.202004,15.54579,15.97618,-9.108206,11.51379,-32.03119,20.64699,19.6001,
638524908333797053,302333,15.87171,2.197304,15.51261,15.93014,-9.081961,11.48061,-31.97697,20.61204,19.56692,
638524908333907050,302344,15.8375,2.192568,15.47917,15.88374,-9.055507,11.44717,-31.92232,20.57681,19.53348,
638524908334017045,302355,15.80353,2.187865,15.44597,15.83767,-9.029243,11.41397,-31.86806,20.54184,19.50028,
638524908334127052,302366,15.76966,2.183176,15.41286,15.79174,-9.003056,11.38087,-31.81396,20.50696,19.46718,
638524908334237048,302377,15.73543,2.178438,15.37941,15.74532,-8.976591,11.34742,-31.75929,20.47172,19.43372,
638524908334347050,302388,15.70119,2.173698,15.34595,15.69889,-8.950121,11.31395,-31.70461,20.43648,19.40026,
638524908334467061,302399,15.66694,2.168956,15.31247,15.65243,-8.923636,11.28047,-31.64989,20.40121,19.36678,
638524908334577072,302410,15.63274,2.164221,15.27905,15.60606,-8.897197,11.24705,-31.59527,20.366,19.33336,
638524908334687058,302422,15.59903,2.159554,15.24609,15.56033,-8.87113,11.2141,-31.54142,20.33129,19.30041,
638524908334797046,302433,15.56493,2.154833,15.21276,15.51409,-8.844763,11.18077,-31.48695,20.29618,19.26708,
638524908334907052,302444,15.53091,2.150124,15.17952,15.46796,-8.818466,11.14753,-31.43263,20.26116,19.23384,
638524908335017060,302455,15.49647,2.145355,15.14586,15.42125,-8.791834,11.11386,-31.37761,20.2257,19.20017,
638524908335127052,302466,15.46213,2.140601,15.11229,15.37468,-8.765284,11.0803,-31.32276,20.19034,19.1666,
638524908335237050,302477,15.42827,2.135914,15.0792,15.32876,-8.739107,11.04721,-31.26868,20.15549,19.13351,
638524908335347058,302488,15.39416,2.131192,15.04587,15.2825,-8.712734,11.01387,-31.2142,20.12037,19.10018,
638524908335457049,302499,15.36055,2.126538,15.01301,15.23691,-8.686743,10.98102,-31.16051,20.08575,19.06732,
638524908335577052,302510,15.32653,2.121829,14.97976,15.19078,-8.660444,10.94777,-31.10618,20.05073,19.03407,
638524908335687057,302522,15.29164,2.116998,14.94566,15.14346,-8.633463,10.91366,-31.05044,20.0148,18.99997,
638524908335797055,302533,15.25694,2.112195,14.91175,15.09641,-8.60664,10.87976,-30.99502,19.97909,18.96606,
638524908335917054,302544,15.22235,2.107405,14.87794,15.04949,-8.57989,10.84594,-30.93976,19.94347,18.93225,
638524908336027054,302556,15.18764,2.102601,14.84402,15.00242,-8.553059,10.81202,-30.88433,19.90774,18.89833,
638524908336137056,302567,15.15259,2.097747,14.80975,14.95488,-8.525952,10.77776,-30.82833,19.87164,18.86406,
638524908336257051,302578,15.11808,2.09297,14.77603,14.90808,-8.499273,10.74403,-30.77322,19.83611,18.83034,
638524908336367057,302590,15.08339,2.088168,14.74212,14.86103,-8.472451,10.71013,-30.71781,19.8004,18.79643,
638524908336477046,302601,15.04887,2.083389,14.70839,14.81423,-8.445765,10.67639,-30.66268,19.76486,18.76269,
638524908336597050,302612,15.01411,2.078577,14.67441,14.76708,-8.418886,10.64241,-30.60715,19.72907,18.72872,
638524908336707056,302624,14.97898,2.073713,14.64007,14.71944,-8.391725,10.60808,-30.55104,19.6929,18.69438,
638524908336817043,302635,14.94482,2.068984,14.60668,14.67311,-8.365311,10.57469,-30.49647,19.65773,18.66099,
638524908336927048,302646,14.91003,2.064168,14.57268,14.62593,-8.338415,10.54069,-30.44091,19.62191,18.62699,
638524908337047046,302657,14.87541,2.059375,14.53885,14.57898,-8.311649,10.50686,-30.38562,19.58627,18.59316,
638524908337157047,302669,14.84044,2.054534,14.50467,14.53156,-8.284612,10.47268,-30.32976,19.55027,18.55898,
638524908337267047,302680,14.80619,2.049792,14.47119,14.48511,-8.258128,10.4392,-30.27505,19.515,18.5255,
638524908337387062,302691,14.77145,2.044983,14.43724,14.438,-8.231271,10.40525,-30.21957,19.47924,18.49155,
638524908337497052,302703,14.73628,2.040113,14.40287,14.3903,-8.204076,10.37087,-30.16339,19.44302,18.45717,
638524908337607066,302714,14.7023,2.035409,14.36965,14.34421,-8.177801,10.33766,-30.10911,19.40804,18.42396,
638524908337717056,302725,14.66811,2.030676,14.33624,14.29784,-8.151366,10.30424,-30.0545,19.37284,18.39054,
638524908337827043,302736,14.63413,2.025971,14.30302,14.25175,-8.125091,10.27103,-30.00021,19.33784,18.35733,
638524908337937054,302747,14.60019,2.021272,14.26985,14.20573,-8.098848,10.23785,-29.946,19.3029,18.32416,
638524908338047058,302758,14.56587,2.016522,14.23631,14.15919,-8.072319,10.20432,-29.8912,19.26757,18.29062,
638524908338157054,302769,14.5312,2.011722,14.20242,14.11217,-8.045511,10.17043,-29.83582,19.23187,18.25673,
638524908338277056,302780,14.49761,2.007072,14.1696,14.06662,-8.019544,10.1376,-29.78217,19.19729,18.22391,
638524908338387057,302792,14.46351,2.002351,14.13626,14.02037,-7.993176,10.10427,-29.7277,19.16218,18.19057,
638524908338497069,302803,14.4286,1.997517,14.10214,13.97302,-7.966183,10.07015,-29.67193,19.12624,18.15645,
638524908338607053,302814,14.39497,1.992862,14.06928,13.92742,-7.940183,10.03728,-29.61822,19.09161,18.12358,
638524908338717054,302825,14.36151,1.988229,14.03657,13.88203,-7.914309,10.00457,-29.56477,19.05716,18.09088,
638524908338827052,302836,14.32726,1.983488,14.0031,13.8356,-7.887833,9.971107,-29.51007,19.0219,18.05741,
638524908338937052,302847,14.2932,1.978773,13.96981,13.7894,-7.861496,9.937815,-29.45567,18.98683,18.02411,
638524908339047059,302858,14.25931,1.97408,13.93668,13.74343,-7.835289,9.904687,-29.40153,18.95193,17.99099,
638524908339157055,302869,14.2249,1.969317,13.90306,13.69678,-7.808689,9.871062,-29.34657,18.91652,17.95736,
638524908339277058,302880,14.19069,1.964581,13.86962,13.65038,-7.782237,9.837624,-29.29193,18.88129,17.92392,
638524908339387055,302892,14.15653,1.959851,13.83623,13.60404,-7.755822,9.804232,-29.23736,18.84612,17.89053,
638524908339497058,302902,14.12179,1.955043,13.80228,13.55694,-7.728968,9.770285,-29.18188,18.81035,17.85658,
638524908339607077,302914,14.08875,1.950469,13.76999,13.51214,-7.703424,9.737994,-29.12911,18.77634,17.82429,
638524908339717053,302925,14.05449,1.945725,13.7365,13.46566,-7.676929,9.704501,-29.07438,18.74106,17.7908,
638524908339827059,302936,14.02051,1.941021,13.70329,13.41958,-7.650658,9.671292,-29.02011,18.70607,17.75759,
638524908339937046,302947,13.98654,1.936318,13.67008,13.37351,-7.624391,9.638088,-28.96584,18.6711,17.72439,
638524908340047051,302958,13.95194,1.931528,13.63627,13.32659,-7.597641,9.604275,-28.91058,18.63548,17.69057,
638524908340157057,302969,13.91822,1.92686,13.60331,13.28086,-7.571571,9.571321,-28.85673,18.60076,17.65762,
638524908340267056,302980,13.88414,1.922142,13.57,13.23464,-7.545221,9.538011,-28.80229,18.56567,17.62431,
638524908340387055,302992,13.84997,1.917412,13.53661,13.1883,-7.518803,9.504614,-28.74771,18.53049,17.59091,
638524908340497054,303002,13.81481,1.912544,13.50224,13.14062,-7.491616,9.470247,-28.69155,18.49429,17.55655,
638524908340607048,303013,13.78188,1.907985,13.47006,13.09596,-7.466156,9.438063,-28.63895,18.46039,17.52436,
638524908340717061,303025,13.74802,1.903297,13.43696,13.05004,-7.439977,9.404969,-28.58487,18.42553,17.49127,
638524908340827048,303036,13.71342,1.898508,13.40315,13.00312,-7.413227,9.371155,-28.52961,18.38991,17.45745,
638524908340937051,303047,13.67956,1.89382,13.37005,12.9572,-7.387047,9.33806,-28.47552,18.35505,17.42436,
638524908341047077,303058,13.64556,1.889112,13.33682,12.91108,-7.360754,9.304823,-28.4212,18.32003,17.39112,
638524908341157069,303069,13.61048,1.884257,13.30254,12.86352,-7.333638,9.270545,-28.36519,18.28392,17.35684,
638524908341267047,303080,13.5772,1.879649,13.27001,12.81838,-7.307903,9.238013,-28.31202,18.24965,17.32431,
638524908341377066,303091,13.54344,1.874975,13.23701,12.7726,-7.281802,9.205019,-28.2581,18.2149,17.29132,
638524908341497060,303102,13.50914,1.870227,13.20349,12.72608,-7.255285,9.171499,-28.20332,18.17959,17.2578,
638524908341607050,303113,13.47523,1.865531,13.17034,12.68009,-7.22906,9.138348,-28.14915,18.14466,17.22464,
638524908341717052,303125,13.44106,1.860801,13.13695,12.63375,-7.202645,9.104957,-28.09458,18.10949,17.19125,
638524908341827048,303136,13.40659,1.856029,13.10326,12.587,-7.175992,9.071264,-28.03951,18.074,17.15756,
638524908341937056,303147,13.37274,1.851343,13.07017,12.5411,-7.14982,9.038179,-27.98545,18.03915,17.12448,
638524908342047070,303158,13.33892,1.846661,13.03712,12.49523,-7.123674,9.005127,-27.93143,18.00433,17.09142,
638524908342157055,303169,13.30414,1.841846,13.00313,12.44806,-7.096781,8.971132,-27.87588,17.96852,17.05743,
638524908342267057,303180,13.27069,1.837215,12.97044,12.4027,-7.070921,8.938442,-27.82245,17.93408,17.02474,
638524908342377058,303191,13.23623,1.832444,12.93675,12.35596,-7.044274,8.904757,-27.76741,17.8986,16.99106,
638524908342487053,303202,13.20222,1.827736,12.90352,12.30985,-7.017982,8.871523,-27.71309,17.86359,16.95782,
638524908342607050,303213,13.16842,1.823057,12.87048,12.26401,-6.991847,8.838485,-27.6591,17.82879,16.92478,
638524908342717064,303225,13.13404,1.818297,12.83688,12.21738,-6.965265,8.804882,-27.60419,17.79339,16.89118,
638524908342827063,303236,13.0997,1.813543,12.80331,12.17081,-6.938713,8.771317,-27.54933,17.75803,16.85762,
638524908342937047,303247,13.06617,1.808901,12.77054,12.12533,-6.912788,8.738545,-27.49578,17.72351,16.82484,
638524908343047060,303258,13.03191,1.804158,12.73706,12.07887,-6.886301,8.705063,-27.44106,17.68824,16.79136,
638524908343157054,303269,12.99773,1.799426,12.70365,12.03252,-6.859872,8.671654,-27.38646,17.65305,16.75795,
638524908343267056,303280,12.96377,1.794724,12.67046,11.98646,-6.833617,8.638465,-27.33222,17.61808,16.72476,
638524908343387049,303291,12.92952,1.789983,12.63698,11.94001,-6.807136,8.60499,-27.27751,17.58282,16.69129,
638524908343487051,303302,12.89508,1.785215,12.60333,11.89331,-6.780511,8.571333,-27.22251,17.54737,16.65763,
638524908343597060,303313,12.86145,1.780559,12.57046,11.8477,-6.754508,8.538463,-27.16879,17.51274,16.62476,
638524908343717070,303325,12.82744,1.775851,12.53722,11.80158,-6.728214,8.505224,-27.11447,17.47773,16.59152,
638524908343827062,303336,12.79276,1.771049,12.50332,11.75454,-6.701396,8.471323,-27.05907,17.44201,16.55762,
638524908343937055,303347,12.75932,1.766419,12.47063,11.70919,-6.675539,8.438637,-27.00565,17.40758,16.52493,
638524908344047054,303358,12.72517,1.761692,12.43726,11.66288,-6.649139,8.405264,-26.95111,17.37243,16.49156,
638524908344157051,303369,12.69049,1.756891,12.40336,11.61585,-6.622324,8.371367,-26.89572,17.33672,16.45766,
638524908344267276,303380,12.65717,1.752278,12.37079,11.57065,-6.59656,8.338798,-26.84249,17.30241,16.42509,
638524908344377072,303391,12.62277,1.747515,12.33717,11.524,-6.569963,8.305177,-26.78755,17.26699,16.39147,
638524908344497055,303403,12.58842,1.74276,12.3036,11.47742,-6.543403,8.271603,-26.73268,17.23162,16.3579,
638524908344597056,303413,12.55386,1.737976,12.26983,11.43056,-6.516689,8.237832,-26.67749,17.19605,16.32413,
638524908344717048,303425,12.52061,1.733373,12.23733,11.38547,-6.490981,8.205335,-26.62438,17.16182,16.29163,
638524908344827069,303436,12.48626,1.728616,12.20375,11.33887,-6.464417,8.171755,-26.5695,17.12644,16.25805,
638524908344937054,303447,12.45244,1.723935,12.1707,11.29301,-6.43827,8.138702,-26.51549,17.09163,16.225,
638524908345047056,303458,12.41851,1.719238,12.13754,11.247,-6.41204,8.105545,-26.4613,17.0567,16.19184,
638524908345157050,303469,12.38421,1.714489,12.10401,11.20047,-6.385515,8.072015,-26.4065,17.02138,16.15831,
638524908345267056,303480,12.35009,1.709766,12.07067,11.15421,-6.359141,8.038675,-26.35202,16.98626,16.12497,
638524908345377052,303491,12.31623,1.705079,12.03758,11.10829,-6.332962,8.005583,-26.29794,16.9514,16.09188,
638524908345487055,303502,12.28165,1.700291,12.00378,11.06139,-6.306223,7.971782,-26.2427,16.91579,16.05808,
638524908345597049,303513,12.24799,1.695631,11.97088,11.01575,-6.280199,7.938885,-26.18894,16.88113,16.02518,
638524908345717054,303524,12.21362,1.690873,11.93728,10.96913,-6.253624,7.905291,-26.13404,16.84575,15.99159,
638524908345827062,303536,12.17951,1.68615,11.90394,10.92287,-6.22725,7.871952,-26.07955,16.81063,15.95825,
638524908345937053,303547,12.14548,1.681439,11.87069,10.87673,-6.200942,7.838695,-26.0252,16.77559,15.92499,
638524908346047065,303558,12.11152,1.676738,11.83749,10.83067,-6.174683,7.805501,-25.97096,16.74062,15.8918,
638524908346157052,303569,12.07738,1.672011,11.80413,10.78437,-6.148289,7.772135,-25.91643,16.70547,15.85843,
638524908346267053,303580,12.04344,1.667313,11.77096,10.73834,-6.122048,7.738964,-25.86222,16.67053,15.82526,
638524908346377067,303591,12.00923,1.662576,11.73752,10.69194,-6.095594,7.705524,-25.80757,16.63531,15.79182,
638524908346487046,303602,11.97503,1.657841,11.70409,10.64556,-6.06915,7.672095,-25.75294,16.60009,15.75839,
638524908346597048,303613,11.94128,1.653169,11.6711,10.59979,-6.043056,7.639109,-25.69903,16.56534,15.7254,
638524908346717060,303624,11.90687,1.648406,11.63748,10.55313,-6.016456,7.605484,-25.64408,16.52992,15.69178,
638524908346827054,303635,11.87258,1.643658,11.60396,10.50662,-5.98994,7.571965,-25.5893,16.49461,15.65826,
638524908346937055,303647,11.83871,1.63897,11.57086,10.46069,-5.963756,7.538866,-25.53521,16.45975,15.62516,
638524908347047063,303658,11.80461,1.634249,11.53753,10.41445,-5.937391,7.505538,-25.48074,16.42464,15.59183,
638524908347157049,303669,11.77035,1.629505,11.50404,10.36798,-5.910897,7.472046,-25.42601,16.38936,15.55834,
638524908347267058,303680,11.73677,1.624856,11.47122,10.32244,-5.884934,7.439227,-25.37238,16.35479,15.52552,
638524908347377062,303691,11.70265,1.620133,11.43787,10.27617,-5.858554,7.405879,-25.31788,16.31966,15.49217,
638524908347487068,303702,11.66815,1.615357,11.40416,10.22938,-5.831884,7.372165,-25.26278,16.28414,15.45846,
638524908347597065,303713,11.63448,1.610695,11.37125,10.18372,-5.805848,7.339252,-25.209,16.24947,15.42555,
638524908347707064,303724,11.60028,1.60596,11.33782,10.13733,-5.779403,7.305822,-25.15436,16.21426,15.39212,
638524908347827060,303735,11.566,1.601215,11.30432,10.09085,-5.752904,7.272325,-25.09962,16.17897,15.35862,
638524908347937063,303747,11.53192,1.596497,11.27101,10.04463,-5.726553,7.239014,-25.04518,16.14388,15.32531,
638524908348047060,303758,11.49766,1.591754,11.23753,9.998171,-5.700067,7.205533,-24.99047,16.10861,15.29183,
