time(100ns),time_stamp(ms),frame,gaze_direct_L.x,gaze_direct_L.y,gaze_direct_L.z,gaze_direct_R.x,gaze_direct_R.y,gaze_direct_R.z,forward.x,forward.y,forward.z,
638524908780798906,347033,26135,0.02514648,0.1748047,0.9842682,0.01651001,0.1607666,0.9868469,-0.03606953,0.142459,0.9891433,
638524908780898895,347043,26136,0.01815796,0.1676331,0.985672,0.01623535,0.1599884,0.986969,-0.03631229,0.1419793,0.9892034,
638524908780978899,347051,26137,0.02156067,0.1696625,0.98526,0.01177979,0.1587982,0.9872284,-0.03639917,0.1416461,0.9892479,
638524908781058899,347059,26138,0.008392334,0.1697388,0.9854431,0.009735107,0.1650848,0.9862213,-0.03578654,0.1413168,0.9893174,
638524908781148889,347068,26138,0.0111084,0.1758881,0.9843445,0.02420044,0.1698914,0.9851532,-0.03578654,0.1413168,0.9893174,
638524908781228887,347076,26139,0.01603699,0.1614838,0.9867401,0.01911926,0.1665192,0.9858398,-0.03595909,0.1408341,0.9893799,
638524908781298891,347083,26140,0.0100708,0.1614532,0.9868164,0.01937866,0.1679382,0.9855957,-0.03581695,0.1415612,0.9892814,
638524908781388901,347092,26141,0.008789063,0.1717529,0.9850922,0.01574707,0.1671753,0.9857941,-0.03622694,0.1430551,0.9890515,
638524908781478887,347101,26141,0.01377869,0.155014,0.9878082,0.02047729,0.1655426,0.9859772,-0.03622694,0.1430551,0.9890515,
638524908781558889,347109,26142,0.0168457,0.154953,0.9877625,0.02742004,0.1583557,0.9869995,-0.03700739,0.1446746,0.988787,
638524908781638903,347117,26143,0.01655579,0.1510925,0.9883728,0.02468872,0.1646423,0.9860382,-0.03762484,0.1451946,0.9886875,
638524908781718892,347125,26144,0.01509094,0.155304,0.9877472,0.01863098,0.164566,0.9861755,-0.03774655,0.1445917,0.9887711,
638524908781808886,347134,26144,0.01509094,0.1517487,0.9882965,0.02523804,0.162735,0.9863434,-0.03774655,0.1445917,0.9887711,
638524908781898903,347143,26145,0.005966187,0.1599579,0.9870911,0.01707458,0.1635895,0.9863739,-0.03745165,0.1435988,0.9889271,
638524908781968898,347150,26146,0.01538086,0.1543732,0.9878845,0.01942444,0.1645813,0.9861603,-0.03760026,0.1427353,0.9890465,
638524908782048899,347158,26146,0.01361084,0.1569977,0.9875031,0.01808167,0.1657257,0.9859924,-0.03760026,0.1427353,0.9890465,
638524908782138899,347167,26147,0.0140686,0.1607056,0.9868927,0.0216217,0.1607971,0.9867401,-0.03801147,0.1423993,0.9890792,
638524908782218913,347175,26148,0.01200867,0.1525421,0.9882202,0.02648926,0.1670532,0.9855804,-0.0387268,0.1419856,0.9891109,
638524908782298905,347183,26149,0.01385498,0.1514282,0.9883575,0.02461243,0.1607208,0.9866791,-0.03919714,0.1414449,0.9891698,
638524908782378895,347191,26149,-0.0003051758,0.159668,0.9871674,0.01727295,0.1556091,0.9876556,-0.03919714,0.1414449,0.9891698,
638524908782468886,347200,26150,0.004226685,0.1607819,0.986969,0.02470398,0.1679382,0.9854736,-0.03970984,0.1408414,0.9892355,
638524908782558887,347209,26151,0.01216125,0.1649933,0.9862061,0.02436829,0.1548462,0.9876251,-0.03945523,0.1404613,0.9892997,
638524908782638895,347217,26152,0.01213074,0.1580658,0.9873505,0.02474976,0.1589966,0.9869537,-0.03866318,0.1404372,0.9893344,
638524908782718891,347225,26153,0.01153564,0.1590881,0.9871826,0.01799011,0.1541138,0.9878845,-0.03893688,0.1407845,0.9892743,
638524908782798887,347233,26153,0.01080322,0.1603699,0.9869843,0.02259827,0.1495972,0.9884796,-0.03893688,0.1407845,0.9892743,
638524908782888893,347242,26154,0.0118866,0.1592865,0.9871521,0.02186584,0.1581879,0.9871521,-0.03879243,0.1411584,0.9892267,
638524908782968911,347250,26155,0.01148987,0.1584625,0.9872894,0.01885986,0.1563263,0.9875183,-0.03849467,0.1414095,0.9892024,
638524908783048889,347258,26156,0.01202393,0.1586304,0.9872589,0.01622009,0.155304,0.9877167,-0.03820477,0.1410961,0.9892585,
638524908783138887,347267,26156,0.01086426,0.1708374,0.9852295,0.01733398,0.1533203,0.9880219,-0.03820477,0.1410961,0.9892585,
638524908783218906,347275,26157,0.01255798,0.1669312,0.9858856,0.01441956,0.1555634,0.9877167,-0.03794366,0.1411478,0.9892612,
638524908783298891,347283,26158,0.0103302,0.1681366,0.9857025,0.01261902,0.1580048,0.9873505,-0.03736548,0.1407921,0.9893338,
638524908783388900,347292,26159,0.001800537,0.1679077,0.9857941,0.02012634,0.1580505,0.9872131,-0.03664393,0.1410045,0.9893306,
638524908783468886,347300,26159,0.006332397,0.1661682,0.9860687,0.02133179,0.1566315,0.9874115,-0.03664393,0.1410045,0.9893306,
638524908783558887,347309,26160,0.003448486,0.1661224,0.986084,0.02038574,0.1559143,0.9875488,-0.03670362,0.1418919,0.9892015,
638524908783638904,347317,26161,0.007781982,0.1674347,0.9858398,0.0198822,0.1578674,0.9872437,-0.0368403,0.143586,0.9889519,
638524908783728898,347326,26162,0.006622314,0.1666565,0.9859772,0.02177429,0.1575928,0.9872589,-0.03635341,0.1450527,0.9887559,
638524908783798905,347333,26162,0.0149231,0.1712036,0.9851074,0.02278137,0.1612244,0.9866486,-0.03635341,0.1450527,0.9887559,
638524908783888896,347342,26163,0.01837158,0.1578674,0.9872742,0.01548767,0.1608429,0.9868469,-0.03553774,0.1469447,0.9885061,
638524908783968901,347350,26164,0.008270264,0.1580353,0.9873962,0.01800537,0.1629333,0.9864655,-0.03489523,0.1496976,0.9881158,
638524908784058894,347359,26165,0.02955627,0.1616821,0.9863892,0.02662659,0.1729279,0.9845581,-0.03511664,0.1530796,0.9875897,
638524908784138894,347367,26165,0.07865906,0.1983643,0.9769592,0.0553894,0.1964874,0.9789276,-0.03511664,0.1530796,0.9875897,
638524908784218892,347375,26166,0.08325195,0.2247467,0.9708405,0.07427979,0.2417297,0.9674835,-0.03565897,0.1567281,0.9869978,
638524908784308894,347384,26167,0.1080627,0.2658539,0.9579315,0.09362793,0.2516327,0.9632721,-0.03632393,0.1615727,0.9861921,
638524908784388889,347392,26168,0.1150665,0.3064423,0.9449005,0.08096313,0.2826233,0.9557953,-0.03611115,0.1676381,0.985187,
638524908784478891,347401,26168,0.1356964,0.3433075,0.9293518,0.09513855,0.3215179,0.9420929,-0.03611115,0.1676381,0.985187,
638524908784558889,347409,26169,0.1288147,0.3648682,0.9220886,0.1087952,0.3350983,0.9358673,-0.03515857,0.1748856,0.9839608,
638524908784628895,347416,26170,0.1530151,0.3961182,0.9053497,0.1013031,0.3453369,0.9329834,-0.03379794,0.1851597,0.9821271,
638524908784718890,347425,26170,0.1551514,0.3945618,0.9056702,0.09628296,0.3598785,0.928009,-0.03379794,0.1851597,0.9821271,
638524908784798906,347433,26171,0.1354218,0.4004364,0.90625,0.08642578,0.3804474,0.9207458,-0.0316342,0.1976119,0.9797698,
638524908784898922,347443,26172,0.1440735,0.395401,0.9071198,0.09989929,0.3809814,0.9191589,-0.02999591,0.2097128,0.9773028,
638524908784968899,347450,26173,0.1506195,0.4109039,0.8991394,0.09690857,0.3868713,0.9170227,-0.02749561,0.2224038,0.9745668,
638524908785058890,347459,26173,0.156723,0.4305573,0.8888397,0.09997559,0.4053345,0.9086761,-0.02749561,0.2224038,0.9745668,
638524908785138907,347467,26174,0.1520233,0.4236298,0.8929749,0.1161804,0.413559,0.9030304,-0.02456096,0.2340122,0.9719234,
638524908785228899,347476,26175,0.1513519,0.4432068,0.8835449,0.1121521,0.4057312,0.907074,-0.02117024,0.2464541,0.9689232,
638524908785308891,347484,26176,0.1496124,0.4382477,0.8863068,0.1084137,0.3946686,0.9123993,-0.01756503,0.2596771,0.9655358,
638524908785398890,347493,26177,0.1552582,0.435318,0.8867798,0.1325226,0.4121246,0.9014282,-0.01420092,0.2737584,0.9616936,
638524908785468886,347500,26177,0.1482086,0.4315643,0.8898163,0.1231537,0.4150085,0.9014282,-0.01420092,0.2737584,0.9616936,
638524908785558898,347509,26178,0.1550903,0.4414368,0.8837738,0.1262665,0.3992615,0.9080963,-0.01060822,0.289443,0.9571365,
638524908785638892,347517,26179,0.1354828,0.4201508,0.8972626,0.1208954,0.4026337,0.9073334,-0.006743658,0.3052633,0.9522442,
638524908785718891,347525,26179,0.1302948,0.4046631,0.9051208,0.1267395,0.3777618,0.9171753,-0.006743658,0.3052633,0.9522442,
638524908785798889,347533,26180,0.1288147,0.4022827,0.9064026,0.1300354,0.3593292,0.9241028,-0.003005838,0.3206276,0.9472005,
638524908785888893,347542,26181,0.1403503,0.4039001,0.9039612,0.1396637,0.3482361,0.9269257,0.0006140671,0.3359612,0.9418756,
638524908785968892,347550,26182,0.1504211,0.3949738,0.9062805,0.1417236,0.3503571,0.925827,0.004057969,0.35081,0.9364378,
638524908786058888,347559,26182,0.1579742,0.3810577,0.9109497,0.1312866,0.34375,0.9298248,0.004057969,0.35081,0.9364378,
638524908786138889,347567,26183,0.1368256,0.3476868,0.9275665,0.1315002,0.3434448,0.9299164,0.006928545,0.365458,0.930802,
638524908786218898,347575,26184,0.1324921,0.3552094,0.9253387,0.1345825,0.3339539,0.9329224,0.009412061,0.3796988,0.9250623,
638524908786298905,347583,26185,0.1317444,0.3345032,0.9331207,0.1357269,0.3229828,0.936615,0.01159682,0.3937297,0.9191531,
638524908786378892,347591,26185,0.1335602,0.331131,0.9340668,0.1265106,0.3056335,0.9436951,0.01159682,0.3937297,0.9191531,
638524908786468886,347600,26186,0.1304016,0.3206635,0.9381561,0.1468048,0.2932587,0.9446869,0.01429917,0.4063694,0.913597,
638524908786558896,347609,26187,0.1266327,0.3059387,0.9435883,0.1387329,0.293335,0.9458771,0.01687324,0.4186362,0.9079973,
638524908786628897,347616,26187,0.1365967,0.2902985,0.9471283,0.1341705,0.281601,0.9500885,0.01687324,0.4186362,0.9079973,
638524908786718891,347625,26188,0.1309509,0.2774048,0.9517822,0.1292725,0.275177,0.952652,0.0189249,0.4296354,0.9028041,
638524908786808887,347634,26189,0.1285553,0.2680359,0.9547882,0.1358643,0.2586517,0.9563599,0.02116887,0.4391318,0.8981732,
638524908786888889,347642,26190,0.1313934,0.2624817,0.9559479,0.1344299,0.2454681,0.960022,0.02317997,0.4481903,0.8936376,
638524908786968902,347650,26191,0.1367035,0.2528381,0.9577942,0.133255,0.2380219,0.9620667,0.02456658,0.4558522,0.8897164,
638524908787048886,347658,26191,0.1220856,0.2388306,0.9633484,0.1266937,0.2306213,0.9647522,0.02456658,0.4558522,0.8897164,
638524908787138892,347667,26192,0.1253662,0.2327576,0.9644165,0.1192169,0.2329407,0.9651489,0.02548279,0.462776,0.8861089,
638524908787228891,347676,26193,0.1213379,0.2245026,0.9668732,0.1182098,0.2208405,0.9681091,0.02612806,0.4684339,0.8831121,
638524908787308896,347684,26194,0.1203156,0.2475586,0.9613647,0.1191254,0.2402344,0.9633636,0.02672637,0.474454,0.8798745,
638524908787378890,347691,26194,0.1210175,0.2553711,0.9592285,0.1191254,0.2451477,0.9621277,0.02672637,0.474454,0.8798745,
638524908787468905,347700,26195,0.1188354,0.2415619,0.9630737,0.1235352,0.2389679,0.9631195,0.02706782,0.4801714,0.8767569,
638524908787558899,347709,26196,0.1223297,0.2423706,0.9624329,0.1267395,0.2277832,0.9654236,0.02789497,0.4860106,0.8735076,
638524908787628901,347716,26196,0.1172943,0.2285919,0.9664154,0.1293182,0.2224579,0.9663086,0.02789497,0.4860106,0.8735076,
638524908787718889,347725,26197,0.1191406,0.2252045,0.9669952,0.1210785,0.2238617,0.9670563,0.02852586,0.4922421,0.8699908,
638524908787798902,347733,26198,0.1166534,0.2163544,0.9693146,0.1253357,0.2079926,0.9700623,0.02942192,0.4987588,0.8662413,
638524908787888915,347742,26199,0.1241608,0.216568,0.9683228,0.1216278,0.1991119,0.9723816,0.03014416,0.5048986,0.8626521,
638524908787968893,347750,26200,0.1178741,0.2097778,0.9706116,0.1108246,0.2032013,0.9728394,0.03128498,0.5105007,0.859308,
638524908788058907,347759,26200,0.1205597,0.1953278,0.9732971,0.1182556,0.1987915,0.9728699,0.03128498,0.5105007,0.859308,
638524908788138911,347767,26201,0.1037903,0.1903381,0.9762115,0.1163788,0.1898804,0.9748688,0.03276644,0.5159173,0.8560115,
638524908788228895,347776,26202,0.113327,0.1797028,0.9771576,0.1182098,0.1844635,0.9756927,0.03357076,0.5216748,0.8524837,
638524908788298899,347783,26203,0.1073456,0.1799011,0.9777985,0.1111145,0.1752014,0.978241,0.03399524,0.5277689,0.8487074,
638524908788388892,347792,26203,0.1184692,0.1816864,0.976181,0.1156006,0.166214,0.9792786,0.03399524,0.5277689,0.8487074,
638524908788468909,347800,26204,0.1130676,0.1745605,0.9781189,0.1129608,0.1703949,0.9788666,0.03582826,0.5338833,0.8447988,
638524908788558894,347809,26205,0.10112,0.1625519,0.9814911,0.110733,0.1649323,0.9800568,0.03956941,0.5398562,0.8408267,
638524908788628892,347816,26205,0.1089935,0.1524811,0.9822693,0.113327,0.1627197,0.9801331,0.03956941,0.5398562,0.8408267,
638524908788718889,347825,26206,0.1103821,0.1669006,0.9797668,0.1107941,0.15979,0.9809113,0.04213685,0.5451181,0.8372997,
638524908788808897,347834,26207,0.09480286,0.146347,0.9846649,0.1047974,0.1583252,0.9817963,0.04529452,0.5505203,0.8335921,
638524908788878896,347841,26208,0.09638977,0.14888,0.9841309,0.09963989,0.1428528,0.9847107,0.04842988,0.5565568,0.8293969,
638524908788968901,347850,26209,0.1005096,0.1395721,0.9850922,0.09503174,0.1391602,0.9856873,0.0518525,0.5630068,0.824824,
638524908789048903,347858,26209,0.08776855,0.1368256,0.9866943,0.09544373,0.1367188,0.9859924,0.0518525,0.5630068,0.824824,
638524908789128890,347866,26210,0.08872986,0.1164246,0.989212,0.09606934,0.1207275,0.9880219,0.05569934,0.5688262,0.8205696,
638524908789218890,347875,26211,0.07833862,0.126297,0.9888916,0.09246826,0.1264954,0.9876404,0.05941041,0.5742744,0.8165043,
638524908789298898,347883,26212,0.0786438,0.1130676,0.9904633,0.09791565,0.1159821,0.9884033,0.06364373,0.5790351,0.8128148,
638524908789388902,347892,26212,0.07176208,0.104126,0.9919586,0.09356689,0.1169586,0.9887085,0.06364373,0.5790351,0.8128148,
638524908789468910,347900,26213,0.07621765,0.1068573,0.991333,0.09049988,0.1164856,0.9890594,0.0672901,0.5827699,0.8098465,
638524908789558896,347909,26214,0.07913208,0.110733,0.9906921,0.08613586,0.1231232,0.9886322,0.07070135,0.5863184,0.8069895,
638524908789648905,347918,26215,0.06408691,0.1024017,0.9926605,0.09510803,0.1133881,0.9889832,0.07436641,0.5890729,0.8046507,
638524908789718903,347925,26215,0.07164001,0.08981323,0.9933624,0.08001709,0.09938049,0.9918213,0.07436641,0.5890729,0.8046507,
638524908789798905,347933,26216,0.06089783,0.1009827,0.9930115,0.07955933,0.103653,0.9914246,0.07765077,0.5911604,0.8028075,
638524908789888891,347942,26217,0.05659485,0.09620667,0.9937439,0.07884216,0.09417725,0.9924164,0.07982372,0.5934486,0.8009038,
638524908789968884,347950,26218,0.06085205,0.08187866,0.9947815,0.08132935,0.09107971,0.9925079,0.08096842,0.5955069,0.7992594,
638524908790048897,347958,26218,0.05169678,0.07662964,0.9957123,0.07519531,0.08880615,0.9931946,0.08096842,0.5955069,0.7992594,
638524908790128895,347966,26219,0.04972839,0.06524658,0.9966125,0.06414795,0.07858276,0.9948273,0.08206622,0.5972447,0.7978496,
638524908790218905,347975,26220,0.04821777,0.08148193,0.9954987,0.0655365,0.07098389,0.9953156,0.08145975,0.5988355,0.7967185,
638524908790308897,347984,26221,0.04483032,0.07810974,0.9959259,0.06632996,0.08357239,0.994278,0.08129831,0.6000973,0.795785,
638524908790388887,347992,26221,0.04457092,0.07781982,0.9959564,0.06230164,0.0785675,0.9949493,0.08129831,0.6000973,0.795785,
638524908790468885,348000,26222,0.04246521,0.07429504,0.9963226,0.06381226,0.07647705,0.9950256,0.08038411,0.601698,0.7946684,
638524908790558889,348009,26223,0.04193115,0.06721497,0.9968414,0.0675354,0.07244873,0.9950714,0.07988387,0.6034667,0.7933767,
638524908790628894,348016,26223,0.04351807,0.05923462,0.9972839,0.06608582,0.07199097,0.9952087,0.07988387,0.6034667,0.7933767,
638524908790718890,348025,26224,0.04257202,0.06845093,0.9967346,0.0670929,0.07215881,0.9951324,0.07954621,0.6051747,0.7921085,
638524908790798888,348033,26225,0.04844666,0.05505371,0.9972992,0.06184387,0.0692749,0.9956665,0.07942025,0.6070502,0.7906848,
638524908790878908,348041,26226,0.05239868,0.05427551,0.9971466,0.06262207,0.06692505,0.9957886,0.07860618,0.6093597,0.7889878,
638524908790978899,348051,26227,0.04525757,0.05130005,0.9976501,0.0630188,0.06425476,0.9959259,0.0771893,0.6122016,0.786925,
638524908791048894,348058,26227,0.05134583,0.04824829,0.9975128,0.06474304,0.06680298,0.9956512,0.0771893,0.6122016,0.786925,
638524908791138891,348067,26228,0.04853821,0.06002808,0.9970093,0.0614624,0.07069397,0.9955902,0.07478245,0.6152291,0.7847934,
638524908791218918,348075,26229,0.0479126,0.04664612,0.997757,0.06138611,0.05586243,0.9965363,0.07256316,0.6178694,0.7829253,
638524908791298888,348083,26230,0.04718018,0.0483551,0.9977112,0.06742859,0.05886841,0.9959717,0.07106902,0.6203489,0.7810996,
638524908791378891,348091,26230,0.04388428,0.04232788,0.9981384,0.0597229,0.05728149,0.9965668,0.07106902,0.6203489,0.7810996,
638524908791468908,348100,26231,0.05378723,0.05218506,0.9971771,0.05900574,0.04499817,0.9972382,0.06987852,0.623205,0.7789304,
638524908791558898,348109,26232,0.04963684,0.05184937,0.997406,0.07202148,0.05026245,0.9961243,0.06868325,0.6262581,0.7765845,
638524908791628897,348116,26232,0.04373169,0.04096985,0.9981995,0.06990051,0.04827881,0.9963837,0.06868325,0.6262581,0.7765845,
638524908791728894,348126,26233,0.04904175,0.04951477,0.9975586,0.06765747,0.04086304,0.9968567,0.06773585,0.6294666,0.7740696,
638524908791798903,348133,26234,0.03956604,0.02604675,0.9988708,0.06263733,0.02850342,0.9976196,0.0665824,0.6324434,0.7717397,
638524908791888900,348142,26235,0.04623413,0.01951599,0.9987335,0.07362366,0.03610229,0.9966278,0.06546483,0.6350793,0.7696679,
638524908791978902,348151,26236,0.05305481,0.02767944,0.9981995,0.07814026,0.02575684,0.9965973,0.06399935,0.6374894,0.7677965,
638524908792048890,348158,26236,0.04632568,0.01002502,0.9988708,0.07150269,0.02716064,0.9970703,0.06399935,0.6374894,0.7677965,
638524908792128886,348166,26237,0.0534668,0.01428223,0.9984589,0.07536316,0.03259277,0.9966125,0.06281133,0.6394962,0.7662241,
638524908792218892,348175,26238,0.05743408,0.01092529,0.9982758,0.08081055,0.02238464,0.9964752,0.06150578,0.6407963,0.7652432,
638524908792308895,348184,26239,0.05430603,0.002349854,0.9985199,0.07659912,0.01831055,0.9968872,0.06067921,0.6415801,0.7646523,
638524908792378898,348191,26239,0.0556488,0.003448486,0.9984436,0.07687378,0.02510071,0.9967194,0.06067921,0.6415801,0.7646523,
638524908792468886,348200,26240,0.05534363,-0.001541138,0.9984589,0.07611084,0.01615906,0.9969635,0.06016469,0.6416025,0.7646741,
638524908792558891,348209,26241,0.06190491,6.103516E-05,0.9980774,0.07473755,0.0176239,0.9970398,0.05992295,0.6410253,0.765177,
638524908792628899,348216,26242,0.05732727,0.008407593,0.9983063,0.07258606,0.01629639,0.9972229,0.06039112,0.639684,0.766262,
638524908792718889,348225,26242,0.05509949,-0.003448486,0.9984741,0.07427979,0.01348877,0.9971313,0.06039112,0.639684,0.766262,
638524908792798911,348233,26243,0.0561676,0.0006408691,0.9984131,0.07144165,0.01507568,0.9973297,0.06089847,0.6382012,0.7674572,
638524908792888894,348242,26244,0.05377197,0.004898071,0.9985352,0.07269287,0.01704407,0.9972076,0.06247398,0.6362113,0.7689813,
638524908792968896,348250,26245,0.05348206,0.00189209,0.9985657,0.07121277,0.01435852,0.997345,0.06379735,0.6343324,0.7704235,
638524908793048887,348258,26245,0.08106995,0.01690674,0.9965515,0.0927887,0.0214386,0.9954529,0.06379735,0.6343324,0.7704235,
638524908793138887,348267,26246,0.09434509,0.02682495,0.995163,0.1044464,0.03607178,0.993866,0.06554411,0.6329216,0.7714365,
638524908793218900,348275,26247,0.08525085,0.03201294,0.9958344,0.09393311,0.03474426,0.9949646,0.06739503,0.6313338,0.7725773,
638524908793298891,348283,26248,0.078125,0.03132629,0.9964447,0.09284973,0.03631592,0.9950104,0.06927682,0.6298739,0.7736017,
638524908793378890,348291,26248,0.07589722,0.034729,0.9965057,0.09403992,0.03688049,0.994873,0.06927682,0.6298739,0.7736017,
638524908793468900,348300,26249,0.08128357,0.02838135,0.9962769,0.09407043,0.03977966,0.9947662,0.07106829,0.6292251,0.7739671,
638524908793558893,348309,26250,0.07417297,0.02792358,0.9968414,0.08868408,0.03639221,0.9953918,0.07307368,0.6288477,0.7740871,
638524908793628902,348316,26251,0.06610107,0.03179932,0.9972992,0.09169006,0.03977966,0.9949799,0.07592243,0.6294844,0.773295,
638524908793718893,348325,26251,0.0697937,0.03834534,0.9968109,0.09120178,0.04548645,0.9947815,0.07592243,0.6294844,0.773295,
638524908793798891,348333,26252,0.06268311,0.03433228,0.9974365,0.07974243,0.04562378,0.9957581,0.07927039,0.6312838,0.7714901,
638524908793888887,348342,26253,0.06552124,0.0369873,0.9971619,0.08828735,0.0459137,0.9950256,0.08297389,0.6329581,0.7697269,
638524908793978898,348351,26254,0.05712891,0.04124451,0.9975128,0.08439636,0.04702759,0.9953156,0.08677834,0.6337436,0.7686602,
638524908794048913,348358,26254,0.05796814,0.04049683,0.9974823,0.07695007,0.04179382,0.9961548,0.08677834,0.6337436,0.7686602,
638524908794138911,348367,26255,0.05422974,0.03755188,0.997818,0.08204651,0.0327301,0.9960785,0.09004043,0.6345001,0.7676603,
638524908794218904,348375,26256,0.05679321,0.03800964,0.9976501,0.07640076,0.04537964,0.9960327,0.09285979,0.6354719,0.7665197,
638524908794298900,348383,26257,0.05796814,0.0362854,0.9976501,0.0740509,0.04824829,0.9960785,0.09542607,0.6364218,0.7654157,
638524908794378892,348391,26257,0.05253601,0.04234314,0.9977112,0.0712738,0.04960632,0.9962158,0.09542607,0.6364218,0.7654157,
638524908794468899,348400,26258,0.05032349,0.02272034,0.9984589,0.07948303,0.04273987,0.9959106,0.09768228,0.6374009,0.7643156,
638524908794558895,348409,26259,0.0438385,0.02877808,0.9986115,0.07485962,0.04129028,0.9963379,0.09975863,0.6384657,0.7631578,
638524908794628898,348416,26260,0.05082703,0.02351379,0.9984283,0.05923462,0.02920532,0.9978027,0.1015345,0.6395577,0.7620084,
638524908794718904,348425,26260,0.05162048,0.01727295,0.9985046,0.05810547,0.03204346,0.9977875,0.1015345,0.6395577,0.7620084,
638524908794799014,348433,26261,0.0466156,0.03059387,0.9984436,0.06103516,0.03050232,0.9976654,0.1036935,0.6398816,0.7614454,
638524908794889017,348442,26262,0.04269409,0.02514648,0.998764,0.05436707,0.02592468,0.9981689,0.1062768,0.6391711,0.761686,
638524908794979018,348451,26263,0.04534912,0.03614807,0.9983063,0.05888367,0.0227356,0.9980011,0.109359,0.6377153,0.7624695,
638524908795049012,348458,26263,0.04150391,0.02731323,0.998764,0.0549469,0.02790833,0.9980927,0.109359,0.6377153,0.7624695,
638524908795129039,348466,26264,0.03562927,0.02345276,0.9990845,0.05635071,0.02949524,0.9979706,0.1120946,0.6365742,0.7630256,
638524908795219029,348475,26265,0.0388031,0.0229187,0.9989777,0.05357361,0.03004456,0.9981079,0.1148507,0.6350302,0.7639018,
638524908795299024,348483,26266,0.03923035,0.01821899,0.999054,0.054245,0.02922058,0.9980927,0.1171855,0.633697,0.764654,
638524908795389019,348492,26266,0.03509521,0.01145935,0.9993134,0.05548096,0.03239441,0.9979248,0.1171855,0.633697,0.764654,
638524908795479024,348501,26267,0.03916931,0.0105896,0.999176,0.05511475,0.02906799,0.9980469,0.1195154,0.6321201,0.765598,
638524908795549029,348508,26268,0.03361511,0.009490967,0.9993744,0.04191589,0.0329895,0.9985657,0.1218208,0.6304351,0.7666233,
638524908795629017,348516,26269,0.029953,0.01464844,0.9994354,0.02687073,0.0330658,0.9990845,0.1245008,0.628609,0.7676916,
638524908795719013,348525,26269,0.02780151,0.01959229,0.9994202,0.04423523,0.04074097,0.9981842,0.1245008,0.628609,0.7676916,
638524908795799012,348533,26270,0.02737427,0.02650452,0.9992676,0.03565979,0.03787231,0.998642,0.1272754,0.6269475,0.7685947,
638524908795889024,348542,26271,0.026474,0.02571106,0.9993134,0.03790283,0.04162598,0.9984131,0.1305105,0.6250301,0.7696131,
638524908795979013,348551,26272,0.02233887,0.01048279,0.9996948,0.03910828,0.04611206,0.9981689,0.1335761,0.623368,0.7704349,
638524908796049006,348558,26272,0.02055359,0.0272522,0.9994049,0.04515076,0.0431366,0.9980469,0.1335761,0.623368,0.7704349,
638524908796129013,348566,26273,0.02282715,0.03259277,0.9992065,0.03804016,0.04322815,0.9983368,0.1365705,0.6221233,0.7709157,
638524908796219017,348575,26274,0.008712769,0.02737427,0.9995728,0.03739929,0.04441833,0.9983063,0.1395869,0.6213472,0.7710014,
638524908796299007,348583,26275,0.01493835,0.04058838,0.999054,0.03112793,0.04243469,0.9986115,0.1425666,0.6206406,0.7710254,
638524908796379012,348591,26275,0.01211548,0.04112244,0.9990692,0.03121948,0.04486084,0.9984894,0.1425666,0.6206406,0.7710254,
638524908796469025,348600,26276,0.0145874,0.04483032,0.9988861,0.03344727,0.04382324,0.9984741,0.1456319,0.620103,0.7708849,
638524908796549016,348608,26277,0.007400513,0.04562378,0.9989166,0.02890015,0.0436554,0.9986267,0.1488589,0.6198111,0.7705032,
638524908796639022,348617,26278,0.01603699,0.04322815,0.9989319,0.02470398,0.02839661,0.9992828,0.1529156,0.6183648,0.7708709,
638524908796719011,348625,26278,0.01171875,0.0599823,0.9981232,0.01467896,0.03477478,0.9992828,0.1529156,0.6183648,0.7708709,
638524908796799424,348633,26279,0.007415771,0.0456543,0.9989166,0.02923584,0.04803467,0.9984131,0.1550313,0.6184013,0.7704189,
638524908796889428,348642,26280,0.009017944,0.05671692,0.9983368,0.02113342,0.04690552,0.9986725,0.1599668,0.6184892,0.7693385,
638524908796969423,348650,26281,0.008224487,0.03694153,0.9992828,0.02182007,0.05033875,0.9984894,0.1633527,0.6175022,0.7694199,
638524908797049416,348658,26281,0.006088257,0.02619934,0.9996338,0.02076721,0.04446411,0.9987946,0.1633527,0.6175022,0.7694199,
638524908797139416,348667,26282,-0.007949829,0.03579712,0.9993134,0.01979065,0.05557251,0.9982452,0.1659189,0.6169803,0.7692895,
638524908797219433,348675,26283,-0.008468628,0.04075623,0.9991302,0.01841736,0.04391479,0.9988556,0.170508,0.6170754,0.768209,
638524908797309423,348684,26284,-0.01759338,0.05282593,0.9984436,0.0113678,0.04434204,0.9989471,0.1742044,0.6165327,0.7678152,
638524908797379421,348691,26284,-0.01174927,0.03752136,0.9992218,0.00692749,0.03942871,0.9991913,0.1742044,0.6165327,0.7678152,
638524908797469423,348700,26285,-0.01660156,0.04084778,0.9990234,0.009628296,0.04092407,0.999115,0.1778428,0.6172895,0.7663717,
638524908797549417,348708,26286,-0.02041626,0.04411316,0.9988098,0.009124756,0.03135681,0.9994659,0.1818275,0.6180342,0.7648349,
638524908797629424,348716,26287,-0.02134705,0.02603149,0.9994202,-0.001708984,0.02818298,0.999588,0.1852488,0.6185924,0.7635616,
638524908797719420,348725,26287,-0.02268982,0.01646423,0.9996033,-0.00680542,0.02430725,0.9996796,0.1852488,0.6185924,0.7635616,
638524908797799419,348733,26288,-0.02349854,0.03514099,0.9990997,-0.000869751,0.03517151,0.9993744,0.1884223,0.6191338,0.7623453,
638524908797879425,348741,26289,-0.02563477,0.03364563,0.9990997,0.00541687,0.03479004,0.9993744,0.193283,0.6196155,0.7607355,
638524908797979415,348751,26290,-0.03257751,0.04560852,0.9984131,0.001846313,0.03337097,0.9994354,0.1975805,0.6199893,0.7593256,
638524908798049427,348758,26290,-0.04733276,0.04556274,0.9978333,-0.005462646,0.03022766,0.999527,0.1975805,0.6199893,0.7593256,
638524908798139413,348767,26291,-0.04959106,0.02270508,0.9985046,-0.009567261,0.01737976,0.9998016,0.2031164,0.6194076,0.758339,
638524908798209435,348774,26292,-0.0422821,0.01586914,0.9989777,-0.01895142,0.0411377,0.9989624,0.2055996,0.6185066,0.7584052,
638524908798309433,348784,26293,-0.04350281,0.02488708,0.9987335,-0.01803589,0.03219604,0.9993134,0.2060381,0.6174722,0.7591287,
638524908798379418,348791,26293,-0.05409241,0.04112244,0.9976807,-0.02552795,0.02316284,0.9994049,0.2060381,0.6174722,0.7591287,
638524908798469412,348800,26294,-0.05523682,0.04626465,0.9973907,-0.02642822,0.01887512,0.9994659,0.2047232,0.6160272,0.7606569,
638524908798559420,348809,26295,-0.06155396,0.04260254,0.9971924,-0.02770996,-0.2549286,0.9665527,0.2035638,0.6143644,0.762311,
638524908798629425,348816,26296,-0.06013489,0.02642822,0.9978333,-0.1794281,-0.6043854,0.7761993,0.2012678,0.6124467,0.7644608,
638524908798724582,348825,26296,-0.05686951,0.01371765,0.9982758,-0.374939,-0.4479523,0.8116302,0.2012678,0.6124467,0.7644608,
638524908798804585,348833,26297,-0.05885315,0.01858521,0.9980927,-0.02998352,0.03086853,0.9990692,0.1987696,0.6098719,0.7671681,
638524908798884593,348841,26298,-0.05082703,0.01544189,0.9985809,0.009994507,-0.3059845,0.9519653,0.1983021,0.6058314,0.7704834,
638524908798964585,348849,26299,-0.0584259,0.02589417,0.9979401,-0.2431335,-0.1651917,0.9558105,0.1950513,0.6005482,0.7754334,
638524908799054591,348858,26299,-0.06192017,0.03317261,0.9975281,-0.08940125,-0.2437897,0.965683,0.1950513,0.6005482,0.7754334,
638524908799134587,348866,26300,-0.05499268,0.03559875,0.9978485,-0.1006927,-0.2402802,0.9654541,0.1981047,0.5952376,0.7787469,
638524908799214590,348874,26301,-0.05107117,0.04197693,0.9978027,-0.2439423,-0.03910828,0.9689941,0.1999823,0.590773,0.7816613,
638524908799304591,348883,26302,-0.05238342,0.04934692,0.997406,-0.1755981,-0.1278839,0.9761047,0.2037532,0.5848915,0.7851028,
638524908799384587,348891,26302,-0.04496765,0.0453949,0.9979553,0.02622986,-0.1096039,0.9936218,0.2037532,0.5848915,0.7851028,
638524908799464600,348899,26303,-0.0450592,0.0541687,0.9975128,-0.1874695,-0.1544952,0.9700317,0.2041086,0.5795878,0.7889345,
638524908799554595,348908,26304,-0.0526123,0.0592041,0.9968567,-0.03663635,-0.350647,0.9357758,0.203963,0.574141,0.7929447,
638524908799634587,348916,26305,-0.04864502,0.0609436,0.9969482,-0.3119354,-0.08206177,0.9465485,0.2029724,0.5679973,0.7976097,
638524908799724593,348925,26305,-0.05371094,0.06173706,0.9966431,-0.0559845,-0.2788696,0.9586792,0.2029724,0.5679973,0.7976097,
638524908799804583,348933,26306,-0.05133057,0.065979,0.9964905,-0.3023224,-0.2010803,0.9317474,0.2033929,0.5611974,0.8023022,
638524908799889834,348942,26307,-0.04866028,0.07040405,0.9963226,-0.1865234,-0.1795197,0.9658966,0.2045714,0.5544963,0.8066501,
638524908799969836,348950,26308,-0.05168152,0.07626343,0.9957428,-0.1689911,-0.127594,0.9773102,0.2070302,0.5476554,0.8106862,
638524908800059824,348959,26308,-0.05712891,0.07759094,0.9953308,-0.1484985,-0.09819031,0.9840088,0.2070302,0.5476554,0.8106862,
638524908800129826,348966,26309,-0.04934692,0.08665466,0.9950104,-0.2012329,0.01063538,0.9794769,0.2094132,0.5415183,0.8141893,
638524908800219830,348975,26310,-0.05117798,0.0921936,0.9944153,-0.01853943,-0.1985779,0.9799042,0.2127152,0.5351223,0.8175551,
638524908800299829,348983,26311,-0.05873108,0.1002197,0.9932251,-0.0291748,-0.1967468,0.980011,0.2159058,0.5290129,0.8206888,
638524908800389821,348992,26311,-0.05249023,0.08944702,0.9945984,-0.02610779,-0.1893311,0.9815521,0.2159058,0.5290129,0.8206888,
638524908800469819,349000,26312,-0.04902649,0.1094513,0.9927673,-0.02981567,-0.1893463,0.9814453,0.2190814,0.5234867,0.8233863,
638524908800549828,349008,26313,-0.05111694,0.1203003,0.9914093,-0.03030396,-0.174881,0.9841156,0.2221866,0.5175856,0.8262798,
638524908800639824,349017,26314,-0.05213928,0.122879,0.9910431,-0.02842712,-0.1755371,0.9840546,0.2254759,0.5116295,0.8290934,
638524908800729823,349026,26314,-0.05140686,0.1396332,0.9888611,-0.03088379,-0.1729126,0.984436,0.2254759,0.5116295,0.8290934,
638524908800799924,349033,26315,-0.05259705,0.1283722,0.9903259,-0.03012085,-0.1712494,0.9847565,0.2295411,0.5058891,0.8314969,
638524908800889942,349042,26316,-0.05355835,0.1342926,0.9894867,-0.03317261,-0.1658478,0.9855804,0.2336282,0.5000108,0.8339106,
638524908800979935,349051,26317,-0.06246948,0.157959,0.9854584,-0.03367615,-0.1603851,0.9864655,0.2379454,0.4935853,0.8365139,
638524908801049918,349058,26317,-0.07125854,0.1533661,0.9855804,-0.04310608,-0.155838,0.9868317,0.2379454,0.4935853,0.8365139,
638524908801139920,349067,26318,-0.06642151,0.158371,0.9851379,-0.04838562,0.148407,0.9877319,0.2424812,0.4872536,0.8389201,
638524908801219935,349075,26319,-0.07162476,0.160141,0.9844818,-0.04309082,0.1504211,0.9876709,0.2471935,0.4806906,0.8413275,
638524908801309933,349084,26320,-0.06933594,0.1520233,0.9859314,-0.05537415,0.1525116,0.9867401,0.2521889,0.4732423,0.8440631,
638524908801379944,349091,26320,-0.06550598,0.1454468,0.9871826,-0.04431152,0.1503754,0.9876251,0.2521889,0.4732423,0.8440631,
638524908801459934,349099,26321,-0.06401062,0.1456146,0.9872589,-0.04954529,0.1706085,0.9840851,0.2572995,0.465015,0.847088,
638524908801559926,349109,26322,-0.07254028,0.1515808,0.9857635,-0.05773926,0.167038,0.9842529,0.2623526,0.4561962,0.8503271,
638524908801629935,349116,26323,-0.04273987,0.1490479,0.9878998,-0.02848816,0.1519012,0.9879761,0.2666176,0.445808,0.8545001,
638524908801709924,349124,26323,-0.02613831,0.1353455,0.990448,-0.004608154,0.1166687,0.9931488,0.2666176,0.445808,0.8545001,
638524908801800025,349133,26324,-0.003112793,0.1141815,0.993454,0.004760742,0.1148682,0.9933624,0.2709379,0.4358815,0.858254,
638524908801890192,349142,26325,-0.01081848,0.1028137,0.9946289,0.008468628,0.09585571,0.9953461,0.276926,0.4249588,0.8618132,
638524908801960206,349149,26326,0.005645752,0.05830383,0.9982758,0.02732849,0.05865479,0.9978943,0.2823197,0.4147928,0.8650101,
638524908802050179,349158,26326,0.02223206,0.02949524,0.9993134,0.04518127,0.06729126,0.9967041,0.2823197,0.4147928,0.8650101,
638524908802130204,349166,26327,0.0196228,0.01696777,0.999649,0.06546021,0.02366638,0.9975586,0.2881282,0.4051647,0.8676541,
638524908802220191,349175,26328,0.03121948,-0.01438904,0.9994049,0.07977295,-0.0145874,0.9967041,0.2938588,0.3961831,0.8698769,
638524908802310187,349184,26329,0.05284119,-0.06022644,0.9967804,0.0947113,-0.06176758,0.993576,0.2998255,0.3875853,0.8717123,
638524908802390183,349192,26329,0.04902649,-0.07997131,0.995575,0.07922363,-0.124588,0.9890289,0.2998255,0.3875853,0.8717123,
638524908802460194,349199,26330,0.06053162,-0.09559631,0.993576,0.1170654,-0.2964478,0.9478302,0.3068092,0.3777621,0.8735926,
638524908802550183,349208,26331,0.06001282,-0.1473846,0.9872437,0.04138184,-0.2734375,0.9609833,0.3138323,0.3673346,0.8755425,
638524908802620187,349215,26331,0.07891846,-0.1880188,0.9789734,0,0,0,0.3138323,0.3673346,0.8755425,
638524908802710178,349224,26332,0.09466553,-0.2190094,0.9711151,0,0,0,0.3215862,0.3561716,0.8773392,
638524908802790189,349232,26333,0.1048126,-0.2657166,0.9583282,0,0,0,0.3291887,0.3455744,0.8787566,
638524908802870187,349240,26334,0.1160126,-0.2919312,0.9493713,0,0,0,0.338046,0.3344192,0.8797095,
638524908802970192,349250,26335,0.1098785,-0.3032684,0.9465332,0,0,0,0.3469489,0.3253318,0.8796509,
638524908803040189,349257,26335,0.1327209,-0.329071,0.9349213,0,0,0,0.3469489,0.3253318,0.8796509,
638524908803120184,349265,26336,0.1348724,-0.3493805,0.9272156,0,0,0,0.3554647,0.3163026,0.879544,
638524908803200194,349273,26337,0.155838,-0.3650513,0.9178314,0,0,0,0.3640433,0.3067992,0.8794013,
638524908803280192,349281,26337,0.1433716,-0.3831329,0.9124908,0,0,0,0.3640433,0.3067992,0.8794013,
638524908803370179,349290,26338,0.1494293,-0.373764,0.91539,0,0,0,0.3722333,0.2969371,0.8793581,
638524908803470179,349300,26339,0.130249,-0.3474884,0.9285889,0,0,0,0.3801511,0.2884213,0.878805,
638524908803540193,349307,26340,0.1203461,-0.3536682,0.9275818,0,0,0,0.3875676,0.2794617,0.8784603,
638524908803620189,349315,26340,0.1165314,-0.3595734,0.9257965,0,0,0,0.3875676,0.2794617,0.8784603,
638524908803700195,349323,26341,0.1120453,-0.3558044,0.9278107,0,0,0,0.3946956,0.2694914,0.8784018,
638524908803790183,349332,26342,0.1131134,-0.3451843,0.9316864,0,0,0,0.4014721,0.260072,0.8781701,
638524908803870186,349340,26343,0.113327,-0.3317261,0.9365387,0,0,0,0.4068948,0.2485978,0.878997,
638524908803960186,349349,26344,0.08607483,-0.316452,0.9446869,0,0,0,0.4123708,0.2379629,0.8793885,
638524908804040186,349357,26344,0.08477783,-0.3152771,0.9451904,0,0,0,0.4123708,0.2379629,0.8793885,
638524908804120183,349365,26345,0.09339905,-0.3198547,0.9428406,0,0,0,0.4157578,0.2278623,0.8804682,
638524908804210197,349374,26346,0.09819031,-0.3271484,0.9398499,0,0,0,0.4197433,0.2170703,0.8813036,
638524908804290190,349382,26347,0.08985901,-0.3183441,0.9436951,0,0,0,0.4231894,0.2058378,0.88235,
638524908804380185,349391,26347,0.07868958,-0.2949677,0.9522552,0,0,0,0.4231894,0.2058378,0.88235,
638524908804460179,349399,26348,0.0617981,-0.2644806,0.9624023,0,0,0,0.427263,0.1943062,0.8830014,
638524908804540186,349407,26349,0.06097412,-0.2692566,0.9611206,0,0,0,0.4310167,0.1836537,0.8834568,
638524908804630190,349416,26350,0.0721283,-0.2759399,0.9584503,-0.006256104,-0.3146667,0.949173,0.4343792,0.175732,0.8834212,
638524908804720190,349425,26350,0.07510376,-0.2807617,0.9568329,0.03466797,-0.334671,0.9416809,0.4343792,0.175732,0.8834212,
638524908804795526,349432,26351,0.06567383,-0.2717896,0.9600983,-0.04588318,-0.269928,0.9617767,0.437136,0.1682237,0.883523,
638524908804883289,349441,26352,0.06590271,-0.2601166,0.9633179,-0.01998901,-0.3838806,0.9231567,0.439234,0.1607043,0.8838822,
638524908804973289,349450,26353,0.05354309,-0.2430878,0.9685211,0.05422974,-0.3010559,0.9520569,0.4413102,0.1533321,0.8841575,
638524908805063294,349459,26353,0.05368042,-0.2407532,0.9690857,0.03039551,-0.3057098,0.9516296,0.4413102,0.1533321,0.8841575,
638524908805133292,349466,26354,0.05432129,-0.242569,0.9685974,0.03930664,-0.2901917,0.9561462,0.4436612,0.1453529,0.8843287,
638524908805223287,349475,26355,0.07937622,-0.2388916,0.9677887,0.05784607,-0.3302612,0.9421082,0.4460404,0.1366688,0.8845166,
638524908805303302,349483,26356,0.1716766,-0.2848053,0.9430695,0.0904541,-0.3688049,0.9250793,0.4482653,0.1276778,0.8847353,
638524908805383303,349491,26356,0.2192535,-0.2975616,0.9291687,0.2017212,-0.3912354,0.8979034,0.4482653,0.1276778,0.8847353,
638524908805463285,349499,26357,0.2882843,-0.3326111,0.8979034,0.2140045,-0.3941345,0.8937683,0.4505054,0.1188763,0.8848239,
638524908805543314,349507,26358,0.3465118,-0.336792,0.8754883,0.3275757,-0.472168,0.8183746,0.4530283,0.1100531,0.8846772,
638524908805643290,349517,26359,0.3560333,-0.3433228,0.8691101,0,0,0,0.4571485,0.1036686,0.8833278,
638524908805723287,349525,26359,0.3471069,-0.3180847,0.8822174,0,0,0,0.4571485,0.1036686,0.8833278,
638524908805803288,349533,26360,0.3392181,-0.3164063,0.8858948,0.3434906,-0.3565979,0.8688049,0.4591922,0.09383766,0.8833669,
638524908805883295,349541,26361,0.3374329,-0.3104248,0.8886871,0.2961426,-0.3630981,0.8834229,0.4608766,0.08385552,0.8834937,
638524908805963306,349549,26362,0.3462219,-0.306488,0.886673,0.2425537,-0.3947144,0.8862,0.4623479,0.07463843,0.8835517,
638524908806053298,349558,26362,0.3302765,-0.3074646,0.892395,0.295166,-0.4005585,0.8674164,0.4623479,0.07463843,0.8835517,
638524908806133294,349566,26363,0.3319092,-0.310257,0.8908081,0.2095032,-0.3628235,0.9079895,0.4658125,0.06885127,0.8822008,
638524908806219148,349575,26364,0.3267517,-0.3072968,0.8937531,0.26474,-0.3751068,0.8883667,0.469309,0.06207908,0.8808492,
638524908806299156,349583,26365,0.3407745,-0.3010254,0.8906403,0.2209625,-0.3090515,0.9250031,0.4719445,0.05498037,0.8799123,
638524908806399149,349593,26366,0.3258362,-0.2801361,0.9029541,0.302002,-0.3125458,0.9006042,0.4747574,0.04841645,0.8787839,
638524908806469160,349600,26366,0.3294525,-0.2553101,0.9089813,0.3375549,-0.2982635,0.8927917,0.4747574,0.04841645,0.8787839,
638524908806559146,349609,26367,0.3282623,-0.2576294,0.9087677,0.2781372,-0.3233795,0.9044495,0.476681,0.04210851,0.8780673,
638524908806639160,349617,26368,0.3251343,-0.2505493,0.9118652,0.3071594,-0.3189545,0.8966064,0.4780309,0.03506813,0.8776427,
638524908806709174,349624,26368,0.3208313,-0.246521,0.9144745,0.2634888,-0.3158417,0.9114838,0.4780309,0.03506813,0.8776427,
638524908806799146,349633,26369,0.3240051,-0.2458191,0.9135437,0.2185669,-0.3313141,0.9178467,0.4783334,0.02857162,0.8777134,
638524908806889151,349642,26370,0.3213806,-0.2432404,0.9151611,0.260376,-0.3214874,0.9104004,0.4789165,0.02265768,0.877568,
638524908806969163,349650,26371,0.3222351,-0.2376404,0.9163361,0.1801147,-0.2962799,0.9379578,0.4791921,0.01730737,0.8775394,
638524908807049156,349658,26371,0.3332214,-0.2347717,0.913147,0.2290344,-0.3530121,0.907135,0.4791921,0.01730737,0.8775394,
638524908807139145,349667,26372,0.322937,-0.230835,0.9178162,0.3610992,-0.2749329,0.8910675,0.4798609,0.01353137,0.8772402,
638524908807229162,349676,26373,0.3193512,-0.2312775,0.9189758,0.294632,-0.2163696,0.9307861,0.4804391,0.009842334,0.8769729,
638524908807309161,349684,26374,0.3108215,-0.2193604,0.9247894,0.203537,-0.3043213,0.9305573,0.4805794,0.006536758,0.8769268,
638524908807389150,349692,26374,0.2311401,-0.2487946,0.940567,0.08453369,-0.3237915,0.942337,0.4805794,0.006536758,0.8769268,
638524908807469162,349700,26375,0.169754,-0.2784576,0.9453125,0.1806641,-0.3219147,0.9293671,0.4803911,0.0025927,0.8770505,
638524908807559157,349709,26376,0.1231995,-0.289032,0.9493408,0.09246826,-0.3695374,0.9245911,0.4806251,-0.002331592,0.8769231,
638524908807659152,349719,26377,0.1134949,-0.2976532,0.9478912,0.08206177,-0.4991455,0.8626099,0.4813354,-0.007550173,0.876504,
638524908807729154,349726,26377,0.1280212,-0.288147,0.9489746,0.08287048,-0.3638153,0.9277649,0.4813354,-0.007550173,0.876504,
638524908807799151,349733,26378,0.1189575,-0.2885895,0.9500275,-0.006027222,-0.4524536,0.8917542,0.4832536,-0.01323948,0.8753803,
638524908807889168,349742,26379,0.1169891,-0.2931366,0.9488831,0.03503418,-0.5235138,0.8512878,0.4863475,-0.01832475,0.8735733,
638524908807969148,349750,26379,0.1182098,-0.2793121,0.9528809,0,0,0,0.4863475,-0.01832475,0.8735733,
638524908808039180,349757,26380,0.1203156,-0.2870636,0.9503174,0,0,0,0.4874272,-0.0336212,0.8725161,
638524908808219156,349775,26382,0.1181183,-0.2563019,0.9593353,0,0,0,0.4881998,-0.03654199,0.8719665,
638524908808279164,349781,26382,0.1181183,-0.2563019,0.9593353,0,0,0,0.4881998,-0.03654199,0.8719665,
638524908808339159,349787,26383,0.106308,-0.2683868,0.9574127,0,0,0,0.4905723,-0.02997166,0.870885,
638524908808409148,349794,26384,0.1071625,-0.2600403,0.9596252,-0.1210785,-0.5934448,0.7957001,0.4903378,-0.03418632,0.8708617,
638524908808469153,349800,26384,0.1020813,-0.2571259,0.960968,0,0,0,0.4903378,-0.03418632,0.8708617,
638524908808549146,349808,26385,0.1035309,-0.2550812,0.9613495,0,0,0,0.4945899,-0.04137152,0.8681412,
638524908808639149,349817,26386,0.1040344,-0.2568054,0.9608459,0,0,0,0.4959945,-0.04687783,0.8670594,
638524908808704888,349823,26386,0.09655762,-0.2494965,0.9635468,0,0,0,0.4959945,-0.04687783,0.8670594,
638524908808794878,349832,26387,0.08879089,-0.2544098,0.9629974,0,0,0,0.4976243,-0.04223048,0.866364,
638524908808874885,349840,26388,0.1003876,-0.252121,0.9624634,0,0,0,0.4970665,-0.04581163,0.8665023,
638524908808964695,349849,26389,0.08782959,-0.258255,0.9620667,0.07850647,-0.2766571,0.9577484,0.4981328,-0.05076984,0.8656132,
638524908809054686,349858,26390,0.09895325,-0.2549438,0.9618683,-0.03283691,-0.3144226,0.9487,0.4981811,-0.05667298,0.8652189,
638524908809124695,349865,26390,0.1000214,-0.2560883,0.9614563,0,0,0,0.4981811,-0.05667298,0.8652189,
638524908809204690,349873,26391,0.09365845,-0.2462463,0.9646606,0,0,0,0.500735,-0.05080024,0.8641087,
638524908809294709,349882,26392,0.09552002,-0.2617188,0.9603882,0,0,0,0.4974039,-0.05706682,0.8656401,
638524908809374689,349890,26392,0.09024048,-0.2629395,0.9605713,0,0,0,0.4974039,-0.05706682,0.8656401,
638524908809454683,349898,26393,0.08876038,-0.2593689,0.9616852,0,0,0,0.4984485,-0.06386758,0.8645635,
638524908809544686,349907,26394,0.1017151,-0.2541809,0.9617767,0,0,0,0.498916,-0.06381915,0.8642974,
638524908809634685,349916,26395,0.09063721,-0.2554321,0.9625549,0.1062622,-0.2616577,0.9592896,0.4980239,-0.06679752,0.8645868,
638524908809724696,349925,26396,0.09580994,-0.2585144,0.9612274,0.1021881,-0.2724457,0.9567108,0.4961444,-0.06634668,0.8657013,
638524908809794685,349932,26396,0.0909729,-0.2642822,0.9601288,0.1071777,-0.2634125,0.9586945,0.4961444,-0.06634668,0.8657013,
638524908809874699,349940,26397,0.09516907,-0.2573242,0.9616089,0.1104736,-0.2645416,0.9580231,0.4949037,-0.06713238,0.8663508,
638524908809964357,349949,26398,0.09729004,-0.2549438,0.9620361,0.09324646,-0.254715,0.9624939,0.4943056,-0.06814489,0.8666131,
638524908810044354,349957,26399,0.103363,-0.2320862,0.9671783,0.09518433,-0.2481079,0.964035,0.4956747,-0.07278714,0.8654529,
638524908810124340,349965,26399,0.102356,-0.2331085,0.967041,0.1000519,-0.252655,0.9623566,0.4956747,-0.07278714,0.8654529,
638524908810214344,349974,26400,0.09573364,-0.2283936,0.9688416,0.1029358,-0.2441559,0.9642487,0.4930472,-0.07081763,0.8671155,
638524908810294365,349982,26401,0.1000824,-0.2335205,0.9671783,0.1009369,-0.2507324,0.9627686,0.4918933,-0.07102455,0.8677537,
638524908810374349,349990,26402,0.0962677,-0.2345886,0.9673004,0.1040802,-0.2476807,0.9632263,0.4914328,-0.07257347,0.8678865,
638524908810464340,349999,26402,0.1108856,-0.226944,0.9675598,0.1082916,-0.2525635,0.9614868,0.4914328,-0.07257347,0.8678865,
638524908810544344,350007,26403,0.09988403,-0.2311249,0.9677734,0.09420776,-0.2468719,0.964447,0.4910007,-0.07205211,0.8681744,
638524908810624346,350015,26404,0.1022339,-0.2304535,0.9676819,0.0967865,-0.2565002,0.9616852,0.4909287,-0.07130474,0.8682768,
638524908810714345,350024,26405,0.1113586,-0.239975,0.9643555,0.1020355,-0.2459412,0.9638824,0.4911293,-0.07046255,0.8682321,
638524908810794357,350032,26405,0.1083679,-0.2336578,0.9662476,0.02197266,-0.3732758,0.9274445,0.4911293,-0.07046255,0.8682321,
638524908810894447,350042,26406,0.09510803,-0.2645416,0.959671,0.100235,-0.2591553,0.9606171,0.4902741,-0.07124333,0.8686517,
638524908810964461,350049,26407,0.09529114,-0.254425,0.9623718,0.106369,-0.2556305,0.9608917,0.4896155,-0.07149637,0.8690023,
638524908811054473,350058,26408,0.1052704,-0.2537689,0.9615021,0.02961731,-0.3783417,0.9251862,0.4892163,-0.07134308,0.8692396,
638524908811134449,350066,26408,0.09965515,-0.2733154,0.9567413,0.117157,-0.2696533,0.9557953,0.4892163,-0.07134308,0.8692396,
638524908811214455,350074,26409,0.06231689,-0.3267517,0.9430389,0.07374573,-0.3063507,0.9490509,0.4890553,-0.07109083,0.8693509,
638524908811284451,350081,26410,0.06060791,-0.2757111,0.9593201,0.05380249,-0.4489899,0.8919067,0.4889489,-0.07041354,0.8694659,
638524908811384451,350091,26411,0,0,0,0.1509247,-0.566452,0.8101501,0.4882746,-0.06896473,0.8699608,
638524908811454446,350098,26411,0,0,0,0,0,0,0.4882746,-0.06896473,0.8699608,
638524908811544462,350107,26412,0,0,0,0,0,0,0.4875053,-0.06942162,0.8703558,
638524908811624460,350115,26413,0,0,0,0,0,0,0.4863786,-0.06695674,0.8711789,
638524908811714452,350124,26414,0,0,0,0,0,0,0.4851424,-0.0668017,0.8718798,
638524908811784463,350131,26414,0,0,0,0,0,0,0.4851424,-0.0668017,0.8718798,
638524908811874472,350140,26415,0,0,0,0,0,0,0.4830713,-0.0646241,0.8731929,
638524908811938465,350146,26416,0,0,0,0,0,0,0.4805445,-0.06297354,0.8747064,
638524908812028473,350155,26416,0,0,0,0,0,0,0.4805445,-0.06297354,0.8747064,
638524908812118451,350164,26417,0,0,0,0,0,0,0.4795128,-0.06232163,0.8753191,
638524908812208466,350173,26418,0.07003784,-0.2250671,0.971817,0,0,0,0.4784177,-0.06002237,0.8760787,
638524908812298463,350182,26419,0.08828735,-0.199173,0.9759674,0.1102448,-0.2674255,0.9572449,0.4779331,-0.06053411,0.8763079,
638524908812388454,350191,26420,0.08288574,-0.19104,0.9780731,0.118988,-0.2320709,0.9653778,0.4769636,-0.06059846,0.8768315,
638524908812458480,350198,26420,0.08369446,-0.1993866,0.9763336,0.1599426,-0.3048859,0.938858,0.4769636,-0.06059846,0.8768315,
638524908812558460,350208,26421,0.09103394,-0.2118073,0.973053,0.1414337,-0.2881775,0.9470673,0.4747866,-0.06139859,0.8779566,
638524908812628481,350216,26422,0.09254456,-0.219986,0.9710999,0.1302185,-0.2709045,0.9537506,0.4732557,-0.06281065,0.878683,
638524908812718452,350224,26422,0.09809875,-0.2147369,0.9717255,0.1083069,-0.2366333,0.9655304,0.4732557,-0.06281065,0.878683,
638524908812788468,350232,26423,0.1040955,-0.2112274,0.9718628,0.122879,-0.2777405,0.9527588,0.4717284,-0.06428789,0.8793972,
638524908812878456,350240,26424,0.1039581,-0.2136688,0.971344,0.125351,-0.2517395,0.9596252,0.4703666,-0.06621122,0.8799837,
638524908812968459,350249,26425,0.1069641,-0.2227631,0.9689789,0.1234894,-0.2314606,0.9649658,0.4696508,-0.06828602,0.8802075,
638524908813038460,350256,26425,0.1065063,-0.2305756,0.9671936,0.1008148,-0.2347717,0.9667969,0.4696508,-0.06828602,0.8802075,
638524908813128453,350265,26426,0.1020813,-0.2313995,0.9674835,0.09315491,-0.2224884,0.970459,0.4682141,-0.07178459,0.8806943,
638524908813218459,350274,26427,0.1206665,-0.2206421,0.9678497,0.1015778,-0.2177582,0.9706879,0.4690263,-0.07556078,0.8799459,
638524908813288457,350281,26428,0.1228027,-0.2333069,0.9645996,0.09764099,-0.2130737,0.9721375,0.4679562,-0.07636283,0.8804463,
638524908813378455,350290,26428,0.1154938,-0.2301636,0.9662628,0.1039581,-0.2133179,0.9714203,0.4679562,-0.07636283,0.8804463,
638524908813458475,350298,26429,0.09588623,-0.2399445,0.9660339,0.1004486,-0.2078705,0.9729767,0.4671443,-0.07938692,0.8806099,
638524908813548454,350307,26430,0.1009521,-0.2332458,0.9671478,0.1031342,-0.2003937,0.9742584,0.4669012,-0.08303378,0.8804026,
638524908813628458,350315,26431,0.1026306,-0.2247772,0.9689789,0.09965515,-0.2057495,0.9735107,0.4657758,-0.08601937,0.8807119,
638524908813708556,350323,26431,0.1094666,-0.2225494,0.96875,0.1002045,-0.2069702,0.9731903,0.4657758,-0.08601937,0.8807119,
638524908813798558,350332,26432,0.1002045,-0.2284241,0.9683838,0.09623718,-0.2037811,0.9742584,0.4649083,-0.08802372,0.8809723,
638524908813878581,350341,26433,0.09999084,-0.2169952,0.9710236,0.09938049,-0.2008209,0.9745636,0.4648513,-0.08910357,0.8808938,
638524908813958571,350348,26434,0.1160736,-0.2272949,0.9668732,0.08898926,-0.1934052,0.977066,0.4642852,-0.09086366,0.8810126,
638524908814058562,350359,26434,0.09562683,-0.2280579,0.9689331,0.09603882,-0.1872253,0.9776001,0.4642852,-0.09086366,0.8810126,
638524908814138559,350366,26435,0.1164551,-0.2025299,0.9723206,0.09870911,-0.1914978,0.9765015,0.4637451,-0.09242883,0.8811342,
638524908814218560,350374,26436,0.1230774,-0.2094574,0.9700317,0.09918213,-0.2016449,0.974411,0.4635184,-0.09345513,0.8811452,
638524908814288567,350381,26437,0.112915,-0.2003479,0.9731903,0.09989929,-0.2042236,0.9738007,0.4633226,-0.09536884,0.8810431,
638524908814378565,350390,26437,0.11409,-0.1953125,0.9740753,0.0995636,-0.204895,0.9736938,0.4633226,-0.09536884,0.8810431,
638524908814458562,350398,26438,0.1105957,-0.1949158,0.9745636,0.09855652,-0.2041779,0.9739532,0.4630556,-0.0982926,0.8808621,
638524908814548560,350407,26439,0.1306763,-0.2011108,0.9708099,0.08679199,-0.207901,0.9742737,0.4627627,-0.102045,0.8805893,
638524908814638558,350416,26440,0.1145477,-0.201355,0.9727936,0.0921936,-0.2145996,0.9723358,0.4625255,-0.1052173,0.8803406,
638524908814708581,350423,26440,0.1119995,-0.2041016,0.9725189,0.1124725,-0.222641,0.9683838,0.4625255,-0.1052173,0.8803406,
638524908814788562,350431,26441,0.1086426,-0.1846008,0.9767761,0.1047668,-0.2149811,0.9709778,0.4629259,-0.1100856,0.8795344,
638524908814878568,350440,26442,0.1326294,-0.1744995,0.9756775,0.1010132,-0.2008057,0.9743958,0.4643358,-0.1172945,0.8778577,
638524908814968565,350449,26443,0.1277466,-0.1712036,0.9769135,0.0987854,-0.1969604,0.9754181,0.4655452,-0.1254909,0.876082,
638524908815038564,350456,26443,0.1320801,-0.1676636,0.976944,0.09991455,-0.1805725,0.9784698,0.4655452,-0.1254909,0.876082,
638524908815128558,350465,26444,0.1136475,-0.1795197,0.9771576,0.09257507,-0.1736603,0.9804382,0.4659275,-0.1350799,0.8744513,
638524908815218568,350474,26445,0.1038513,-0.1766052,0.978775,0.09568787,-0.1749573,0.9799042,0.4667194,-0.144279,0.8725575,
638524908815298582,350482,26446,0.1038971,-0.1708832,0.9797821,0.09661865,-0.1888428,0.9772339,0.4671126,-0.1518476,0.8710615,
638524908815388565,350491,26446,0.1048737,-0.1784515,0.9783325,0.09350586,-0.1724548,0.9805603,0.4671126,-0.1518476,0.8710615,
638524908815468562,350500,26447,0.1050568,-0.1723328,0.9794159,0.09364319,-0.1864624,0.9779816,0.4660174,-0.1575701,0.8706316,
638524908815558557,350508,26448,0.08995056,-0.1780396,0.9798889,0.0868988,-0.1797791,0.9798584,0.4648207,-0.1624096,0.870382,
638524908815628567,350515,26449,0.101532,-0.1748505,0.9793396,0.0874176,-0.1573334,0.9836578,0.4624994,-0.1680652,0.8705449,
638524908815718575,350525,26449,0.1028137,-0.1863861,0.977066,0.08395386,-0.1511078,0.9849396,0.4624994,-0.1680652,0.8705449,
638524908815798562,350532,26450,0.08898926,-0.1524811,0.9842834,0.08216858,-0.1466217,0.9857635,0.4610357,-0.1756046,0.8698328,
638524908815888557,350541,26451,0.07539368,-0.1520996,0.9854736,0.08737183,-0.1535492,0.9842682,0.460455,-0.1819907,0.8688271,
638524908815958580,350549,26452,0.1122742,-0.1602478,0.9806671,0.1160278,-0.1789093,0.9769897,0.4594609,-0.187323,0.8682199,
638524908816048557,350557,26452,0.1511536,-0.1458588,0.9776764,0.1276855,-0.1640167,0.9781494,0.4594609,-0.187323,0.8682199,
638524908816128576,350565,26453,0.1490936,-0.1598969,0.9757996,0.1252899,-0.1681366,0.9777527,0.4585431,-0.1926375,0.867542,
638524908816218558,350574,26454,0.1504669,-0.138504,0.9788513,0.1195526,-0.1474762,0.9817963,0.4569411,-0.1962324,0.8675815,
638524908816298573,350582,26455,0.1544952,-0.1240997,0.9801636,0.1352844,-0.1489868,0.979538,0.4556955,-0.1983391,0.8677576,
638524908816388559,350591,26455,0.1482544,-0.1162567,0.9820862,0.1325531,-0.147522,0.9801331,0.4556955,-0.1983391,0.8677576,
638524908816458562,350598,26456,0.1356354,-0.1151428,0.9840393,0.1300964,-0.1443481,0.9809265,0.4530045,-0.2003744,0.8686985,
638524908816538580,350606,26457,0.145752,-0.116272,0.9824524,0.1450195,-0.1564026,0.9769745,0.4513495,-0.2037857,0.8687664,
638524908816638560,350616,26458,0.1492615,-0.1077423,0.9828949,0.1370697,-0.1525269,0.9787445,0.4501545,-0.2072483,0.8685672,
638524908816708576,350623,26458,0.1464233,-0.1110077,0.9829712,0.1455078,-0.1526642,0.9774933,0.4501545,-0.2072483,0.8685672,
638524908816798559,350632,26459,0.1462402,-0.1011505,0.9840546,0.1463776,-0.1426697,0.9788818,0.4483735,-0.2078789,0.8693374,
638524908816878575,350640,26460,0.1430969,-0.106308,0.9839783,0.1421509,-0.1560822,0.9774475,0.4474949,-0.2120772,0.868776,
638524908816968563,350650,26461,0.156189,-0.1020355,0.9824371,0.1396484,-0.1358032,0.980835,0.4464962,-0.2152394,0.868512,
638524908817058559,350658,26461,0.149353,-0.1129608,0.9822998,0.1344757,-0.1372986,0.9813538,0.4464962,-0.2152394,0.868512,
638524908817138559,350666,26462,0.1643524,-0.1166229,0.9794769,0.1344452,-0.1305237,0.9822845,0.4449519,-0.2191251,0.8683329,
638524908817208562,350674,26463,0.1627197,-0.1134186,0.9801178,0.1210938,-0.1306915,0.9839935,0.4417253,-0.2235241,0.8688589,
638524908817298573,350682,26464,0.1389923,-0.1352997,0.9810028,0.1103668,-0.1440125,0.9833984,0.4381113,-0.2285285,0.8693867,
638524908817378558,350691,26464,0.1747589,-0.1054688,0.9789429,0.1114807,-0.134491,0.9846191,0.4381113,-0.2285285,0.8693867,
638524908817458576,350699,26465,0.164917,-0.110672,0.980072,0.1181793,-0.1345367,0.9838257,0.4351538,-0.2350788,0.8691255,
638524908817558561,350708,26466,0.1670227,-0.1035767,0.980484,0.1179047,-0.1243134,0.985199,0.4329327,-0.2423713,0.8682312,
638524908817638566,350716,26467,0.1798401,-0.1152649,0.9769135,0.122345,-0.1415863,0.9823303,0.4310549,-0.2507363,0.8667889,
638524908817718563,350724,26467,0.1628876,-0.102478,0.9812927,0.1062317,-0.1375885,0.9847717,0.4310549,-0.2507363,0.8667889,
638524908817798555,350732,26468,0.1741791,-0.07745361,0.9816589,0.1124268,-0.1308136,0.9850006,0.4289396,-0.2595279,0.8652492,
638524908817888557,350741,26469,0.1652985,-0.09431458,0.98172,0.1141663,-0.1255951,0.9854889,0.4263777,-0.2691942,0.8635604,
638524908817978561,350750,26470,0.1703186,-0.08590698,0.9816284,0.1231842,-0.1221924,0.9848175,0.4233242,-0.27986,0.8616699,
638524908818048563,350757,26470,0.1605682,-0.1044312,0.9814758,0.1258545,-0.1080475,0.9861298,0.4233242,-0.27986,0.8616699,
638524908818128556,350765,26471,0.1737671,-0.08190918,0.981369,0.1227112,-0.1011963,0.9872589,0.4201514,-0.2905551,0.8596805,
638524908818208570,350773,26472,0.1627502,-0.08575439,0.9829254,0.1190643,-0.09095764,0.9887085,0.4177022,-0.3015538,0.8570824,
638524908818298569,350783,26473,0.1673889,-0.06971741,0.9834137,0.1294556,-0.0790863,0.9884186,0.4150265,-0.3124169,0.8544874,
638524908818378568,350791,26473,0.1533813,-0.02932739,0.9877167,0.120697,-0.07414246,0.9899139,0.4150265,-0.3124169,0.8544874,
638524908818468555,350799,26474,0.1667938,-0.06486511,0.9838409,0.1320038,-0.06518555,0.98909,0.4125927,-0.3238093,0.8514193,
638524908818558563,350808,26475,0.1652069,-0.06600952,0.9840393,0.1311951,-0.06880188,0.9889526,0.4102014,-0.3349274,0.848268,
638524908818628562,350815,26476,0.1858215,-0.02819824,0.9821625,0.1329803,-0.07156372,0.9885254,0.4072961,-0.3461552,0.8451548,
638524908818704417,350823,26476,0.1834259,-0.03587341,0.9823608,0.1316376,-0.0745697,0.9884796,0.4072961,-0.3461552,0.8451548,
638524908818804413,350833,26477,0.204483,-0.2448578,0.9477386,0.1291351,-0.05126953,0.9902954,0.4048716,-0.3573443,0.8416556,
638524908818884447,350841,26478,0.1883545,-0.2367706,0.953125,0.1058502,-0.2620087,0.9592285,0.4028558,-0.3679703,0.8380364,
638524908818969602,350850,26479,0.1986694,-0.2298126,0.9527283,0.117981,-0.2699585,0.9556122,0.4009037,-0.3792854,0.8339177,
638524908819039598,350857,26479,0.1914063,-0.2335968,0.9532928,0.110672,-0.2425232,0.9638062,0.4009037,-0.3792854,0.8339177,
638524908819129594,350866,26480,0.1970062,-0.2026825,0.9592133,0.1103058,-0.2420349,0.9639587,0.3990038,-0.3893187,0.8301969,
638524908819209606,350874,26481,0.2160645,-0.4766998,0.8520813,0.1161957,-0.233963,0.965271,0.3978596,-0.3990467,0.8261171,
638524908819299623,350883,26482,0.01945496,-0.4720001,0.8813782,0.1164398,-0.151123,0.9816284,0.3952516,-0.4093264,0.8223309,
638524908819379597,350891,26482,0.1270447,0.03164673,0.9913788,0.1529999,-0.2641602,0.9522552,0.3952516,-0.4093264,0.8223309,
638524908819469593,350900,26483,0.02604675,-0.4260101,0.9043274,0.2073975,-0.263382,0.9421234,0.3913865,-0.4193623,0.8191165,
638524908819549622,350908,26484,0.2093811,0.0933075,0.9733582,0.1646576,0.04524231,0.9853058,0.3890361,-0.4292625,0.8150979,
638524908819629615,350916,26485,0.02201843,-0.6325836,0.7741699,0.2158356,-0.4528046,0.8650818,0.385933,-0.4397848,0.8109532,
638524908819699600,350923,26485,0,0,0,0.1432037,0.09899902,0.984726,0.385933,-0.4397848,0.8109532,
638524908819779605,350931,26486,0,0,0,0.1627197,0.0486145,0.9854584,0.384008,-0.4500981,0.8061945,
638524908819859606,350939,26487,0,0,0,0.05360413,-0.414566,0.908432,0.3817057,-0.460369,0.8014744,
638524908819959601,350949,26488,0,0,0,0.1145325,-0.45784,0.8816223,0.378677,-0.4711783,0.7966145,
638524908820029603,350956,26488,0,0,0,0.1743469,0.03570557,0.984024,0.378677,-0.4711783,0.7966145,
638524908820099678,350963,26489,0,0,0,0,0,0,0.3757212,-0.4824592,0.7912438,
638524908820189610,350972,26490,0,0,0,0,0,0,0.3732935,-0.4942519,0.7850904,
638524908820279610,350981,26490,0,0,0,0.1134491,0.009017944,0.9934998,0.3732935,-0.4942519,0.7850904,
638524908820359598,350989,26491,0,0,0,0.1237183,-0.6016846,0.7890778,0.3712686,-0.505836,0.778646,
638524908820429600,350996,26492,0,0,0,0,0,0,0.3696896,-0.5167681,0.7721919,
638524908820519611,351005,26493,0,0,0,0,0,0,0.3682048,-0.5284882,0.764935,
638524908820599593,351013,26493,0,0,0,0,0,0,0.3682048,-0.5284882,0.764935,
638524908820679596,351021,26494,0,0,0,0,0,0,0.3654282,-0.5407335,0.7576738,
638524908820759606,351029,26495,0,0,0,0,0,0,0.3628193,-0.5517429,0.7509607,
638524908820859600,351039,26496,0,0,0,0,0,0,0.3603416,-0.5632299,0.74359,
638524908820929624,351046,26496,0,0,0,0,0,0,0.3603416,-0.5632299,0.74359,
638524908821009597,351054,26497,0,0,0,0,0,0,0.3580157,-0.5715857,0.7383188,
638524908821099615,351063,26498,0,0,0,0,0,0,0.3548899,-0.5801781,0.7331074,
638524908821181822,351071,26499,0,0,0,0,0,0,0.3516604,-0.5895804,0.7271382,
638524908821261706,351079,26499,0,0,0,0,0,0,0.3516604,-0.5895804,0.7271382,
638524908821341708,351087,26500,0,0,0,0,0,0,0.3479105,-0.598952,0.7212592,
638524908821431712,351096,26501,0,0,0,0,0,0,0.3454695,-0.6070334,0.7156544,
638524908821521711,351105,26502,0,0,0,0,0,0,0.3433432,-0.6149157,0.7099255,
638524908821601707,351113,26502,0,0,0,0,0,0,0.3433432,-0.6149157,0.7099255,
638524908821681727,351121,26503,0,0,0,0,0,0,0.3406136,-0.6229461,0.7042163,
638524908821761717,351129,26504,0,0,0,0,0,0,0.3378957,-0.6302152,0.6990389,
638524908821841707,351137,26505,0,0,0,0,0,0,0.3347188,-0.6372637,0.6941602,
638524908821941701,351147,26505,0,0,0,0,0,0,0.3347188,-0.6372637,0.6941602,
638524908822021701,351155,26506,0,0,0,0,0,0,0.3313327,-0.6446599,0.6889356,
638524908822091702,351162,26507,0,0,0,0,0,0,0.3290405,-0.6513109,0.6837591,
638524908822191714,351172,26508,0,0,0,0,0,0,0.3264697,-0.656916,0.6796167,
638524908822261714,351179,26508,0,0,0,0,0,0,0.3264697,-0.656916,0.6796167,
638524908822351710,351188,26509,0,0,0,0,0,0,0.3229404,-0.6629179,0.6754623,
638524908822431707,351196,26510,0,0,0,0,0,0,0.3193059,-0.6677489,0.6724249,
638524908822521714,351205,26511,0,0,0,0,0,0,0.3153328,-0.6721636,0.6698965,
638524908822591719,351212,26511,0,0,0,0,0,0,0.3153328,-0.6721636,0.6698965,
638524908822681709,351221,26512,0,0,0,0,0,0,0.3108389,-0.6767739,0.6673502,
638524908822761714,351229,26513,0,0,0,0,0,0,0.3057957,-0.6806372,0.6657492,
638524908822841713,351237,26514,0,0,0,0,0,0,0.3008263,-0.6836004,0.6649767,
638524908822931700,351246,26514,0,0,0,0,0,0,0.3008263,-0.6836004,0.6649767,
638524908823011701,351254,26515,0,0,0,0,0,0,0.2953639,-0.6863242,0.6646196,
638524908823101717,351263,26516,0,0,0,0,0,0,0.2894847,-0.689638,0.6637757,
638524908823181726,351271,26517,0,0,0,0,0,0,0.283278,-0.6923414,0.6636391,
638524908823261701,351279,26517,0,0,0,0,0,0,0.283278,-0.6923414,0.6636391,
638524908823341705,351287,26518,0,0,0,0,0,0,0.2776971,-0.6950613,0.6631547,
638524908823431708,351296,26519,0,0,0,0,0,0,0.2723582,-0.6986946,0.6615489,
638524908823511708,351304,26520,0,0,0,0,0,0,0.2671191,-0.7025568,0.6595919,
638524908823601702,351313,26520,0,0,0,0,0,0,0.2671191,-0.7025568,0.6595919,
638524908823681865,351321,26521,0,0,0,0,0,0,0.2620946,-0.7059386,0.6579947,
638524908823771800,351330,26522,0,0,0,0,0,0,0.257141,-0.7099902,0.6555856,
638524908823841811,351337,26523,0,0,0,0,0,0,0.2524249,-0.7139645,0.6530976,
638524908823931798,351346,26523,0,0,0,0,0,0,0.2524249,-0.7139645,0.6530976,
638524908824011800,351354,26524,0,0,0,0,0,0,0.2483914,-0.7177038,0.6505405,
638524908824091821,351362,26525,0,0,0,0,0,0,0.2437273,-0.7212701,0.6483567,
638524908824181808,351371,26526,0,0,0,0,0,0,0.2391598,-0.7253736,0.6454733,
638524908824261797,351379,26526,0,0,0,0,0,0,0.2391598,-0.7253736,0.6454733,
638524908824341811,351387,26527,0,0,0,0,0,0,0.2347679,-0.7296966,0.6422047,
638524908824431821,351396,26528,0,0,0,0,0,0,0.2308617,-0.7342615,0.6384066,
638524908824511804,351404,26529,0,0,0,0,0,0,0.2271472,-0.7385814,0.6347454,
638524908824591797,351412,26529,0,0,0,0,0,0,0.2271472,-0.7385814,0.6347454,
638524908824681802,351421,26530,0,0,0,0,0,0,0.2245272,-0.7414597,0.6323173,
638524908824761814,351429,26531,0,0,0,0,0,0,0.2215475,-0.7460492,0.6279549,
638524908824841812,351437,26532,0,0,0,0,0,0,0.2174939,-0.7517927,0.6224982,
638524908824931800,351446,26532,0,0,0,0,0,0,0.2174939,-0.7517927,0.6224982,
638524908825011801,351454,26533,0,0,0,0,0,0,0.2151039,-0.7561154,0.6180776,
638524908825091812,351462,26534,0,0,0,0,0,0,0.21169,-0.7601064,0.6143497,
638524908825181810,351471,26535,0,0,0,0,0,0,0.2094496,-0.7637876,0.6105403,
638524908825261796,351479,26535,0,0,0,0,0,0,0.2094496,-0.7637876,0.6105403,
638524908825341800,351487,26536,0,0,0,0,0,0,0.2080649,-0.7666972,0.6073586,
638524908825431801,351496,26537,0,0,0,0,0,0,0.2075328,-0.7686002,0.6051313,
638524908825521805,351505,26538,0,0,0,0,0,0,0.2070161,-0.7702434,0.6032159,
638524908825601802,351513,26538,0,0,0,0,0,0,0.2070161,-0.7702434,0.6032159,
638524908825681803,351521,26539,0,0,0,0,0,0,0.2068206,-0.7717409,0.6013661,
638524908825761809,351529,26540,0,0,0,0,0,0,0.2054345,-0.7734923,0.5995885,
638524908825851805,351538,26541,0,0,0,0,0,0,0.2042804,-0.7746078,0.5985418,
638524908825931800,351546,26541,0,0,0,0,0,0,0.2042804,-0.7746078,0.5985418,
638524908826011805,351554,26542,0,0,0,0,0,0,0.2041696,-0.774081,0.5992607,
638524908826091823,351562,26543,0,0,0,0,0,0,0.2043923,-0.7730389,0.6005288,
638524908826187906,351571,26544,0,0,0,0,0,0,0.2063665,-0.7703136,0.6033488,
638524908826257900,351578,26544,0,0,0,0,0,0,0.2063665,-0.7703136,0.6033488,
638524908826347892,351587,26545,0,0,0,0,0,0,0.2083662,-0.7674596,0.6062914,
638524908826427894,351595,26546,0,0,0,0,0,0,0.2103922,-0.7649062,0.6088134,
638524908826507898,351603,26547,0,0,0,0,0,0,0.2121265,-0.7629982,0.6106031,
638524908826597888,351612,26547,0,0,0,0,0,0,0.2121265,-0.7629982,0.6106031,
638524908826687893,351621,26548,0,0,0,0,0,0,0.2131701,-0.7610399,0.6126801,
638524908826757895,351628,26549,0,0,0,0,0,0,0.2144696,-0.7595404,0.6140857,
638524908826857892,351638,26550,0,0,0,0,0,0,0.2147035,-0.7566942,0.6175081,
638524908826923054,351645,26550,0,0,0,0,0,0,0.2147035,-0.7566942,0.6175081,
638524908827013048,351654,26551,0,0,0,0,0,0,0.2158637,-0.7555127,0.6185495,
638524908827093069,351662,26552,0,0,0,0,0,0,0.2180707,-0.7532472,0.6205351,
638524908827183072,351671,26553,0,0,0,0,0,0,0.2194873,-0.7505729,0.6232703,
638524908827263056,351679,26553,0,0,0,0,0,0,0.2194873,-0.7505729,0.6232703,
638524908827343051,351687,26554,0,0,0,0,0,0,0.2209222,-0.7475982,0.6263309,
638524908827423059,351695,26555,0,0,0,0,0,0,0.2211191,-0.7447863,0.6296028,
638524908827513071,351704,26556,0,0,0,0,0,0,0.220103,-0.7425596,0.6325819,
638524908827593048,351712,26556,0,0,0,0,0,0,0.220103,-0.7425596,0.6325819,
638524908827673048,351720,26557,0,0,0,0,0,0,0.2195078,-0.7407409,0.6349168,
638524908827763053,351729,26558,0,0,0,0,0,0,0.2200918,-0.7395455,0.6361069,
638524908827853067,351738,26559,0,0,0,0,0,0,0.2213499,-0.7384261,0.6369702,
638524908827923058,351745,26559,0,0,0,0,0,0,0.2213499,-0.7384261,0.6369702,
638524908828013051,351754,26560,0,0,0,0,0,0,0.2221445,-0.7379609,0.6372328,
638524908828093076,351762,26561,0,0,0,0,0,0,0.221985,-0.7375854,0.6377228,
638524908828183060,351771,26562,0,0,0,0,0,0,0.2215873,-0.7366698,0.6389185,
638524908828263055,351779,26562,0,0,0,0,0,0,0.2215873,-0.7366698,0.6389185,
638524908828353055,351788,26563,0,0,0,0,0,0,0.2207021,-0.7355281,0.6405382,
638524908828423055,351795,26564,0,0,0,0,0,0,0.2210721,-0.7338504,0.6423323,
638524908828523068,351805,26565,0,0,0,0,0,0,0.2215613,-0.7329487,0.6431926,
638524908828593052,351812,26565,0,0,0,0,0,0,0.2215613,-0.7329487,0.6431926,
638524908828673051,351820,26566,0,0,0,0,0,0,0.2213871,-0.7327124,0.6435217,
638524908828761526,351829,26567,0,0,0,0,0,0,0.2193547,-0.7342357,0.6424807,
638524908828851533,351838,26568,0,0,0,0,0,0,0.2176422,-0.7359213,0.6411331,
638524908828921526,351845,26568,0,0,0,0,0,0,0.2176422,-0.7359213,0.6411331,
638524908829011520,351854,26569,0,0,0,0,0,0,0.215741,-0.7389086,0.6383337,
638524908829091527,351862,26570,0,0,0,0,0,0,0.2139684,-0.7421501,0.6351619,
638524908829171519,351870,26571,0,0,0,0,0,0,0.213791,-0.7451084,0.6317491,
638524908829261519,351879,26571,0,0,0,0,0,0,0.213791,-0.7451084,0.6317491,
638524908829341543,351887,26572,0,0,0,0,0,0,0.2140007,-0.7466869,0.6298113,
638524908829421535,351895,26573,0,0,0,0,0,0,0.2153614,-0.7480026,0.6277831,
638524908829521528,351905,26574,0,0,0,0,0,0,0.2171494,-0.7488571,0.6261464,
638524908829591524,351912,26574,0,0,0,0,0,0,0.2171494,-0.7488571,0.6261464,
638524908829681519,351921,26575,0,0,0,0,0,0,0.2208042,-0.7488339,0.6248947,
638524908829761529,351929,26576,0,0,0,0,0,0,0.2253929,-0.748498,0.6236577,
638524908829841525,351937,26577,0,0,0,0,0,0,0.2325798,-0.7473704,0.6223698,
638524908829941530,351947,26577,0,0,0,0,0,0,0.2325798,-0.7473704,0.6223698,
638524908830011549,351954,26578,0,0,0,0,0,0,0.2397389,-0.7486317,0.6181228,
638524908830101529,351963,26579,0,0,0,0,0,0,0.247172,-0.7504501,0.6129686,
638524908830181546,351971,26580,0,0,0,0,0,0,0.2531267,-0.7536554,0.6065726,
638524908830261522,351979,26580,0,0,0,0,0,0,0.2531267,-0.7536554,0.6065726,
638524908830341525,351987,26581,0,0,0,0,0,0,0.2553083,-0.756779,0.6017502,
638524908830421527,351995,26582,0,0,0,0,0,0,0.2582155,-0.7567827,0.6005038,
638524908830511527,352004,26583,0,0,0,0,0,0,0.2616891,-0.7566605,0.5991526,
638524908830591519,352012,26583,0,0,0,0,0,0,0.2616891,-0.7566605,0.5991526,
638524908830681520,352021,26584,0,0,0,0,0,0,0.2658494,-0.757677,0.5960283,
638524908830761530,352029,26585,0,0,0,0,0,0,0.2710804,-0.7584226,0.5927147,
638524908830841530,352037,26586,0,0,0,0,0,0,0.2779437,-0.7578367,0.5902804,
638524908830931530,352046,26586,0,0,0,0,0,0,0.2779437,-0.7578367,0.5902804,
638524908831011521,352054,26587,0,0,0,0,0,0,0.2851278,-0.7577051,0.5870138,
638524908831091552,352062,26588,0,0,0,0,0,0,0.2937469,-0.758362,0.5818933,
638524908831171533,352070,26589,0,0,0,0,0,0,0.3043376,-0.7588772,0.5757467,
638524908831261521,352079,26589,0,0,0,0,0,0,0.3043376,-0.7588772,0.5757467,
638524908831341524,352087,26590,0,0,0,0,0,0,0.3153852,-0.7585362,0.5702237,
638524908831421525,352095,26591,0,0,0,0,0,0,0.3278458,-0.7582203,0.5635772,
638524908831521526,352105,26592,0,0,0,0,0,0,0.3391522,-0.7585886,0.5563445,
638524908831591525,352112,26592,0,0,0,0,0,0,0.3391522,-0.7585886,0.5563445,
638524908831671537,352120,26593,0,0,0,0,0,0,0.3501294,-0.7584143,0.5497428,
638524908831761530,352129,26594,0,0,0,0,0,0,0.3599252,-0.7574117,0.5447766,
638524908831851529,352138,26595,0,0,0,0,0,0,0.3695443,-0.7564632,0.53963,
638524908831921528,352145,26595,0,0,0,0,0,0,0.3695443,-0.7564632,0.53963,
638524908832011517,352154,26596,0,0,0,0,0,0,0.37871,-0.7552708,0.534925,
638524908832091532,352162,26597,0,0,0,0,0,0,0.388765,-0.7536715,0.5299445,
638524908832181530,352171,26598,0,0,0,0,0,0,0.3978423,-0.7526664,0.5246093,
638524908832261521,352179,26598,0,0,0,0,0,0,0.3978423,-0.7526664,0.5246093,
638524908832351524,352188,26599,0,0,0,0,0,0,0.4086491,-0.7514207,0.5180472,
638524908832421532,352195,26600,0,0,0,0,0,0,0.420926,-0.749056,0.5116018,
638524908832511528,352204,26601,0,0,0,0,0,0,0.4344842,-0.7458236,0.5049461,
638524908832591519,352212,26601,0,0,0,0,0,0,0.4344842,-0.7458236,0.5049461,
638524908832681522,352221,26602,0,0,0,0,0,0,0.449491,-0.741539,0.4980741,
638524908832761533,352229,26603,0,0,0,0,0,0,0.4651875,-0.7357554,0.4922038,
638524908832841527,352237,26604,0,0,0,0,0,0,0.4800039,-0.7313049,0.4845507,
638524908832921538,352245,26604,0,0,0,0,0,0,0.4800039,-0.7313049,0.4845507,
638524908833011532,352254,26605,0,0,0,0,0,0,0.4920819,-0.7278854,0.4775335,
638524908833091535,352262,26606,0,0,0,0,0,0,0.5027789,-0.7249008,0.4708844,
638524908833171520,352270,26607,0,0,0,0,0,0,0.5095557,-0.7237749,0.4652988,
638524908833261520,352279,26607,0,0,0,0,0,0,0.5095557,-0.7237749,0.4652988,
638524908833341522,352287,26608,0,0,0,0,0,0,0.5139984,-0.7235931,0.460672,
638524908833431530,352296,26609,0,0,0,0,0,0,0.5193285,-0.7230745,0.4554791,
638524908833511542,352304,26610,0,0,0,0,0,0,0.5277811,-0.7179268,0.4539034,
638524908833591519,352312,26610,0,0,0,0,0,0,0.5277811,-0.7179268,0.4539034,
638524908833671523,352320,26611,0,0,0,0,0,0,0.5289256,-0.7168454,0.4542801,
638524908833760191,352329,26612,0,0,0,0,0,0,0.5301837,-0.7145669,0.4563982,
638524908833850191,352338,26613,0,0,0,0,0,0,0.534565,-0.7089689,0.4600037,
638524908833930185,352346,26613,0,0,0,0,0,0,0.534565,-0.7089689,0.4600037,
638524908834010203,352354,26614,0,0,0,0,0,0,0.5361146,-0.7042725,0.4653831,
638524908834090194,352362,26615,0,0,0,0,0,0,0.538658,-0.6985695,0.4710076,
638524908834180193,352371,26616,0,0,0,0,0,0,0.542801,-0.6901441,0.4786106,
638524908834260182,352379,26616,0,0,0,0,0,0,0.542801,-0.6901441,0.4786106,
638524908834340193,352387,26617,0,0,0,0,0,0,0.546851,-0.6818293,0.4858629,
638524908834420183,352395,26618,0,0,0,0,0,0,0.5504145,-0.6725986,0.4946262,
638524908834520202,352405,26619,0,0,0,0,0,0,0.5533274,-0.6631528,0.5040408,
638524908834590185,352412,26619,0,0,0,0,0,0,0.5533274,-0.6631528,0.5040408,
638524908834680192,352421,26620,0,0,0,0,0,0,0.5551274,-0.6520314,0.5164192,
638524908834760196,352429,26621,0,0,0,0,0,0,0.5562639,-0.6402946,0.5297106,
638524908834850193,352438,26622,0,0,0,0,0,0,0.5573149,-0.6290836,0.5418984,
638524908834930192,352446,26622,0,0,0,0,0,0,0.5573149,-0.6290836,0.5418984,
638524908835010197,352454,26623,0,0,0,0,0,0,0.5568362,-0.6183333,0.5546147,
638524908835090194,352462,26624,0,0,0,0,0,0,0.5546594,-0.6079271,0.5681351,
638524908835180200,352471,26625,0,0,0,0,0,0,0.5510447,-0.5974678,0.5825651,
638524908835270186,352480,26625,0,0,0,0,0,0,0.5510447,-0.5974678,0.5825651,
638524908835340185,352487,26626,0,0,0,0,0,0,0.546714,-0.5880103,0.5961106,
638524908835420187,352495,26627,0,0,0,0,0,0,0.5416725,-0.5787947,0.6095798,
638524908835510198,352504,26628,0,0,0,0,0,0,0.5380304,-0.5692139,0.6217063,
638524908835590186,352512,26628,0,0,0,0,0,0,0.5380304,-0.5692139,0.6217063,
638524908835690182,352522,26629,0,0,0,0,0,0,0.5336941,-0.560183,0.6335342,
638524908835760191,352529,26630,0,0,0,0,0,0,0.5295036,-0.5509616,0.6450328,
638524908835840215,352537,26631,0,0,0,0,0,0,0.5245857,-0.542237,0.656345,
638524908835920194,352545,26631,0,0,0,0,0,0,0.5245857,-0.542237,0.656345,
638524908836010203,352554,26632,0,0,0,0,0,0,0.5183622,-0.5343467,0.6676633,
638524908836100191,352563,26633,0,0,0,0,0,0,0.5115203,-0.5266315,0.6789744,
638524908836189073,352572,26634,0,0,0,0,0,0,0.5029022,-0.5192166,0.6910164,
638524908836259080,352579,26634,0,0,0,0,0,0,0.5029022,-0.5192166,0.6910164,
638524908836339066,352587,26635,0,0,0,0,0,0,0.4939923,-0.5112066,0.703306,
638524908836429077,352596,26636,0,0,0,0,0,0,0.4839569,-0.5030769,0.7160302,
638524908836519073,352605,26637,0,0,0,0,0,0,0.4739906,-0.4938948,0.7289724,
638524908836589073,352612,26637,0,0,0,0,0,0,0.4739906,-0.4938948,0.7289724,
638524908836679090,352621,26638,0,0,0,0,0,0,0.462613,-0.4831436,0.7433448,
638524908836759071,352629,26639,0,0,0,0,0,0,0.4509752,-0.4723484,0.7573034,
638524908836849088,352638,26640,0,0,0,0,0,0,0.4389546,-0.4609973,0.771233,
638524908836929070,352646,26640,0,0,0,0,0,0,0.4389546,-0.4609973,0.771233,
638524908837019072,352655,26641,0,0,0,0,0,0,0.4277275,-0.4507459,0.7835033,
638524908837089080,352662,26642,0,0,0,0,0,0,0.4169167,-0.4419397,0.7942731,
638524908837179080,352671,26643,0,0,0,0,0,0,0.4087268,-0.4328239,0.8034961,
638524908837259065,352679,26643,0,0,0,0,0,0,0.4087268,-0.4328239,0.8034961,
638524908837339078,352687,26644,0,0,0,0,0,0,0.3991815,-0.4262721,0.811755,
638524908837429076,352696,26645,0,0,0,0,0,0,0.3872469,-0.416818,0.8223763,
638524908837519072,352705,26646,0,0,0,0,0,0,0.3763715,-0.4080879,0.8317505,
638524908837589080,352712,26646,0,0,0,0,0,0,0.3763715,-0.4080879,0.8317505,
638524908837689059,352722,26647,0,0,0,0,0,0,0.3652428,-0.3996055,0.8407813,
638524908837769074,352730,26648,0,0,0,0,0,0,0.3536665,-0.3898864,0.8502403,
638524908837849074,352738,26649,0,0,0,0,0,0,0.3437023,-0.3803776,0.8585929,
638524908837929077,352746,26649,0,0,0,0,0,0,0.3437023,-0.3803776,0.8585929,
638524908838009068,352754,26650,0,0,0,0,0,0,0.3354924,-0.3711301,0.8658564,
638524908838089091,352762,26651,0,0,0,0,0,0,0.328385,-0.3628403,0.8720723,
638524908838179063,352771,26652,0,0,0,0,0,0,0.3217644,-0.3538828,0.8781996,
638524908838259069,352779,26652,0,0,0,0,0,0,0.3217644,-0.3538828,0.8781996,
638524908838339088,352787,26653,0,0,0,0,0,0,0.314959,-0.3439392,0.884594,
638524908838429079,352796,26654,0,0,0,0,0,0,0.3069924,-0.3348719,0.8908516,
638524908838519069,352805,26655,0,0,0,0,0,0,0.2991195,-0.3258893,0.8968409,
638524908838599100,352813,26655,0,0,0,0,0,0,0.2991195,-0.3258893,0.8968409,
638524908838679998,352821,26656,0,0,0,0,0,0,0.2925947,-0.3200822,0.9010748,
638524908838759893,352829,26657,0,0,0,0,0,0,0.2862259,-0.3155575,0.9047089,
638524908838849881,352838,26658,0,0,0,0,0,0,0.2816048,-0.3116946,0.9074939,
638524908838919900,352845,26658,0,0,0,0,0,0,0.2816048,-0.3116946,0.9074939,
638524908839009892,352854,26659,0,0,0,0,0,0,0.2776765,-0.3075348,0.9101198,
638524908839089900,352862,26660,0,0,0,0,0,0,0.2725953,-0.303701,0.912939,
638524908839169885,352870,26661,0,0,0,0,0,0,0.2675869,-0.3008676,0.9153556,
638524908839259889,352879,26661,0,0,0,0,0,0,0.2675869,-0.3008676,0.9153556,
638524908839339905,352887,26662,0,0,0,0,0,0,0.2615474,-0.2978378,0.918088,
638524908839419890,352895,26663,0,0,0,0,0,0,0.2506321,-0.2960618,0.9217001,
638524908839509893,352904,26664,0,0,0,0,0,0,0.2409312,-0.2949859,0.9246272,
638524908839589900,352912,26664,0,0,0,0,0,0,0.2409312,-0.2949859,0.9246272,
638524908839679892,352921,26665,0,0,0,0,0,0,0.2305658,-0.2946524,0.9273723,
638524908839759899,352929,26666,0,0,0,0,0,0,0.2181066,-0.2953587,0.9301574,
638524908839849891,352938,26667,0,0,0,0,0,0,0.2084108,-0.2891323,0.9343273,
638524908839929895,352946,26667,0,0,0,0,0,0,0.2084108,-0.2891323,0.9343273,
638524908840009899,352954,26668,0,0,0,0,0,0,0.1998804,-0.2844867,0.9376114,
638524908840089910,352962,26669,0,0,0,0,0,0,0.1924788,-0.2793119,0.9407108,
638524908840169890,352970,26670,0,0,0,0,0,0,0.1866924,-0.2778625,0.9423048,
638524908840259893,352979,26670,0,0,0,0,0,0,0.1866924,-0.2778625,0.9423048,
638524908840339887,352987,26671,0,0,0,0,0,0,0.1818628,-0.2773948,0.9433865,
638524908840419895,352995,26672,0,0,0,0,0,0,0.1743949,-0.2783827,0.9445049,
638524908840519891,353005,26673,0,0,0,0,0,0,0.166221,-0.2791611,0.9457482,
638524908840589883,353012,26673,0,0,0,0,0,0,0.166221,-0.2791611,0.9457482,
638524908840669883,353020,26674,0,0,0,0,0,0,0.160552,-0.2817722,0.9459532,
638524908840759892,353029,26675,0,0,0,0,0,0,0.1546069,-0.2876978,0.9451596,
638524908840849885,353038,26676,0,0,0,0,0,0,0.150616,-0.297307,0.9428273,
638524908840919884,353045,26676,0,0,0,0,0,0,0.150616,-0.297307,0.9428273,
638524908841009905,353054,26677,0,0,0,0,0,0,0.1479827,-0.3016838,0.9418535,
638524908841089890,353062,26678,0,0,0,0,0,0,0.1418562,-0.3042646,0.9419659,
638524908841169885,353070,26679,0,0,0,0,0,0,0.1386247,-0.3050309,0.9421992,
638524908841260447,353079,26679,0,0,0,0,0,0,0.1386247,-0.3050309,0.9421992,
638524908841340446,353087,26680,0,0,0,0,0,0,0.1354903,-0.3052579,0.9425816,
638524908841420451,353095,26681,0,0,0,0,0,0,0.133911,-0.3080901,0.9418855,
638524908841510448,353104,26682,0,0,0,0,0,0,0.1324445,-0.3108568,0.9411836,
638524908841590450,353112,26682,0,0,0,0,0,0,0.1324445,-0.3108568,0.9411836,
638524908841670448,353120,26683,0,0,0,0,0,0,0.1321602,-0.3133077,0.9404105,
638524908841760452,353129,26684,0,0,0,0,0,0,0.1328883,-0.3150718,0.9397183,
638524908841840450,353137,26685,0,0,0,0,0,0,0.1336305,-0.3159099,0.9393316,
638524908841920457,353145,26685,0,0,0,0,0,0,0.1336305,-0.3159099,0.9393316,
638524908842010446,353154,26686,0,0,0,0,0,0,0.135822,-0.3183534,0.9381916,
638524908842090473,353162,26687,0,0,0,0,0,0,0.1380795,-0.3220638,0.9365944,
638524908842170454,353170,26688,0,0,0,0,0,0,0.1398063,-0.3267857,0.9347007,
638524908842260447,353179,26688,0,0,0,0,0,0,0.1398063,-0.3267857,0.9347007,
638524908842340471,353187,26689,0,0,0,0,0,0,0.1417412,-0.3309102,0.9329565,
638524908842420458,353195,26690,0,0,0,0,0,0,0.144587,-0.3345297,0.9312274,
638524908842510457,353204,26691,0,0,0,0,0,0,0.1480413,-0.3371634,0.9297336,
638524908842590451,353212,26691,0,0,0,0,0,0,0.1480413,-0.3371634,0.9297336,
638524908842670460,353220,26692,0,0,0,0,0,0,0.1506987,-0.3395565,0.9284348,
638524908842760455,353229,26693,0,0,0,0,0,0,0.1507233,-0.3418611,0.9275848,
638524908842850452,353238,26694,0,0,0,0,0,0,0.1507588,-0.3440234,0.9267792,
638524908842920452,353245,26694,0,0,0,0,0,0,0.1507588,-0.3440234,0.9267792,
638524908843010446,353254,26695,0,0,0,0,0,0,0.1514041,-0.3459026,0.9259742,
638524908843090470,353262,26696,0,0,0,0,0,0,0.1521206,-0.3472882,0.9253379,
638524908843170457,353270,26697,0,0,0,0,0,0,0.1530746,-0.3487565,0.9246281,
638524908843260447,353279,26697,0,0,0,0,0,0,0.1530746,-0.3487565,0.9246281,
638524908843340466,353287,26698,0,0,0,0,0,0,0.1544681,-0.3501344,0.9238753,
638524908843420461,353295,26699,0,0,0,0,0,0,0.1564203,-0.3512641,0.9231176,
638524908843520461,353305,26700,0,0,0,0,0,0,0.1599744,-0.3536941,0.9215794,
638524908843590450,353312,26700,0,0,0,0,0,0,0.1599744,-0.3536941,0.9215794,
638524908843670446,353320,26701,0,0,0,0,0,0,0.1639831,-0.3562734,0.9198798,
638524908843760027,353329,26702,0,0,0,0,0,0,0.1676757,-0.3567911,0.919013,
638524908843850021,353338,26703,0,0,0,0,0,0,0.1718529,-0.356964,0.9181739,
638524908843920040,353345,26703,0,0,0,0,0,0,0.1718529,-0.356964,0.9181739,
638524908844010018,353354,26704,0,0,0,0,0,0,0.1754265,-0.3570055,0.9174817,
638524908844090039,353362,26705,0,0,0,0,0,0,0.1787538,-0.3570251,0.9168316,
638524908844170020,353370,26706,0,0,0,0,0,0,0.1818161,-0.3574104,0.916079,
638524908844260014,353379,26706,0,0,0,0,0,0,0.1818161,-0.3574104,0.916079,
638524908844340017,353387,26707,0,0,0,0,0,0,0.1850288,-0.3574984,0.9154011,
638524908844420025,353395,26708,0,0,0,0,0,0,0.1891383,-0.357369,0.9146115,
638524908844510017,353404,26709,0,0,0,0,0,0,0.193154,-0.3568987,0.9139556,
638524908844590014,353412,26709,0,0,0,0,0,0,0.193154,-0.3568987,0.9139556,
638524908844670024,353420,26710,0,0,0,0,0,0,0.1972085,-0.356246,0.9133442,
638524908844760016,353429,26711,0,0,0,0,0,0,0.1993867,-0.3538832,0.9137897,
638524908844840019,353437,26712,0,0,0,0,0,0,0.1994624,-0.3487698,0.915737,
638524908844920016,353445,26712,0,0,0,0,0,0,0.1994624,-0.3487698,0.915737,
638524908845010013,353454,26713,0,0,0,0,0,0,0.199356,-0.343875,0.9176095,
638524908845090023,353462,26714,0,0,0,0,0,0,0.1988284,-0.3389846,0.9195416,
638524908845180020,353471,26715,0,0,0,0,0,0,0.1977171,-0.3331453,0.9219123,
638524908845260019,353479,26715,0,0,0,0,0,0,0.1977171,-0.3331453,0.9219123,
638524908845340025,353487,26716,0,0,0,0,0,0,0.1973197,-0.3262032,0.9244763,
638524908845420034,353495,26717,0,0,0,0,0,0,0.1964519,-0.3195775,0.9269719,
638524908845510026,353504,26718,0,0,0,0,0,0,0.1956526,-0.3130982,0.929349,
638524908845590018,353512,26718,0,0,0,0,0,0,0.1956526,-0.3130982,0.929349,
638524908845670026,353520,26719,0,0,0,0,0,0,0.1952491,-0.3058006,0.9318604,
638524908845760028,353529,26720,0,0,0,0,0,0,0.1929343,-0.2972576,0.9351012,
638524908845840025,353537,26721,0,0,0,0,0,0,0.1909886,-0.2888313,0.9381363,
638524908845920021,353545,26721,0,0,0,0,0,0,0.1909886,-0.2888313,0.9381363,
638524908846010012,353554,26722,0,0,0,0,0,0,0.188574,-0.2818775,0.9407364,
638524908846090025,353562,26723,0,0,0,0,0,0,0.185824,-0.2775474,0.9425693,
638524908846180271,353571,26724,0,0,0,0,0,0,0.1820932,-0.2712182,0.9451364,
638524908846270126,353580,26724,0,0,0,0,0,0,0.1820932,-0.2712182,0.9451364,
638524908846350136,353588,26725,0,0,0,0,0,0,0.1777989,-0.2640556,0.947978,
638524908846420135,353595,26726,0,0,0,0,0,0,0.1725949,-0.2575309,0.9507307,
638524908846510141,353604,26727,0,0,0,0,0,0,0.1673779,-0.2511446,0.9533682,
638524908846590124,353612,26727,0,0,0,0,0,0,0.1673779,-0.2511446,0.9533682,
638524908846670119,353620,26728,0,0,0,0,0,0,0.1604928,-0.2463249,0.9558065,
638524908846760134,353629,26729,0,0,0,0,0,0,0.1533357,-0.2415244,0.9582036,
638524908846850145,353638,26730,0,0,0,0,0,0,0.1470008,-0.2402284,0.9595213,
638524908846920123,353645,26730,0,0,0,0,0,0,0.1470008,-0.2402284,0.9595213,
638524908847010120,353654,26731,0,0,0,0,0,0,0.1413824,-0.239752,0.9604843,
638524908847090137,353662,26732,0,0,0,0,0,0,0.1356857,-0.2394367,0.9613841,
638524908847170132,353670,26733,0,0,0,0,0,0,0.130318,-0.2379601,0.9624927,
638524908847260122,353679,26733,0,0,0,0,0,0,0.130318,-0.2379601,0.9624927,
638524908847340149,353687,26734,0,0,0,0,0,0,0.1236729,-0.2360539,0.963838,
638524908847420137,353695,26735,0,0,0,0,0,0,0.1159167,-0.2348396,0.9650978,
638524908847510133,353704,26736,0,0,0,0,0,0,0.1080576,-0.2335119,0.9663311,
638524908847590132,353712,26736,0,0,0,0,0,0,0.1080576,-0.2335119,0.9663311,
638524908847670135,353720,26737,0,0,0,0,0,0,0.09858747,-0.2329452,0.9674797,
638524908847760130,353729,26738,0,0,0,0,0,0,0.08878288,-0.2322487,0.968596,
638524908847840129,353737,26739,0,0,0,0,0,0,0.07969622,-0.2315176,0.9695608,
638524908847920122,353745,26739,0,0,0,0,0,0,0.07969622,-0.2315176,0.9695608,
638524908848010121,353754,26740,0,0,0,0,0,0,0.06925442,-0.2298435,0.9707604,
638524908848090133,353762,26741,0,0,0,0,0,0,0.05939735,-0.224894,0.9725711,
638524908848170126,353770,26742,0,0,0,0,0,0,0.05143538,-0.2202427,0.9740881,
638524908848260123,353779,26742,0,0,0,0,0,0,0.05143538,-0.2202427,0.9740881,
638524908848340145,353787,26743,0,0,0,0,0,0,0.04325807,-0.2133354,0.9760209,
638524908848420147,353795,26744,0,0,0,0,0,0,0.03687884,-0.2080189,0.9774293,
638524908848510127,353804,26745,0,0,0,0,0,0,0.03028987,-0.2033479,0.9786379,
638524908848590125,353812,26745,0,0,0,0,0,0,0.03028987,-0.2033479,0.9786379,
638524908848676066,353820,26746,0,0,0,0,0,0,0.02178855,-0.1986063,0.9798371,
638524908848756035,353828,26747,0,0,0,0,0,0,0.01349234,-0.193477,0.981012,
638524908848836018,353836,26748,0,0,0,0,0,0,0.005093004,-0.1862785,0.9824838,
638524908848926009,353845,26748,0,0,0,0,0,0,0.005093004,-0.1862785,0.9824838,
638524908849006017,353853,26749,0,0,0,0,0,0,-0.002311568,-0.1798296,0.983695,
638524908849086032,353861,26750,0,0,0,0,0,0,-0.009414588,-0.172222,0.9850132,
638524908849186035,353871,26751,0,0,0,0,0,0,-0.0153395,-0.1648924,0.9861923,
638524908849256015,353878,26751,0,0,0,0,0,0,-0.0153395,-0.1648924,0.9861923,
638524908849336032,353886,26752,0,0,0,0,0,0,-0.0219999,-0.1567004,0.9874011,
638524908849436012,353896,26753,0,0,0,0,0,0,-0.02694557,-0.1502112,0.9882867,
638524908849506023,353903,26754,0,0,0,0,0,0,-0.03032355,-0.1447602,0.989002,
638524908849586014,353911,26754,0,0,0,0,0,0,-0.03032355,-0.1447602,0.989002,
638524908849676007,353920,26755,0,0,0,0,0,0,-0.03309258,-0.1396481,0.989648,
638524908849766008,353929,26756,0,0,0,0,0,0,-0.0353365,-0.1334332,0.9904276,
638524908849836030,353936,26757,0,0,0,0,0,0,-0.03786305,-0.1248826,0.9914488,
638524908849926009,353945,26757,0,0,0,0,0,0,-0.03786305,-0.1248826,0.9914488,
638524908850006013,353953,26758,0,0,0,0,0,0,-0.04063495,-0.1166714,0.992339,
638524908850086022,353961,26759,0,0,0,0,0,0,-0.04030585,-0.1085689,0.9932715,
638524908850176014,353970,26760,0,0,0,0,0,0,-0.03794266,-0.1021547,0.9940447,
638524908850266012,353979,26760,0,0,0,0,0,0,-0.03794266,-0.1021547,0.9940447,
638524908850336034,353986,26761,0,0,0,0,0,0,-0.03368835,-0.0962327,0.9947886,
638524908850426023,353995,26762,0,0,0,0,0,0,-0.02751713,-0.09328009,0.9952596,
638524908850506027,354003,26763,0,0,0,0,0,0,-0.0220094,-0.09244116,0.9954749,
638524908850586005,354011,26763,0,0,0,0,0,0,-0.0220094,-0.09244116,0.9954749,
638524908850676006,354020,26764,0,0,0,0,0,0,-0.01683166,-0.09142718,0.9956695,
