time(100ns),time_stamp(ms),frame,gaze_direct_L.x,gaze_direct_L.y,gaze_direct_L.z,gaze_direct_R.x,gaze_direct_R.y,gaze_direct_R.z,forward.x,forward.y,forward.z,
638524907553316088,224284,15087,0.03523254,0.02844238,0.9989624,0.06304932,0.03103638,0.9975128,-0.07023454,0.2914301,0.9540102,
638524907553396081,224292,15088,0.03526306,0.02720642,0.9989929,0.06288147,0.03070068,0.9975433,-0.07039708,0.2909738,0.9541376,
638524907553486089,224301,15088,0.03587341,0.02842712,0.9989471,0.06289673,0.03031921,0.9975586,-0.07039708,0.2909738,0.9541376,
638524907553566080,224309,15089,0.0358429,0.02729797,0.9989777,0.06434631,0.03382874,0.997345,-0.07039208,0.2902077,0.9543712,
638524907553646076,224317,15090,0.03620911,0.0267334,0.9989777,0.0643158,0.03485107,0.9973145,-0.07048231,0.2897383,0.9545072,
638524907553730889,224326,15091,0.03614807,0.02642822,0.9989929,0.06546021,0.03474426,0.9972382,-0.07052623,0.289222,0.9546605,
638524907553796102,224332,15091,0.04272461,0.01953125,0.9988861,0.06561279,0.03430176,0.9972534,-0.07052623,0.289222,0.9546605,
638524907553896086,224342,15092,0.03869629,0.02281189,0.9989777,0.06513977,0.03370667,0.9972992,-0.07055024,0.2887092,0.954814,
638524907553976092,224350,15093,0.0400238,0.02145386,0.9989624,0.06442261,0.03518677,0.9972992,-0.07049048,0.2880308,0.9550232,
638524907554056102,224358,15094,0.04109192,0.02111816,0.9989166,0.06375122,0.03645325,0.9972839,-0.07065076,0.2874825,0.9551766,
638524907554136098,224366,15094,0.04101563,0.02656555,0.9987946,0.06343079,0.03643799,0.9973145,-0.07065076,0.2874825,0.9551766,
638524907554226085,224375,15095,0.04421997,0.02340698,0.9987335,0.06396484,0.03675842,0.9972687,-0.07093135,0.2870652,0.9552813,
638524907554316094,224384,15096,0.04522705,0.02738953,0.9985962,0.06370544,0.0337677,0.9973907,-0.07087746,0.286721,0.9553887,
638524907554406094,224393,15096,0.04408264,0.02389526,0.9987335,0.05795288,0.02981567,0.9978638,-0.07087746,0.286721,0.9553887,
638524907554476096,224400,15097,0.0443573,0.01600647,0.9988861,0.05511475,0.03619385,0.997818,-0.0709217,0.2863078,0.9555092,
638524907554576116,224410,15098,0.04212952,0.01560974,0.9989777,0.05122375,0.02542114,0.9983521,-0.07055315,0.2860027,0.9556279,
638524907554646084,224417,15099,0.04248047,0.01043701,0.9990387,0.05682373,0.03779602,0.9976654,-0.07023443,0.2859635,0.9556631,
638524907554796222,224433,15099,0.04563904,0.02212524,0.998703,0.05258179,0.03912354,0.9978485,-0.07023443,0.2859635,0.9556631,
638524907554866238,224439,15100,0.04333496,0.0188446,0.9988708,0.054245,0.03190613,0.9980164,-0.06993137,0.2859692,0.9556836,
638524907554936231,224446,15102,0.03833008,0.01646423,0.999115,0.04820251,0.03015137,0.9983673,-0.06957337,0.285581,0.9558258,
638524907554996241,224452,15102,0.04443359,0.01010132,0.9989471,0.04653931,0.02145386,0.9986725,-0.06957337,0.285581,0.9558258,
638524907555056225,224458,15103,0.04666138,0.01530457,0.9987793,0.04879761,0.02534485,0.9984741,-0.06944165,0.2850239,0.9560017,
638524907555136218,224466,15103,0.03392029,0.01396179,0.9993134,0.04232788,0.01622009,0.9989624,-0.06944165,0.2850239,0.9560017,
638524907555226222,224475,15104,0.03993225,0.02449036,0.9989014,0.04623413,0.02078247,0.998703,-0.06933757,0.2838585,0.9563559,
638524907555316233,224484,15105,0.03074646,0.02355957,0.9992371,0.04257202,0.01115417,0.9990234,-0.06927466,0.2829016,0.956644,
638524907555386232,224491,15106,0.03152466,0.0161438,0.9993591,0.0450592,0.02029419,0.998764,-0.06948002,0.2824289,0.9567688,
638524907555476222,224500,15106,0.02804565,0.0249939,0.9992828,0.04518127,0.01911926,0.9987946,-0.06948002,0.2824289,0.9567688,
638524907555556225,224508,15107,0.02685547,0.02635193,0.9992828,0.05133057,0.01655579,0.9985352,-0.07025583,0.2820222,0.9568321,
638524907555636230,224516,15108,0.02442932,0.01594543,0.9995728,0.05232239,0.01634216,0.9984894,-0.07222971,0.2815314,0.9568296,
638524907555716355,224524,15109,0.02842712,0.02677917,0.9992218,0.03884888,0.01904297,0.999054,-0.07517388,0.280738,0.956836,
638524907555806340,224533,15109,0.0222168,0.02307129,0.9994812,0.04045105,0.009490967,0.9991302,-0.07517388,0.280738,0.956836,
638524907555896335,224542,15110,0.01806641,0.02223206,0.999588,0.03717041,0.01072693,0.9992371,-0.07853405,0.2795627,0.9569102,
638524907555966336,224549,15111,0.02455139,0.0009460449,0.9996948,0.04150391,0.01202393,0.999054,-0.08272753,0.277922,0.9570348,
638524907556056349,224558,15112,0.03115845,0.008605957,0.9994659,0.03475952,0.01242065,0.9993134,-0.0868204,0.2763206,0.9571359,
638524907556136337,224566,15112,0.0305481,0.00793457,0.9994965,0.03300476,0.01037598,0.9993896,-0.0868204,0.2763206,0.9571359,
638524907556216339,224574,15113,0.02368164,0.01986694,0.9995117,0.03694153,0.019104,0.9991302,-0.09177172,0.2737747,0.9574056,
638524907556306347,224583,15114,0.02156067,0.002807617,0.9997559,0.02655029,0.01213074,0.9995728,-0.09637327,0.2708128,0.9577957,
638524907556396348,224592,15115,0.02537537,0.001358032,0.9996643,0.03955078,0.006271362,0.9991913,-0.1011305,0.2670881,0.958351,
638524907556466339,224599,15115,0.0275116,0.001678467,0.9996185,0.03677368,0.01847839,0.9991455,-0.1011305,0.2670881,0.958351,
638524907556556339,224608,15116,0.0269928,-0.004180908,0.9996185,0.03529358,0.02256775,0.999115,-0.1056754,0.2643796,0.9586115,
638524907556646347,224617,15117,0.02644348,-0.009399414,0.9996033,0.03549194,0.005691528,0.9993439,-0.1103974,0.2619106,0.9587572,
638524907556716348,224624,15118,0.02166748,-0.0148468,0.999649,0.03848267,0.006851196,0.9992218,-0.1150986,0.2591442,0.958956,
638524907556806339,224633,15118,0.01091003,-0.0124054,0.9998627,0.03944397,0.004592896,0.9992065,-0.1150986,0.2591442,0.958956,
638524907556886336,224641,15119,0.01083374,-0.02125549,0.9997101,0.04341125,0.007568359,0.9990234,-0.1198074,0.2557084,0.9593015,
638524907556966352,224649,15120,0.01358032,-0.01765442,0.9997406,0.05072021,-0.007019043,0.9986877,-0.1241127,0.2517886,0.9597909,
638524907557056341,224658,15121,0.02047729,-0.02027893,0.9995728,0.03909302,-0.002044678,0.9992218,-0.1284917,0.2479141,0.9602231,
638524907557136343,224666,15121,0.01856995,-0.02778625,0.9994354,0.04048157,0.006561279,0.9991455,-0.1284917,0.2479141,0.9602231,
638524907557216337,224674,15122,0.02610779,-0.03216553,0.9991302,0.04248047,0.001831055,0.9990845,-0.1329878,0.2435701,0.9607226,
638524907557306347,224683,15123,0.03233337,-0.02732849,0.9990997,0.04443359,-0.003250122,0.9989929,-0.1371403,0.2393004,0.9612117,
638524907557386339,224691,15124,0.0198822,-0.03137207,0.9992981,0.04486084,-0.008087158,0.9989471,-0.1413267,0.2342682,0.9618447,
638524907557466351,224699,15124,0.02940369,-0.02938843,0.9991302,0.05143738,-0.0151062,0.9985504,-0.1413267,0.2342682,0.9618447,
638524907557556338,224708,15125,0.0272522,-0.02984619,0.999176,0.04112244,-0.01661682,0.9990082,-0.145211,0.22862,0.9626249,
638524907557636363,224716,15126,0.01251221,-0.03878784,0.9991608,0.04664612,-0.008895874,0.9988708,-0.1482683,0.2226457,0.9635587,
638524907557719455,224725,15127,0.01051331,-0.04429626,0.9989624,0.04356384,-0.01924133,0.9988556,-0.1513997,0.21662,0.9644449,
638524907557794624,224732,15127,0.01913452,-0.05929565,0.9980469,0.04568481,-0.0362854,0.998291,-0.1513997,0.21662,0.9644449,
638524907557884621,224741,15128,0.01515198,-0.09147644,0.9956818,0.04798889,-0.04344177,0.9978943,-0.1535907,0.2101387,0.9655318,
638524907557974630,224750,15129,0.01341248,-0.09762573,0.9951172,0.05218506,-0.05160522,0.9972992,-0.1552607,0.2036856,0.9666469,
638524907558054617,224758,15130,0.0138092,-0.08364868,0.9963837,0.04743958,-0.04446411,0.997879,-0.1567062,0.1967607,0.9678473,
638524907558134613,224766,15130,0.02030945,-0.09140015,0.9956055,0.06002808,-0.05393982,0.9967346,-0.1567062,0.1967607,0.9678473,
638524907558224612,224775,15131,0.01785278,-0.08888245,0.9958801,0.04896545,-0.05110168,0.9974823,-0.1580672,0.1895522,0.9690638,
638524907558314639,224784,15132,0.01448059,-0.08474731,0.9962921,0.04948425,-0.04844666,0.9975891,-0.1596093,0.1825189,0.9701607,
638524907558394615,224792,15133,0.01400757,-0.08358765,0.9963989,0.04170227,-0.04827881,0.9979553,-0.1613778,0.1757139,0.971124,
638524907558464612,224799,15133,0.01437378,-0.07351685,0.9971771,0.03488159,-0.03340149,0.9988251,-0.1613778,0.1757139,0.971124,
638524907558554618,224808,15134,0.01852417,-0.07380676,0.9970856,0.03648376,-0.03739929,0.9986267,-0.1630089,0.1690316,0.9720373,
638524907558634631,224816,15135,0.03686523,-0.08111572,0.9960175,0.03613281,-0.03709412,0.9986572,-0.1649152,0.1627206,0.9727924,
638524907558719218,224825,15136,0.02362061,-0.06947327,0.9972992,0.04371643,-0.03831482,0.9983063,-0.16683,0.1558991,0.9735827,
638524907558794401,224832,15136,0.0116272,-0.07000732,0.997467,0.0390625,-0.0378418,0.9985046,-0.16683,0.1558991,0.9735827,
638524907558884417,224841,15137,0.01908875,-0.05752563,0.9981537,0.03855896,-0.04542542,0.9982147,-0.1686585,0.1490742,0.9743363,
638524907558974410,224850,15138,0.01332092,-0.05711365,0.9982758,0.03878784,-0.04121399,0.9983826,-0.1708166,0.1423892,0.97496,
638524907559054413,224858,15139,0.03431702,-0.04191589,0.9985199,0.04188538,-0.04164124,0.9982452,-0.1735597,0.1358309,0.9754112,
638524907559134405,224866,15139,0.02984619,-0.04681396,0.9984436,0.04020691,-0.04138184,0.9983215,-0.1735597,0.1358309,0.9754112,
638524907559224403,224875,15140,0.02857971,-0.04200745,0.998703,0.03846741,-0.0406189,0.9984283,-0.1760311,0.1290819,0.9758847,
638524907559304408,224883,15141,0.0247345,-0.03227234,0.9991608,0.04011536,-0.0456543,0.9981384,-0.1785452,0.1224819,0.9762785,
638524907559394408,224892,15142,0.02909851,-0.03001404,0.999115,0.02923584,-0.0463562,0.9984894,-0.1814985,0.1156765,0.976564,
638524907559464426,224899,15142,0.02467346,-0.03860474,0.9989471,0.03511047,-0.0426178,0.9984741,-0.1814985,0.1156765,0.976564,
638524907559554412,224908,15143,0.01565552,-0.04481506,0.9988708,0.0317688,-0.04364014,0.9985352,-0.1843232,0.1089984,0.9768031,
638524907559634411,224916,15144,0.01127625,-0.03370667,0.9993591,0.03463745,-0.03071594,0.9989166,-0.1873545,0.1028054,0.9768978,
638524907559724403,224925,15144,0.02215576,-0.04225159,0.9988556,0.03250122,-0.0309906,0.9989777,-0.1873545,0.1028054,0.9768978,
638524907559804544,224933,15145,0.01423645,-0.04803467,0.9987335,0.03036499,-0.03121948,0.9990387,-0.190273,0.09634513,0.9769922,
638524907559884571,224941,15146,0.01611328,-0.04499817,0.9988556,0.03242493,-0.02836609,0.9990692,-0.1934793,0.0899585,0.9769714,
638524907559974572,224950,15147,0.0005493164,-0.04478455,0.9989929,0.03092957,-0.02490234,0.9992065,-0.1964544,0.08331241,0.9769671,
638524907560054545,224958,15147,0.007385254,-0.03825378,0.9992371,0.03070068,-0.02270508,0.9992676,-0.1964544,0.08331241,0.9769671,
638524907560134562,224966,15148,0.007125854,-0.03909302,0.9992065,0.02690125,-0.01737976,0.9994812,-0.199683,0.07699888,0.9768305,
638524907560224545,224975,15149,0.005828857,-0.03903198,0.9992065,0.02915955,-0.01652527,0.9994354,-0.2027385,0.07073262,0.976675,
638524907560304552,224983,15150,0.01980591,-0.04049683,0.9989777,0.03329468,-0.01396179,0.9993439,-0.2060586,0.06480268,0.9763916,
638524907560394547,224992,15150,0.008834839,-0.03074646,0.9994812,0.0304718,-0.004562378,0.9995117,-0.2060586,0.06480268,0.9763916,
638524907560474559,225000,15151,0.01325989,-0.02108765,0.9996796,0.03846741,0.01025391,0.9992065,-0.2096044,0.05890706,0.9760102,
638524907560554553,225008,15152,0.006698608,-0.02320862,0.9996948,0.02511597,0.005065918,0.9996643,-0.2129109,0.05312451,0.9756263,
638524907560634548,225016,15153,0.01345825,-0.02841187,0.9994965,0.029953,0.01521301,0.9994202,-0.2165495,0.04746953,0.9751169,
638524907560724683,225025,15153,0.01635742,-0.03459167,0.9992523,0.03437805,0.009780884,0.9993591,-0.2165495,0.04746953,0.9751169,
638524907560804796,225033,15154,0.02078247,-0.02429199,0.9994812,0.03121948,0.01029968,0.9994507,-0.2203205,0.04171388,0.9745352,
638524907560884818,225041,15155,0.01704407,-0.02250671,0.999588,0.03317261,0.01101685,0.9993744,-0.2246277,0.03602511,0.9737785,
638524907560984805,225051,15156,0.02096558,-0.01016235,0.9997253,0.03144836,0.01246643,0.9994202,-0.2288392,0.02986312,0.9730061,
638524907561054800,225058,15156,0.006942749,-0.01506042,0.9998474,0.0294342,0.01396179,0.9994659,-0.2288392,0.02986312,0.9730061,
638524907561134813,225066,15157,0.01521301,-0.007965088,0.9998474,0.02960205,0.01390076,0.9994507,-0.2333434,0.023464,0.9721112,
638524907561214819,225074,15158,0.01841736,-0.01295471,0.9997406,0.02929688,0.01945496,0.9993744,-0.2377007,0.01725635,0.9711851,
638524907561304804,225083,15159,0.01327515,-0.004837036,0.9998932,0.03103638,0.01963806,0.9993134,-0.2419058,0.01074961,0.9702402,
638524907561384799,225091,15159,0.01470947,-0.006866455,0.9998627,0.03141785,0.02471924,0.9991913,-0.2419058,0.01074961,0.9702402,
638524907561474802,225100,15160,0.02645874,0.003417969,0.9996338,0.037323,0.01083374,0.9992371,-0.2460685,0.004630676,0.9692414,
638524907561554795,225108,15161,0.02415466,0.003311157,0.9996948,0.04014587,0.01829529,0.9990234,-0.2503673,-0.001059497,0.9681504,
638524907561634806,225116,15162,0.01809692,0.005905151,0.9998169,0.04045105,0.01872253,0.9989929,-0.2548526,-0.004831304,0.9669678,
638524907561724793,225125,15162,0.02493286,0.008544922,0.999649,0.03837585,0.0124054,0.999176,-0.2548526,-0.004831304,0.9669678,
638524907561804795,225133,15163,0.0322113,0.002334595,0.9994659,0.0435791,0.005981445,0.9990234,-0.2594922,-0.007933593,0.9657126,
638524907561884814,225141,15164,0.02900696,0.008209229,0.9995422,0.04891968,0.007858276,0.998764,-0.2637367,-0.01028776,0.9645398,
638524907561974804,225150,15165,0.03923035,0.005310059,0.9992065,0.05116272,0.01222229,0.9986115,-0.2676337,-0.01346464,0.9634266,
638524907562054807,225158,15165,0.03334045,0.003463745,0.9994354,0.04879761,0.01477051,0.9986877,-0.2676337,-0.01346464,0.9634266,
638524907562144791,225167,15166,0.03378296,0.009231567,0.9993744,0.05105591,0.009857178,0.998642,-0.2706234,-0.01654884,0.9625431,
638524907562224816,225175,15167,0.03631592,0.009933472,0.9992828,0.05108643,0.01116943,0.9986267,-0.2738213,-0.01951484,0.9615826,
638524907562314802,225184,15168,0.03527832,0.01342773,0.9992828,0.05107117,0.01002502,0.998642,-0.2768058,-0.02232374,0.9606665,
638524907562384803,225191,15168,0.03074646,0.01263428,0.9994354,0.05116272,0.010849,0.9986267,-0.2768058,-0.02232374,0.9606665,
638524907562464806,225199,15169,0.02848816,0.01463318,0.9994812,0.05105591,0.009277344,0.998642,-0.2796182,-0.02495058,0.959787,
638524907562554799,225208,15170,0.0302124,0.01248169,0.9994507,0.04966736,0.005950928,0.9987335,-0.2823466,-0.02780085,0.9589096,
638524907562634799,225216,15171,0.03050232,0.01008606,0.9994812,0.04827881,0.0027771,0.9988251,-0.2851382,-0.03040227,0.9580041,
638524907562714791,225224,15171,0.03079224,0.009658813,0.9994659,0.04962158,0.006790161,0.9987335,-0.2851382,-0.03040227,0.9580041,
638524907562804802,225233,15172,0.03320313,-0.003509521,0.9994354,0.03933716,0.004928589,0.9992065,-0.2877331,-0.03327648,0.9571323,
638524907562884809,225241,15173,0.03436279,-0.00592041,0.9993896,0.04089355,0.001602173,0.9991608,-0.2898968,-0.03640306,0.9563653,
638524907562974811,225250,15174,0.03329468,-0.001953125,0.9994354,0.03771973,0.003356934,0.9992676,-0.291887,-0.03957743,0.9556336,
638524907563054799,225258,15174,0.03633118,0.01289368,0.9992523,0.04115295,0.004638672,0.9991302,-0.291887,-0.03957743,0.9556336,
638524907563134798,225266,15175,0.03289795,0.007476807,0.9994202,0.04154968,0.005187988,0.999115,-0.2937035,-0.04298468,0.9549296,
638524907563224800,225275,15176,0.03536987,0.003250122,0.9993591,0.04197693,0.005950928,0.9990997,-0.2953692,-0.04708736,0.9542221,
638524907563314812,225284,15177,0.03193665,0.004196167,0.9994659,0.04324341,0.005905151,0.9990387,-0.2965249,-0.05177518,0.9536206,
638524907563384798,225291,15177,0.02929688,0.004852295,0.9995575,0.04206848,0.0124054,0.9990234,-0.2965249,-0.05177518,0.9536206,
638524907563464791,225299,15178,0.03082275,0.005477905,0.9994965,0.04194641,0.007965088,0.9990845,-0.2977065,-0.0565428,0.9529815,
638524907563554799,225308,15179,0.02937317,0.003463745,0.9995575,0.03956604,0.007858276,0.999176,-0.2986489,-0.06161318,0.9523721,
638524907563634798,225316,15180,0.03105164,0.005004883,0.9994965,0.03746033,0.008102417,0.9992523,-0.2994862,-0.06593414,0.9518197,
638524907563718232,225324,15180,0.03305054,0.00479126,0.9994354,0.0410614,0.008377075,0.999115,-0.2994862,-0.06593414,0.9518197,
638524907563798342,225332,15181,0.03611755,0.01226807,0.9992676,0.04145813,0.0006713867,0.9991302,-0.300754,-0.06967014,0.9511536,
638524907563888337,225341,15182,0.03413391,0.007019043,0.9993896,0.04536438,0.002914429,0.9989624,-0.3018063,-0.07265517,0.9505967,
638524907563968345,225349,15183,0.02746582,-0.002975464,0.9996033,0.04574585,0.01055908,0.9988861,-0.3035968,-0.07628767,0.9497417,
638524907564058338,225358,15183,0.0333252,0.006546021,0.9994202,0.04312134,0.001846313,0.999054,-0.3035968,-0.07628767,0.9497417,
638524907564138334,225366,15184,0.03222656,0.003723145,0.9994659,0.03889465,0.005279541,0.9992218,-0.3059256,-0.07992401,0.9486948,
638524907564218347,225374,15185,0.02970886,0.005172729,0.9995422,0.03765869,0.003036499,0.9992828,-0.3082662,-0.08371451,0.9476095,
638524907564298344,225382,15186,0.0340271,0.004119873,0.9994049,0.02864075,0.006515503,0.9995575,-0.3106754,-0.0870676,0.94652,
638524907564388337,225391,15186,0.03726196,0.005233765,0.9992828,0.04057312,0.008972168,0.9991302,-0.3106754,-0.0870676,0.94652,
638524907564478341,225400,15187,0.02610779,0.003723145,0.999649,0.03704834,0.01083374,0.9992523,-0.3131203,-0.0901082,0.9454291,
638524907564558343,225408,15188,0.02424622,0.001190186,0.9996948,0.0393219,0.01319885,0.9991302,-0.3152947,-0.09286999,0.9444386,
638524907564648338,225417,15189,0.02798462,0.001602173,0.9996033,0.03669739,0.01287842,0.9992371,-0.3175024,-0.09597979,0.9433876,
638524907564718465,225424,15189,0.03196716,0.006896973,0.9994507,0.02503967,0.02554321,0.9993591,-0.3175024,-0.09597979,0.9433876,
638524907564798599,225433,15190,0.012146,0.007705688,0.9998932,0.03311157,0.02047729,0.9992371,-0.3197164,-0.09941069,0.9422839,
638524907564888584,225442,15191,0.01429749,0.007293701,0.9998627,0.0294342,0.01455688,0.9994507,-0.3221034,-0.1028242,0.9411039,
638524907564978610,225451,15192,0.01347351,0.009811401,0.9998474,0.02874756,0.02775574,0.9991913,-0.3251705,-0.1064995,0.9396393,
638524907565048598,225458,15192,0.02073669,0.001327515,0.9997711,0.03691101,0.02165222,0.9990692,-0.3251705,-0.1064995,0.9396393,
638524907565138583,225466,15193,0.01339722,-0.02955627,0.9994659,0.03582764,0.02157593,0.999115,-0.3280632,-0.1101656,0.9382101,
638524907565218607,225475,15194,0.02114868,-0.007339478,0.9997406,0.03076172,0.01342773,0.9994354,-0.3307222,-0.1132753,0.9369053,
638524907565308586,225483,15195,0.02023315,-0.008224487,0.9997559,0.0327301,0.0118103,0.9993896,-0.333436,-0.1160969,0.9355971,
638524907565388590,225491,15195,0.02020264,-0.008255005,0.9997559,0.03459167,0.0138855,0.9992981,-0.333436,-0.1160969,0.9355971,
638524907565468584,225499,15196,0.01957703,-0.007919312,0.9997711,0.03311157,0.01315308,0.9993591,-0.3360815,-0.118808,0.9343093,
638524907565558584,225508,15197,0.01928711,-0.007995605,0.9997711,0.03227234,0.01277161,0.9993896,-0.3389741,-0.1213698,0.932934,
638524907565638597,225517,15198,0.02363586,-0.007415771,0.9996796,0.02932739,0.008804321,0.999527,-0.3415322,-0.1240775,0.931644,
638524907565718581,225524,15198,0.02142334,-0.01635742,0.9996338,0.03913879,0.007354736,0.9992065,-0.3415322,-0.1240775,0.931644,
638524907565795418,225532,15199,0.01022339,-0.02578735,0.9996033,0.03936768,0.007247925,0.9991913,-0.3442345,-0.1267224,0.9302924,
638524907565895426,225542,15200,0.01655579,-0.02023315,0.999649,0.03721619,0.01159668,0.9992371,-0.3468834,-0.1291252,0.9289772,
638524907565965426,225549,15201,0.01411438,-0.02127075,0.9996643,0.04824829,0.004898071,0.9988098,-0.349863,-0.1312115,0.9275664,
638524907566055418,225558,15201,0.01583862,-0.01600647,0.9997406,0.04180908,0.01095581,0.999054,-0.349863,-0.1312115,0.9275664,
638524907566145419,225567,15202,0.01586914,-0.01977539,0.9996643,0.0327301,0.01379395,0.9993591,-0.3527021,-0.1337305,0.9261303,
638524907566215427,225574,15203,0.01521301,-0.02342224,0.9996033,0.04501343,0.01402283,0.9988861,-0.3555472,-0.1359873,0.9247127,
638524907566305424,225583,15204,0.01564026,-0.02241516,0.9996185,0.04679871,0.003372192,0.9988861,-0.3581943,-0.138341,0.923341,
638524907566395419,225592,15204,0.01593018,-0.02694702,0.9994965,0.0430603,-0.002548218,0.999054,-0.3581943,-0.138341,0.923341,
638524907566475421,225600,15205,0.01611328,-0.03573608,0.9992218,0.04086304,-0.001922607,0.9991608,-0.3608973,-0.1405097,0.9219599,
638524907566555433,225608,15206,0.0224762,-0.03572083,0.9990997,0.03918457,-0.0003204346,0.9992218,-0.3629184,-0.142947,0.9207912,
638524907566635551,225616,15207,0.03074646,-0.03262329,0.9989929,0.03839111,-7.629395E-05,0.9992523,-0.3648853,-0.1452467,0.9196533,
638524907566716887,225624,15207,0.01742554,-0.03730774,0.9991455,0.03826904,0.0003204346,0.9992523,-0.3648853,-0.1452467,0.9196533,
638524907566797029,225632,15208,0.02528381,-0.04034424,0.9988556,0.03901672,9.155273E-05,0.9992371,-0.3668655,-0.1480271,0.9184213,
638524907566897006,225642,15209,0.02668762,-0.03129578,0.9991455,0.03988647,0.002288818,0.9991913,-0.3686295,-0.1506437,0.9172888,
638524907566977018,225650,15210,0.02374268,-0.03207397,0.9991913,0.0385437,0.001449585,0.9992523,-0.3703457,-0.1535527,0.9161144,
638524907567047028,225657,15210,0.02287292,-0.0300293,0.9992828,0.0395813,0.0004730225,0.9992065,-0.3703457,-0.1535527,0.9161144,
638524907567137009,225666,15211,0.02210999,-0.03070068,0.9992828,0.03877258,-0.004058838,0.9992371,-0.3722505,-0.1560188,0.914925,
638524907567217031,225674,15212,0.02032471,-0.03091431,0.9993134,0.03790283,-0.008651733,0.9992371,-0.3740694,-0.1581244,0.913821,
638524907567317012,225684,15213,0.02207947,-0.0305481,0.9992828,0.03775024,-0.008682251,0.9992371,-0.3759111,-0.1599252,0.9127513,
638524907567387015,225691,15213,0.02038574,-0.03086853,0.9993134,0.03752136,-0.009658813,0.9992371,-0.3759111,-0.1599252,0.9127513,
638524907567467003,225699,15214,0.01867676,-0.0305481,0.9993439,0.03585815,-0.01119995,0.9992828,-0.3773746,-0.1618762,0.9118029,
638524907567557003,225708,15215,0.01138306,-0.03131104,0.9994354,0.03863525,-0.01972961,0.999054,-0.3786492,-0.1637085,0.9109469,
638524907567637112,225716,15216,0.01293945,-0.0292511,0.9994812,0.03761292,-0.01890564,0.9990997,-0.3802037,-0.1654029,0.9099929,
638524907567717217,225724,15216,0.01911926,-0.03001404,0.9993591,0.03181458,-0.01431274,0.9993896,-0.3802037,-0.1654029,0.9099929,
638524907567797220,225732,15217,0.01123047,-0.03097534,0.9994507,0.03492737,-0.02099609,0.9991608,-0.3816981,-0.1671359,0.9090502,
638524907567897220,225742,15218,0.02233887,-0.02519226,0.9994202,0.03344727,-0.01737976,0.9992828,-0.3832463,-0.1690167,0.9080505,
638524907567977226,225750,15219,0.02542114,-0.02513123,0.9993591,0.02471924,-0.02288818,0.9994202,-0.384946,-0.1707871,0.9069997,
638524907568047215,225757,15219,0.02384949,-0.02519226,0.9993896,0.03059387,-0.01979065,0.9993286,-0.384946,-0.1707871,0.9069997,
638524907568137233,225766,15220,0.02453613,-0.02815247,0.9992981,0.02690125,-0.01849365,0.9994659,-0.387104,-0.1726261,0.9057322,
638524907568227222,225775,15221,0.02522278,-0.03112793,0.9991913,0.02700806,-0.02357483,0.9993439,-0.3892686,-0.1747367,0.9043987,
638524907568297232,225782,15222,0.02575684,-0.02960205,0.9992218,0.0275116,-0.02659607,0.9992523,-0.3916032,-0.1760619,0.903133,
638524907568387219,225791,15222,0.02656555,-0.03140259,0.9991455,0.02746582,-0.02536011,0.9992981,-0.3916032,-0.1760619,0.903133,
638524907568467215,225799,15223,0.01655579,-0.0358429,0.9992065,0.0275116,-0.02659607,0.9992523,-0.3939745,-0.1773294,0.9018527,
638524907568557218,225808,15224,0.02641296,-0.03237915,0.999115,0.02755737,-0.02783203,0.9992218,-0.3961975,-0.1783492,0.900677,
638524907568647328,225817,15225,0.02250671,-0.03494263,0.9991302,0.02671814,-0.02897644,0.9992218,-0.3983455,-0.1796092,0.8994784,
638524907568717340,225824,15225,0.02514648,-0.03321838,0.9991302,0.02464294,-0.02815247,0.9992981,-0.3983455,-0.1796092,0.8994784,
638524907568797416,225832,15226,0.02037048,-0.04232788,0.9988861,0.02619934,-0.02786255,0.9992676,-0.4003648,-0.1811176,0.8982786,
638524907568887434,225841,15227,0.009124756,-0.03608704,0.9992981,0.02484131,-0.02851868,0.9992828,-0.402355,-0.1829589,0.8970153,
638524907568977423,225850,15228,0.01600647,-0.03971863,0.9990692,0.02342224,-0.02876282,0.9992981,-0.404356,-0.184637,0.8957708,
638524907569047436,225857,15228,0.02546692,-0.04904175,0.9984589,0.02359009,-0.02839661,0.9993134,-0.404356,-0.184637,0.8957708,
638524907569137418,225866,15229,0.01223755,-0.03257751,0.9993896,0.02372742,-0.02915955,0.9992828,-0.4064202,-0.1862638,0.8944989,
638524907569217421,225874,15230,0.01785278,-0.03981018,0.9990387,0.02261353,-0.03479004,0.9991302,-0.4082012,-0.1872338,0.893485,
638524907569297424,225882,15231,0.006530762,-0.04844666,0.9987946,0.02793884,-0.03868103,0.9988556,-0.4100774,-0.1874035,0.8925897,
638524907569387416,225891,15231,0.01618958,-0.05427551,0.9983826,0.02593994,-0.03848267,0.9989166,-0.4100774,-0.1874035,0.8925897,
638524907569467415,225899,15232,0.01008606,-0.05393982,0.9984894,0.02426147,-0.0362854,0.9990387,-0.4128617,-0.1876454,0.8912544,
638524907569547440,225907,15233,0.001678467,-0.04927063,0.9987793,0.02445984,-0.03396606,0.999115,-0.4150388,-0.1887119,0.8900172,
638524907569637565,225916,15234,0.0008850098,-0.05076599,0.998703,0.02316284,-0.03431702,0.9991302,-0.4172285,-0.1897188,0.8887785,
638524907569717786,225924,15234,0.001861572,-0.05223083,0.9986267,0.02258301,-0.03538513,0.999115,-0.4172285,-0.1897188,0.8887785,
638524907569797894,225932,15235,0.006652832,-0.05178833,0.9986267,0.02200317,-0.03648376,0.9990845,-0.4196382,-0.190674,0.8874385,
638524907569887901,225941,15236,0.007644653,-0.05265808,0.9985809,0.02256775,-0.03817749,0.9990082,-0.4219753,-0.1919518,0.8860539,
638524907569977902,225950,15237,0.007339478,-0.05467224,0.9984741,0.0219574,-0.04402161,0.9987793,-0.4244074,-0.1928503,0.8846961,
638524907570057894,225958,15237,0.008346558,-0.05677795,0.9983368,0.02220154,-0.04510498,0.9987335,-0.4244074,-0.1928503,0.8846961,
638524907570137899,225966,15238,0.007873535,-0.05654907,0.9983673,0.022995,-0.04595947,0.9986725,-0.4267582,-0.1936512,0.8833893,
638524907570217907,225974,15239,0.00869751,-0.059021,0.9982147,0.02368164,-0.04537964,0.9986877,-0.4292841,-0.1951521,0.8818337,
638524907570297900,225982,15240,0.008743286,-0.06037903,0.9981232,0.02319336,-0.04478455,0.9987183,-0.4317522,-0.1971072,0.8801925,
638524907570387896,225991,15240,0.008789063,-0.0617218,0.9980469,0.0244751,-0.04498291,0.9986877,-0.4317522,-0.1971072,0.8801925,
638524907570467912,225999,15241,0.008651733,-0.06245422,0.9980011,0.02458191,-0.04516602,0.9986725,-0.4342523,-0.1989547,0.8785453,
638524907570557898,226008,15242,0.008544922,-0.06253052,0.9980011,0.0249939,-0.04356384,0.9987335,-0.436858,-0.2010485,0.8767751,
638524907570648032,226017,15243,0.009811401,-0.06321716,0.9979401,0.02610779,-0.04455566,0.9986572,-0.4394118,-0.2035116,0.8749287,
638524907570717477,226024,15243,0.009429932,-0.06387329,0.9979095,0.02668762,-0.0461731,0.9985657,-0.4394118,-0.2035116,0.8749287,
638524907570797482,226032,15244,0.01051331,-0.06414795,0.997879,0.02668762,-0.04521179,0.9986115,-0.4419329,-0.2063063,0.8730023,
638524907570887484,226041,15245,0.02104187,-0.06469727,0.9976807,0.03172302,-0.0566864,0.997879,-0.444369,-0.2095023,0.8710023,
638524907570977493,226050,15246,0.01721191,-0.07194519,0.9972534,0.03546143,-0.05062866,0.9980774,-0.4465089,-0.2140501,0.8687994,
638524907571057482,226058,15246,0.02763367,-0.06712341,0.9973602,0.03477478,-0.05751038,0.9977264,-0.4465089,-0.2140501,0.8687994,
638524907571137506,226066,15247,0.02690125,-0.07611084,0.9967346,0.03425598,-0.05509949,0.997879,-0.448514,-0.2186173,0.8666266,
638524907571217478,226074,15248,0.02111816,-0.07983398,0.996582,0.02806091,-0.04225159,0.998703,-0.4502608,-0.224328,0.8642582,
638524907571297486,226082,15249,0.02107239,-0.09114075,0.9956055,0.03707886,-0.06095886,0.9974365,-0.4520057,-0.2303811,0.8617513,
638524907571387491,226091,15249,0.02146912,-0.08227539,0.9963684,0.0352478,-0.05938721,0.9976044,-0.4520057,-0.2303811,0.8617513,
638524907571467486,226099,15250,0.02687073,-0.08612061,0.9959106,0.02812195,-0.04898071,0.9983978,-0.4540843,-0.2368166,0.8589094,
638524907571557478,226108,15251,0.02468872,-0.09747314,0.9949188,0.03857422,-0.05587769,0.9976807,-0.4570989,-0.2423485,0.8557615,
638524907571647478,226117,15252,0.02476501,-0.09011841,0.9956207,0.03547668,-0.06480408,0.9972534,-0.4606579,-0.2475254,0.8523647,
638524907571717617,226124,15252,0.02389526,-0.07159424,0.9971466,0.03788757,-0.05488586,0.9977722,-0.4606579,-0.2475254,0.8523647,
638524907571797639,226132,15253,0.02191162,-0.0667572,0.9975128,0.03642273,-0.04499817,0.9983215,-0.4639137,-0.2516406,0.8493887,
638524907571887635,226141,15254,0.03187561,-0.06399536,0.9974365,0.03253174,-0.0567627,0.9978485,-0.4669333,-0.2550725,0.8467062,
638524907571977621,226150,15255,0.03042603,-0.06922913,0.9971313,0.04621887,-0.04853821,0.9977417,-0.4695104,-0.2577721,0.8444605,
638524907572057622,226158,15255,0.02993774,-0.06292725,0.9975586,0.04110718,-0.054245,0.9976807,-0.4695104,-0.2577721,0.8444605,
638524907572137618,226166,15256,0.03546143,-0.06889343,0.9969788,0.0430603,-0.0549469,0.9975586,-0.4711623,-0.2597069,0.8429463,
638524907572217620,226174,15257,0.02859497,-0.06710815,0.9973297,0.04727173,-0.06790161,0.9965668,-0.4726298,-0.2611766,0.8416697,
638524907572307624,226183,15258,0.02381897,-0.078125,0.9966583,0.0476532,-0.06767273,0.9965668,-0.4745484,-0.2632758,0.8399343,
638524907572387616,226191,15258,0.02900696,-0.07601929,0.9966736,0.03837585,-0.0566864,0.9976501,-0.4745484,-0.2632758,0.8399343,
638524907572467618,226199,15259,0.03085327,-0.07301331,0.9968414,0.03994751,-0.06629944,0.996994,-0.4766619,-0.2661799,0.8378196,
638524907572557618,226208,15260,0.02357483,-0.08001709,0.9965057,0.04281616,-0.06440735,0.996994,-0.4792268,-0.2687291,0.8355396,
638524907572637759,226216,15261,0.03102112,-0.0884552,0.9955902,0.02667236,-0.0647583,0.9975433,-0.4819157,-0.270548,0.8334033,
638524907572717867,226224,15261,0.03114319,-0.09544373,0.9949341,0.03358459,-0.06195068,0.9975128,-0.4819157,-0.270548,0.8334033,
638524907572807966,226233,15262,0.03111267,-0.09042358,0.9954071,0.04667664,-0.06481934,0.9967957,-0.4840261,-0.2718538,0.8317537,
638524907572887970,226241,15263,0.03620911,-0.08512878,0.995697,0.04231262,-0.06117249,0.9972229,-0.4855481,-0.2736979,0.8302605,
638524907572977992,226250,15264,0.03373718,-0.0763855,0.9965057,0.04473877,-0.05593872,0.9974213,-0.4867953,-0.2755701,0.8289098,
638524907573057961,226258,15264,0.02885437,-0.07397461,0.9968414,0.0352478,-0.05514526,0.9978485,-0.4867953,-0.2755701,0.8289098,
638524907573137966,226266,15265,0.02627563,-0.07939148,0.9964905,0.03747559,-0.06448364,0.9972076,-0.4880113,-0.2771956,0.8276519,
638524907573217979,226274,15266,0.03382874,-0.0929718,0.9950867,0.04350281,-0.0627594,0.9970703,-0.48925,-0.2787059,0.8264124,
638524907573307986,226283,15267,0.03552246,-0.09848022,0.9944916,0.04804993,-0.06887817,0.99646,-0.4907229,-0.2801477,0.8250505,
638524907573387967,226291,15267,0.03753662,-0.09243774,0.9949951,0.04292297,-0.07133484,0.996521,-0.4907229,-0.2801477,0.8250505,
638524907573477974,226300,15268,0.01304626,-0.09915161,0.9949799,0.01454163,-0.07450867,0.9971008,-0.4918718,-0.281049,0.8240592,
638524907573557968,226308,15269,-0.01757813,-0.1031799,0.9944916,-0.01411438,-0.08592224,0.9962006,-0.4930357,-0.2820393,0.8230247,
638524907573638093,226316,15270,-0.01042175,-0.1047668,0.9944305,-0.005493164,-0.09013367,0.9959106,-0.4942859,-0.2832373,0.8218626,
638524907573718085,226324,15270,-0.01493835,-0.09994507,0.994873,-0.007522583,-0.08283997,0.996521,-0.4942859,-0.2832373,0.8218626,
638524907573798197,226332,15271,-0.008453369,-0.09971619,0.9949646,-0.00668335,-0.09661865,0.995285,-0.4954776,-0.2846544,0.8206545,
638524907573878200,226340,15272,-0.008468628,-0.1053314,0.9943848,-0.01243591,-0.09980774,0.9949188,-0.4966473,-0.2860901,0.8194473,
638524907573968219,226349,15273,-0.008712769,-0.1033783,0.9945984,-0.006164551,-0.09196472,0.9957275,-0.4976175,-0.2875338,0.8183528,
638524907574048192,226357,15273,-0.008972168,-0.1036377,0.9945679,-0.008789063,-0.0901947,0.9958801,-0.4976175,-0.2875338,0.8183528,
638524907574138218,226366,15274,-0.009384155,-0.1037445,0.9945526,-0.008514404,-0.09281921,0.995636,-0.4991086,-0.2886617,0.8170466,
638524907574218214,226374,15275,-0.009872437,-0.103653,0.9945526,-0.007675171,-0.09103394,0.9958038,-0.5004233,-0.2898909,0.8158063,
638524907574298202,226382,15276,-0.01231384,-0.1038055,0.9945068,-0.006668091,-0.09143066,0.9957886,-0.5013549,-0.2907687,0.8149214,
638524907574388199,226391,15276,-0.009887695,-0.1034393,0.9945831,-0.006759644,-0.09162903,0.9957581,-0.5013549,-0.2907687,0.8149214,
638524907574468207,226399,15277,-0.009628296,-0.1035614,0.9945679,-0.006622314,-0.09268188,0.9956665,-0.5026233,-0.291454,0.8138945,
638524907574558198,226408,15278,-0.009384155,-0.1037903,0.9945526,-0.007644653,-0.09373474,0.9955597,-0.5045657,-0.2925717,0.8122902,
638524907574628318,226415,15279,-0.009841919,-0.1044006,0.9944763,-0.007568359,-0.09210205,0.9957123,-0.5058752,-0.2935507,0.8111216,
638524907574718423,226424,15279,-0.009384155,-0.1049805,0.9944153,-0.007492065,-0.09040833,0.9958649,-0.5058752,-0.2935507,0.8111216,
638524907574798446,226432,15280,-0.009506226,-0.1052551,0.9943848,-0.008132935,-0.0891571,0.9959717,-0.5073031,-0.2946075,0.8098457,
638524907574888440,226442,15281,-0.009643555,-0.1051483,0.9944,-0.007843018,-0.08789063,0.9960938,-0.5088416,-0.2960658,0.8083472,
638524907574978427,226450,15282,-0.01248169,-0.1091766,0.9939423,-0.002685547,-0.1074371,0.9942017,-0.5096261,-0.2977924,0.807218,
638524907575048425,226457,15282,-0.0148468,-0.1146393,0.9932861,-0.004501343,-0.1067963,0.9942627,-0.5096261,-0.2977924,0.807218,
638524907575138434,226466,15283,-0.01390076,-0.1157684,0.9931641,-0.006942749,-0.1089935,0.9940033,-0.5106963,-0.299421,0.8059382,
638524907575218436,226474,15284,-0.02331543,-0.1101837,0.9936218,-0.005096436,-0.1027069,0.9946899,-0.5126968,-0.3002545,0.8043565,
638524907575308429,226483,15285,-0.01708984,-0.1202087,0.9925995,-0.009674072,-0.1000824,0.9949188,-0.5147073,-0.3006549,0.8029215,
638524907575388435,226491,15285,-0.01498413,-0.1220245,0.9924011,-0.01173401,-0.1046448,0.9944305,-0.5147073,-0.3006549,0.8029215,
638524907575478429,226500,15286,-0.01252747,-0.1237793,0.992218,-0.01548767,-0.1074371,0.9940796,-0.5172388,-0.300546,0.801334,
638524907575548444,226507,15287,-0.003204346,-0.1251678,0.9921265,-0.01272583,-0.1098175,0.993866,-0.5196356,-0.3010148,0.7996055,
638524907575628538,226515,15288,-0.007507324,-0.1289978,0.9916077,-0.01066589,-0.09988403,0.9949341,-0.5211241,-0.3019767,0.798273,
638524907575718536,226524,15288,-0.01364136,-0.1285553,0.9916077,-0.003662109,-0.1040497,0.9945526,-0.5211241,-0.3019767,0.798273,
638524907575798662,226533,15289,-0.006011963,-0.1229401,0.9923859,-0.004211426,-0.1081848,0.9941101,-0.5223702,-0.3028042,0.7971443,
638524907575888685,226542,15290,-0.01095581,-0.130722,0.9913483,-0.008132935,-0.1114197,0.9937286,-0.5235651,-0.3036059,0.7960547,
638524907575978677,226551,15291,-0.01097107,-0.1324921,0.9911194,-0.01583862,-0.1041565,0.9944305,-0.5251055,-0.304509,0.7946939,
638524907576058670,226559,15291,-0.007080078,-0.1356506,0.9907227,-0.009567261,-0.109024,0.993988,-0.5251055,-0.304509,0.7946939,
638524907576138669,226567,15292,-0.01049805,-0.1390686,0.9902191,-0.003265381,-0.1204681,0.9927063,-0.5272959,-0.3052735,0.7929484,
638524907576218688,226575,15293,-0.005081177,-0.1366577,0.9906006,-0.01019287,-0.1218872,0.9924774,-0.5288399,-0.3064912,0.791449,
638524907576308675,226584,15294,-0.005249023,-0.1386261,0.9903259,-0.009338379,-0.1200714,0.9927063,-0.5307581,-0.3077346,0.7896805,
638524907576388670,226592,15294,-0.005371094,-0.1369324,0.9905548,-0.01187134,-0.1227112,0.9923553,-0.5307581,-0.3077346,0.7896805,
638524907576468664,226600,15295,-0.005447388,-0.1361237,0.9906616,-0.01133728,-0.1194305,0.9927673,-0.5326396,-0.3090061,0.7879152,
638524907576558670,226609,15296,-0.005996704,-0.1362152,0.9906464,-0.01086426,-0.1200409,0.9927063,-0.5344123,-0.3107204,0.7860384,
638524907576642415,226617,15297,-0.006469727,-0.1380768,0.990387,-0.01046753,-0.1218262,0.9924927,-0.5361764,-0.3129327,0.7839566,
638524907576722532,226625,15297,-0.01461792,-0.1330261,0.9909973,-0.01008606,-0.1237488,0.9922485,-0.5361764,-0.3129327,0.7839566,
638524907576802545,226633,15298,-0.008148193,-0.139679,0.9901581,-0.008956909,-0.1228027,0.9923859,-0.537721,-0.3159347,0.7816914,
638524907576882544,226641,15299,-0.01010132,-0.1392059,0.9902039,-0.0078125,-0.1195984,0.9927826,-0.5392851,-0.3192458,0.7792649,
638524907576972529,226650,15300,-0.01034546,-0.137146,0.9904938,-0.005874634,-0.1196747,0.9927826,-0.5406978,-0.323138,0.7766774,
638524907577052524,226658,15300,-0.009307861,-0.1333466,0.9910126,-0.007293701,-0.124115,0.9922333,-0.5406978,-0.323138,0.7766774,
638524907577132531,226666,15301,-0.01393127,-0.1340637,0.99086,0.0025177,-0.1231842,0.9923706,-0.5415497,-0.3276915,0.7741719,
638524907577212537,226674,15302,-0.01332092,-0.1274719,0.991745,-0.0009460449,-0.1181946,0.992981,-0.5425149,-0.3326021,0.7713972,
638524907577312526,226684,15303,-0.0189209,-0.1357727,0.9905548,0.001144409,-0.1210175,0.9926453,-0.5437042,-0.3370711,0.7686149,
638524907577382526,226691,15303,-0.008071899,-0.1332703,0.9910431,-0.005996704,-0.1176758,0.9930267,-0.5437042,-0.3370711,0.7686149,
638524907577462530,226699,15304,-0.001663208,-0.127655,0.991806,0.004623413,-0.1155396,0.9932861,-0.544983,-0.3403737,0.7662502,
638524907577552525,226708,15305,-0.003677368,-0.1278076,0.9917908,-0.003387451,-0.11203,0.9936981,-0.5461879,-0.3429217,0.7642535,
638524907577632651,226716,15306,0.01057434,-0.1348572,0.990799,0.0027771,-0.1151733,0.9933319,-0.5470109,-0.3454052,0.7625446,
638524907577722764,226725,15306,7.629395E-05,-0.1278381,0.9917908,-0.004547119,-0.1093292,0.993988,-0.5470109,-0.3454052,0.7625446,
638524907577812876,226734,15307,0.01263428,-0.1224213,0.9923859,0.01113892,-0.09887695,0.9950256,-0.5481759,-0.3468042,0.7610717,
638524907577882877,226741,15308,0.02397156,-0.1239166,0.9919891,0.02624512,-0.1058655,0.9940186,-0.5493621,-0.3480722,0.7596361,
638524907577962879,226749,15309,0.07054138,-0.1014404,0.9923248,0.06542969,-0.0975647,0.9930725,-0.5506078,-0.3483271,0.7586167,
638524907578052868,226758,15309,0.1105804,-0.08363342,0.9903259,0.1023254,-0.08518982,0.9910889,-0.5506078,-0.3483271,0.7586167,
638524907578132870,226766,15310,0.1199036,-0.05537415,0.9912262,0.112854,-0.05932617,0.9918365,-0.5514919,-0.3477424,0.7582427,
638524907578222875,226775,15311,0.1117096,-0.06463623,0.9916229,0.1168671,-0.06033325,0.9913025,-0.5509241,-0.3472885,0.7588632,
638524907578302882,226783,15312,0.1090698,-0.05114746,0.9927063,0.1223297,-0.06008911,0.9906616,-0.5502177,-0.3466881,0.7596498,
638524907578382870,226791,15312,0.1192169,-0.05665588,0.9912415,0.1221619,-0.06074524,0.9906464,-0.5502177,-0.3466881,0.7596498,
638524907578462879,226799,15313,0.1224823,-0.05235291,0.9910736,0.1221771,-0.05107117,0.9911804,-0.5496677,-0.3455145,0.7605821,
638524907578552886,226808,15314,0.124176,-0.057724,0.9905701,0.1243744,-0.05123901,0.9909058,-0.549346,-0.3434677,0.7617407,
638524907578632995,226816,15315,0.1253967,-0.05618286,0.990509,0.1265869,-0.04924011,0.9907227,-0.549332,-0.3414918,0.7626386,
638524907578713104,226824,15315,0.1266327,-0.05473328,0.9904327,0.1290283,-0.05056763,0.9903412,-0.549332,-0.3414918,0.7626386,
638524907578793122,226832,15316,0.1331482,-0.05030823,0.9898071,0.1401672,-0.03512573,0.989502,-0.5485499,-0.3391844,0.7642296,
638524907578883117,226841,15317,0.131424,-0.05130005,0.9899902,0.1443634,-0.04191589,0.9886322,-0.5474321,-0.3368309,0.7660699,
638524907578963117,226849,15318,0.1333923,-0.04370117,0.990097,0.1428986,-0.04293823,0.9888,-0.5452831,-0.3345498,0.768598,
638524907579043103,226857,15318,0.1336975,-0.04875183,0.9898071,0.145401,-0.04579163,0.9882965,-0.5452831,-0.3345498,0.768598,
638524907579133108,226866,15319,0.1385651,-0.05754089,0.988678,0.1548309,-0.04042053,0.9871063,-0.5425775,-0.3319265,0.7716441,
638524907579213111,226874,15320,0.143692,-0.04986572,0.9883575,0.152298,-0.040802,0.9874878,-0.5392987,-0.3288855,0.7752363,
638524907579303112,226883,15321,0.1470337,-0.05578613,0.9875488,0.149765,-0.04032898,0.9878845,-0.535759,-0.3256939,0.7790287,
638524907579383104,226891,15321,0.1464691,-0.05464172,0.9877014,0.1547241,-0.04644775,0.9868622,-0.535759,-0.3256939,0.7790287,
638524907579463108,226899,15322,0.1431427,-0.05804443,0.9879913,0.144043,-0.05587769,0.9879913,-0.5326616,-0.3223374,0.7825409,
638524907579543122,226907,15323,0.1500092,-0.06097412,0.9868011,0.1403198,-0.05529785,0.9885559,-0.5288408,-0.3186012,0.7866516,
638524907579633115,226916,15324,0.150116,-0.06770325,0.9863434,0.1551666,-0.06983948,0.9854126,-0.5250856,-0.3150976,0.7905685,
638524907579713232,226924,15324,0.1589203,-0.0730896,0.9845734,0.1674194,-0.06336975,0.9838409,-0.5250856,-0.3150976,0.7905685,
638524907579803232,226933,15325,0,0,0,0.134079,-0.0789032,0.9878082,-0.5205712,-0.3111348,0.7951105,
638524907579883239,226941,15326,0,0,0,0.1605072,-0.1100464,0.9808655,-0.5155326,-0.3070201,0.799978,
638524907579973223,226950,15327,0,0,0,0,0,0,-0.5101514,-0.303447,0.8047767,
638524907580043220,226957,15327,0,0,0,0,0,0,-0.5101514,-0.303447,0.8047767,
638524907580133220,226966,15328,0,0,0,0,0,0,-0.5042125,-0.2996951,0.809909,
638524907580213222,226974,15329,0.1020966,-0.1172485,0.9878387,0.1719818,-0.101593,0.9798431,-0.4981392,-0.2957841,0.8150885,
638524907580303230,226983,15330,0.05441284,-0.1420441,0.9883575,0.1694489,-0.1226196,0.9778748,-0.4921983,-0.2920532,0.8200279,
638524907580388421,226991,15330,0.04173279,-0.1666107,0.9851227,0.1806335,-0.1625824,0.9700165,-0.4921983,-0.2920532,0.8200279,
638524907580468442,226999,15331,0.07849121,-0.1553955,0.9847107,0.1687622,-0.08624268,0.9818726,-0.4857856,-0.2880109,0.8252649,
638524907580558423,227008,15332,0.07896423,-0.1192017,0.9897156,0.177597,-0.1507416,0.9724731,-0.4795254,-0.2837009,0.830403,
638524907580633615,227016,15333,0.01760864,-0.1526947,0.9881134,0.1599884,-0.1867523,0.9692841,-0.4728428,-0.2792566,0.8357245,
638524907580723605,227025,15333,0.05194092,-0.2533875,0.9659576,0.1662598,-0.1905365,0.9674835,-0.4728428,-0.2792566,0.8357245,
638524907580789252,227032,15334,0.08920288,-0.3951874,0.9142456,0.1571045,-0.3488464,0.9239044,-0.4661745,-0.2745931,0.8409994,
638524907580879246,227041,15335,0,0,0,0,0,0,-0.4593934,-0.270153,0.8461531,
638524907580969234,227050,15336,0,0,0,0,0,0,-0.452739,-0.2655842,0.8511712,
638524907581059245,227059,15336,0,0,0,0.2366028,-0.2277832,0.944519,-0.452739,-0.2655842,0.8511712,
638524907581129245,227066,15337,0,0,0,0.1628265,-0.1064301,0.9808807,-0.4467351,-0.2596124,0.8561712,
638524907581209243,227074,15338,0,0,0,0.1774292,-0.124588,0.9762115,-0.4407611,-0.2533743,0.861122,
638524907581309249,227084,15339,0,0,0,0.1521301,-0.1290741,0.9798889,-0.4346944,-0.2472462,0.8659735,
638524907581384395,227091,15339,0.1239014,-0.100235,0.9872131,0.1124725,-0.06654358,0.9914093,-0.4346944,-0.2472462,0.8659735,
638524907581464418,227099,15340,0.1300201,-0.1121674,0.9851379,0.1135712,-0.07348633,0.990799,-0.4282705,-0.241818,0.8706942,
638524907581544411,227107,15341,0.1273956,-0.09457397,0.9873199,0.1009521,-0.07066345,0.9923706,-0.4215832,-0.2366374,0.8753687,
638524907581634404,227116,15342,0.1007385,-0.1147614,0.988266,0.1205902,-0.07469177,0.9898834,-0.4150051,-0.2314651,0.8798833,
638524907581714397,227124,15342,0.1010437,-0.1166077,0.9880219,0.09188843,-0.06489563,0.9936371,-0.4150051,-0.2314651,0.8798833,
638524907581794417,227132,15343,0.1068726,-0.1117249,0.9879608,0.09367371,-0.0725708,0.9929504,-0.4080039,-0.2258123,0.8846138,
638524907581874408,227140,15344,0.08670044,-0.1239624,0.9884796,0.063797,-0.06707764,0.995697,-0.40103,-0.2203126,0.8891779,
638524907581964399,227149,15345,0.08570862,-0.108017,0.9904327,0.07084656,-0.08155823,0.9941406,-0.3937651,-0.215159,0.8936754,
638524907582044392,227157,15345,0.08302307,-0.1055756,0.9909363,0.07322693,-0.06202698,0.9953766,-0.3937651,-0.215159,0.8936754,
638524907582144400,227167,15346,0.08039856,-0.1126251,0.9903717,0.07377625,-0.07650757,0.9943237,-0.3871304,-0.210342,0.8977118,
638524907582221061,227175,15347,0.07427979,-0.09744263,0.9924622,0.07174683,-0.08862305,0.9934692,-0.3803082,-0.2058102,0.9016694,
638524907582301068,227183,15348,0.05659485,-0.09864807,0.9934998,0.06399536,-0.07089233,0.9954224,-0.373673,-0.2015156,0.905406,
638524907582381048,227191,15348,0.05030823,-0.08358765,0.995224,0.05311584,-0.07858276,0.9954834,-0.373673,-0.2015156,0.905406,
638524907582461070,227199,15349,0.03785706,-0.09184265,0.9950409,0.06007385,-0.07659912,0.9952393,-0.3670485,-0.1973199,0.9090326,
638524907582561044,227209,15350,0.04096985,-0.09483337,0.9946442,0.05271912,-0.08209229,0.995224,-0.3607616,-0.193392,0.9123873,
638524907582646240,227217,15351,0.04771423,-0.09317017,0.9944916,0.05412292,-0.07804871,0.9954681,-0.3538888,-0.1897339,0.9158404,
638524907582716227,227224,15351,0.04302979,-0.097229,0.9943237,0.04016113,-0.07878113,0.9960785,-0.3538888,-0.1897339,0.9158404,
638524907582796226,227232,15352,0.04299927,-0.1096039,0.993042,0.0489502,-0.07316589,0.996109,-0.3474419,-0.1871822,0.9188291,
638524907582876229,227240,15353,0.03121948,-0.1213074,0.9921112,0.05857849,-0.08802795,0.9943848,-0.3407757,-0.1851015,0.9217426,
638524907582966233,227249,15354,0.01914978,-0.1213379,0.9924164,0.0602417,-0.1053467,0.9925995,-0.3346063,-0.1840287,0.9242142,
638524907583056217,227258,15354,0.0194397,-0.1281281,0.9915619,0.03678894,-0.1180725,0.9923096,-0.3346063,-0.1840287,0.9242142,
638524907583126232,227265,15355,0.02830505,-0.1091919,0.9936066,0.07330322,-0.08955383,0.9932709,-0.3283322,-0.1831373,0.9266384,
638524907583216219,227274,15356,0,0,0,0.1501465,-0.1542816,0.9765472,-0.3221163,-0.1834277,0.9287601,
638524907583286231,227281,15357,0,0,0,0,0,0,-0.3159213,-0.1840286,0.930767,
638524907583366244,227289,15357,0,0,0,0,0,0,-0.3159213,-0.1840286,0.930767,
638524907583436230,227296,15358,0,0,0,0,0,0,-0.3103681,-0.1837939,0.9326797,
638524907583536235,227306,15359,0,0,0,0,0,0,-0.3052944,-0.1824819,0.9346099,
638524907583606227,227313,15359,0,0,0,0,0,0,-0.3052944,-0.1824819,0.9346099,
638524907583686228,227321,15360,0,0,0,0,0,0,-0.2999781,-0.1802364,0.9367646,
638524907583786216,227331,15361,0,0,0,0,0,0,-0.2949783,-0.17806,0.9387664,
638524907583876234,227340,15362,0,0,0,0,0,0,-0.2896003,-0.1764927,0.9407348,
638524907583946227,227347,15362,0,0,0,0,0,0,-0.2896003,-0.1764927,0.9407348,
638524907584036215,227356,15363,0,0,0,0,0,0,-0.2839954,-0.1752967,0.9426652,
638524907584106218,227363,15364,0,0,0,0,0,0,-0.278606,-0.1743271,0.9444516,
638524907584196223,227372,15365,0,0,0,0,0,0,-0.2739661,-0.174031,0.9458625,
638524907584286226,227381,15366,0,0,0,0,0,0,-0.2701092,-0.1732511,0.9471141,
638524907584376334,227390,15366,0,0,0,0,0,0,-0.2701092,-0.1732511,0.9471141,
638524907584466343,227399,15367,0,0,0,0,0,0,-0.2673448,-0.1717571,0.9481699,
638524907584546352,227407,15368,0,0,0,0,0,0,-0.2638997,-0.1701051,0.949432,
638524907584636345,227416,15369,0,0,0,0,0,0,-0.2600478,-0.167815,0.9509013,
638524907584716338,227424,15369,0,0,0,0,0,0,-0.2600478,-0.167815,0.9509013,
638524907584796331,227432,15370,0,0,0,0,0,0,-0.2555823,-0.1657274,0.9524769,
638524907584886342,227441,15371,0,0,0,0,0,0,-0.2510459,-0.1637303,0.9540274,
638524907584976340,227450,15372,0,0,0,0,0,0,-0.2464267,-0.1615776,0.9555975,
638524907585046338,227457,15372,0,0,0,0,0,0,-0.2464267,-0.1615776,0.9555975,
638524907585136337,227466,15373,0.01249695,-0.0872345,0.996109,0.07447815,-0.1109009,0.9910278,-0.2427933,-0.1594473,0.9568845,
638524907585226349,227475,15374,0.0140686,-0.08018494,0.9966736,0.0405426,-0.08305359,0.9957123,-0.239672,-0.1569413,0.9580849,
638524907585296383,227482,15375,0.009597778,-0.09161377,0.9957428,0.04414368,-0.1090851,0.993042,-0.2368754,-0.1545252,0.9591725,
638524907585376350,227490,15375,0.007766724,-0.08216858,0.996582,0.05789185,-0.06536865,0.99617,-0.2368754,-0.1545252,0.9591725,
638524907585476341,227500,15376,0.00289917,-0.07876587,0.9968872,0.03640747,-0.07432556,0.9965668,-0.2337417,-0.1524119,0.9602788,
638524907585546336,227507,15377,0.001739502,-0.08786011,0.9961243,0.03500366,-0.08370972,0.9958649,-0.2296366,-0.1504293,0.9615811,
638524907585636364,227516,15378,0.002960205,-0.08911133,0.9960022,0.03497314,-0.06945801,0.9969635,-0.2251259,-0.1482953,0.9629781,
638524907585716345,227524,15378,0.004882813,-0.08091736,0.9967041,0.02534485,-0.06651306,0.9974518,-0.2251259,-0.1482953,0.9629781,
638524907585806330,227533,15379,0.01251221,-0.07629395,0.996994,0.0291748,-0.05961609,0.9977875,-0.2205868,-0.1462353,0.9643426,
638524907585876340,227540,15380,0.007095337,-0.08757019,0.9961243,0.03010559,-0.06077576,0.9976959,-0.2162445,-0.1442637,0.9656222,
638524907585976341,227550,15381,0.009246826,-0.08399963,0.9964142,0.0315094,-0.06115723,0.9976196,-0.2122909,-0.1422436,0.9667985,
638524907586046337,227557,15381,0.01792908,-0.0821991,0.9964447,0.01211548,-0.0496521,0.9986877,-0.2122909,-0.1422436,0.9667985,
638524907586126336,227565,15382,0.01689148,-0.08607483,0.9961395,0.02641296,-0.04562378,0.9985962,-0.2086094,-0.1404452,0.9678622,
638524907586216331,227574,15383,0.007614136,-0.08320618,0.9964905,0.02760315,-0.05464172,0.9981232,-0.2048252,-0.1383579,0.9689705,
638524907586296356,227582,15384,0.01802063,-0.08042908,0.996582,0.0266571,-0.0486908,0.9984436,-0.200749,-0.1365829,0.9700747,
638524907586376447,227590,15384,0.01716614,-0.07815552,0.9967804,0.02363586,-0.04634094,0.998642,-0.200749,-0.1365829,0.9700747,
638524907586466447,227599,15385,0.0149231,-0.08314514,0.9964142,0.02590942,-0.04986572,0.9984131,-0.1968775,-0.1348342,0.9711123,
638524907586546439,227607,15386,0.01483154,-0.08518982,0.9962463,0.02178955,-0.0486145,0.9985657,-0.1927255,-0.1331173,0.9721814,
638524907586636451,227616,15387,0.01078796,-0.08755493,0.9960938,0.01850891,-0.05184937,0.9984741,-0.18878,-0.1315427,0.9731694,
638524907586716446,227624,15387,0.01072693,-0.09292603,0.9956055,0.01977539,-0.05059814,0.9985199,-0.18878,-0.1315427,0.9731694,
638524907586796445,227632,15388,0.010849,-0.08940125,0.9959259,0.02484131,-0.05580139,0.9981232,-0.1847656,-0.1299521,0.974153,
638524907586876455,227640,15389,0.01083374,-0.08586121,0.9962463,0.02355957,-0.05465698,0.9982147,-0.1807191,-0.1285172,0.975102,
638524907586976450,227650,15390,0.01087952,-0.0801239,0.9967194,0.02940369,-0.05651855,0.9979553,-0.1772514,-0.1266372,0.9759841,
638524907587056446,227658,15390,0.0165863,-0.07203674,0.9972534,0.02793884,-0.04716492,0.9984894,-0.1772514,-0.1266372,0.9759841,
638524907587126444,227665,15391,0.01800537,-0.06867981,0.997467,0.02671814,-0.0378418,0.9989166,-0.173328,-0.1247964,0.9769254,
638524907587216439,227674,15392,-0.0001068115,-0.07427979,0.9972229,0.02546692,-0.03981018,0.9988708,-0.1689386,-0.1228662,0.9779385,
638524907587306450,227683,15393,0.01150513,-0.0721283,0.9973145,0.01889038,-0.0352478,0.9991913,-0.1644699,-0.1213347,0.978891,
638524907587376459,227690,15393,0.006622314,-0.06838989,0.9976349,0.01951599,-0.04598999,0.9987488,-0.1644699,-0.1213347,0.978891,
638524907587466455,227699,15394,0.01622009,-0.07106018,0.9973297,0.0173645,-0.04832458,0.9986725,-0.1597866,-0.1200471,0.979825,
638524907587556436,227708,15395,-0.002212524,-0.06970215,0.9975586,0.02015686,-0.04484558,0.9987793,-0.1556448,-0.1186262,0.9806643,
638524907587636441,227716,15396,0.009170532,-0.05801392,0.9982605,0.02845764,-0.03596497,0.9989471,-0.151906,-0.116342,0.9815239,
638524907587716440,227724,15396,0.007888794,-0.04725647,0.9988403,0.019104,-0.05091858,0.9985046,-0.151906,-0.116342,0.9815239,
638524907587796459,227732,15397,0.006774902,-0.05093384,0.9986725,0.02633667,-0.04110718,0.9987946,-0.1481159,-0.1133246,0.9824557,
638524907587886445,227741,15398,0.01290894,-0.04855347,0.9987335,0.02128601,-0.04595947,0.998703,-0.1450194,-0.1090586,0.9834,
638524907587976443,227750,15399,0.01068115,-0.05375671,0.9984894,0.01828003,-0.03507996,0.9992065,-0.1418633,-0.1053824,0.9842608,
638524907588056444,227758,15399,0.01287842,-0.04968262,0.9986725,0.02024841,-0.03848267,0.9990387,-0.1418633,-0.1053824,0.9842608,
638524907588126442,227765,15400,0.008117676,-0.05084229,0.9986725,0.01997375,-0.04586792,0.9987335,-0.1384776,-0.1023295,0.9850648,
638524907588226439,227775,15401,0.007843018,-0.04824829,0.9987946,0.01660156,-0.03868103,0.9990997,-0.1346794,-0.09986189,0.9858443,
638524907588306447,227783,15402,0.004745483,-0.05461121,0.9984894,0.02137756,-0.02723694,0.9993896,-0.1305718,-0.09720805,0.9866619,
638524907588386600,227791,15402,0.007125854,-0.05500793,0.9984589,0.02331543,-0.03329468,0.9991608,-0.1305718,-0.09720805,0.9866619,
638524907588466610,227799,15403,0.005950928,-0.05960083,0.9981995,0.01878357,-0.03820801,0.9990845,-0.1265203,-0.09437048,0.9874648,
638524907588556610,227808,15404,0.007461548,-0.06335449,0.9979553,0.02919006,-0.0401001,0.998764,-0.1224375,-0.09149803,0.9882495,
638524907588636585,227816,15405,0.01190186,-0.0554657,0.9983826,0.02220154,-0.0408783,0.9989166,-0.1179776,-0.08898465,0.9890212,
638524907588716605,227824,15405,0.01394653,-0.06028748,0.9980774,0.02441406,-0.04647827,0.9986115,-0.1179776,-0.08898465,0.9890212,
638524907588796594,227832,15406,0.01567078,-0.05838013,0.9981689,0.02398682,-0.05926514,0.9979401,-0.1136948,-0.08667317,0.9897279,
638524907588886605,227841,15407,0.01557922,-0.0569458,0.9982452,0.02729797,-0.05194092,0.9982758,-0.109419,-0.08458701,0.9903901,
638524907588976591,227850,15408,0.01292419,-0.05775452,0.9982452,0.02819824,-0.05158997,0.9982605,-0.1050874,-0.08258017,0.9910283,
638524907589056616,227858,15408,0.01028442,-0.05871582,0.9982147,0.02807617,-0.05233765,0.99823,-0.1050874,-0.08258017,0.9910283,
638524907589126608,227865,15409,0.01182556,-0.05841064,0.9982147,0.02885437,-0.0544281,0.9980927,-0.1004728,-0.08067097,0.991664,
638524907589216600,227874,15410,0.01338196,-0.05810547,0.9982147,0.02258301,-0.05258179,0.9983521,-0.09617294,-0.0787804,0.9922421,
638524907589306602,227883,15411,0.01766968,-0.06166077,0.9979401,0.02523804,-0.05311584,0.9982605,-0.09138097,-0.07709422,0.9928273,
638524907589386758,227891,15411,0.01525879,-0.05807495,0.9981842,0.02670288,-0.03540039,0.9990082,-0.09138097,-0.07709422,0.9928273,
638524907589476768,227900,15412,0.0112915,-0.05895996,0.9981842,0.0337677,-0.04341125,0.9984741,-0.08619837,-0.07579021,0.993391,
638524907589556760,227908,15413,0.02523804,-0.05747986,0.9980164,0.02748108,-0.06329346,0.9976044,-0.08141223,-0.0744305,0.9938974,
638524907589636748,227916,15414,0.007614136,-0.09620667,0.9953308,0.04985046,-0.09886169,0.9938507,-0.07596917,-0.07323396,0.9944171,
638524907589716757,227924,15414,0,0,0,0,0,0,-0.07596917,-0.07323396,0.9944171,
638524907589776758,227930,15415,0,0,0,0,0,0,-0.07085531,-0.07201259,0.9948838,
638524907589866757,227939,15416,0,0,0,0,0,0,-0.06559002,-0.06999126,0.995389,
638524907589936753,227946,15416,0,0,0,0,0,0,-0.06559002,-0.06999126,0.995389,
638524907590026750,227955,15417,0,0,0,0,0,0,-0.06007067,-0.06818634,0.9958625,
638524907590106762,227963,15418,0,0,0,0,0,0,-0.05443747,-0.06639484,0.9963073,
638524907590186751,227971,15419,0,0,0,0,0,0,-0.04919643,-0.06424066,0.996721,
638524907590276755,227980,15419,0,0,0,0,0,0,-0.04919643,-0.06424066,0.996721,
638524907590356755,227988,15420,0,0,0,0,0,0,-0.04437259,-0.06226521,0.9970728,
638524907590436663,227996,15421,0,0,0,0,0,0,-0.04004438,-0.06019139,0.9973833,
638524907590526670,228005,15422,0,0,0,0,0,0,-0.03562214,-0.05798148,0.9976819,
638524907590606678,228013,15422,0,0,0,0,0,0,-0.03562214,-0.05798148,0.9976819,
638524907590676676,228020,15423,0,0,0,0,0,0,-0.03060815,-0.05630234,0.9979445,
638524907590776666,228030,15424,0,0,0,0,0,0,-0.02537809,-0.05502171,0.9981626,
638524907590876679,228040,15425,0,0,0,0,0,0,-0.0197659,-0.05384927,0.9983534,
638524907590936661,228046,15425,0,0,0,0,0,0,-0.0197659,-0.05384927,0.9983534,
638524907591036665,228056,15426,0,0,0,0,0,0,-0.01417,-0.05261451,0.9985144,
638524907591106658,228063,15427,0,0,0,0,0,0,-0.008377166,-0.05107278,0.9986598,
638524907591196659,228072,15428,0,0,0,0,0,0,-0.003070677,-0.04932129,0.9987782,
638524907591286656,228081,15429,0,0,0,0,0,0,0.001940486,-0.04786683,0.9988518,
638524907591386785,228091,15429,0,0,0,0,0,0,0.001940486,-0.04786683,0.9988518,
638524907591456780,228098,15430,0,0,0,0,0,0,0.006794087,-0.04621926,0.9989082,
638524907591556784,228108,15431,0,0,0,0,0,0,0.01091084,-0.04465827,0.9989427,
638524907591636787,228116,15432,0,0,0,0,0,0,0.01642457,-0.0432441,0.9989295,
638524907591716790,228124,15432,0,0,0,0,0,0,0.01642457,-0.0432441,0.9989295,
638524907591796786,228132,15433,0,0,0,0,0,0,0.02310106,-0.04200491,0.9988503,
638524907591886783,228141,15434,0,0,0,0,0,0,0.03016535,-0.04006988,0.9987414,
638524907591976797,228150,15435,0,0,0,0,0,0,0.03724934,-0.03781555,0.9985902,
638524907592046786,228157,15435,0,0,0,0,0,0,0.03724934,-0.03781555,0.9985902,
638524907592136780,228166,15436,-0.01954651,-0.01370239,0.9997101,0.0003509521,-0.01834106,0.9998169,0.04396301,-0.03667908,0.9983596,
638524907592228268,228175,15437,-0.03036499,-0.008087158,0.9994965,-0.009475708,-0.01104736,0.9998932,0.05025137,-0.03545327,0.9981071,
638524907592298275,228182,15438,-0.02857971,-0.01127625,0.999527,-0.001739502,-0.01377869,0.9998932,0.05603298,-0.03367436,0.9978609,
638524907592378398,228190,15438,-0.02380371,0.0009613037,0.9997101,-0.005874634,0.006317139,0.9999542,0.05603298,-0.03367436,0.9978609,
638524907592468376,228199,15439,-0.01998901,-0.004425049,0.9997864,-0.001846313,0.01242065,0.9999084,0.06177507,-0.03238528,0.9975646,
638524907592548381,228207,15440,-0.02651978,0.001144409,0.9996338,-0.0118103,0.009613037,0.9998779,0.06751216,-0.03153288,0.99722,
638524907592638390,228216,15441,-0.03616333,0.0007629395,0.9993439,-0.009536743,0.02479553,0.9996338,0.07322166,-0.03082449,0.9968392,
638524907592718380,228224,15441,-0.0357666,-0.00390625,0.9993439,-0.0151062,0.01239014,0.9998016,0.07322166,-0.03082449,0.9968392,
638524907592798384,228232,15442,-0.03271484,0.01530457,0.9993439,-0.01431274,0.02279663,0.9996338,0.07921349,-0.02968792,0.9964155,
638524907592878382,228240,15443,-0.04811096,0.007614136,0.9988098,-0.01074219,0.01304626,0.9998474,0.08508658,-0.02878496,0.9959577,
638524907592958403,228248,15444,-0.03804016,0.01173401,0.9992065,-0.02124023,0.01443481,0.9996643,0.09097114,-0.02827905,0.9954519,
638524907593048385,228257,15444,-0.04969788,0.005889893,0.9987335,-0.0295105,0.002716064,0.9995575,0.09097114,-0.02827905,0.9954519,
638524907593128385,228265,15445,-0.04432678,-0.002380371,0.9990082,-0.02583313,0.01580811,0.999527,0.09661274,-0.02773175,0.9949356,
638524907593208384,228273,15446,-0.03726196,0.006072998,0.9992828,-0.02783203,0.0163269,0.9994659,0.1019535,-0.02720754,0.994417,
638524907593298378,228282,15447,-0.04563904,0.01387024,0.9988556,-0.02050781,0.02125549,0.9995575,0.1076105,-0.02621624,0.9938474,
638524907593378516,228290,15447,-0.04263306,0.01676941,0.9989471,-0.02305603,0.01487732,0.9996185,0.1076105,-0.02621624,0.9938474,
638524907593478505,228300,15448,-0.04174805,0.02774048,0.9987335,-0.03643799,0.007949829,0.9992981,0.1139487,-0.02519202,0.9931672,
638524907593558507,228308,15449,-0.04118347,0.02713013,0.9987793,-0.03605652,0.012146,0.9992676,0.119821,-0.02461608,0.9924903,
638524907593638511,228316,15450,-0.05055237,0.02641296,0.9983673,-0.03439331,0.03233337,0.9988708,0.125911,-0.02372164,0.9917579,
638524907593708511,228324,15450,-0.04199219,0.03822327,0.9983826,-0.04386902,0.02571106,0.998703,0.125911,-0.02372164,0.9917579,
638524907593798499,228332,15451,-0.04606628,0.03630066,0.9982758,-0.03562927,0.03245544,0.9988251,0.1319163,-0.02301615,0.9909936,
638524907593878525,228341,15452,-0.04721069,0.03079224,0.9983978,-0.03855896,0.0295105,0.9988098,0.1377698,-0.02231313,0.9902129,
638524907593958507,228348,15453,-0.05456543,0.04327393,0.9975586,-0.03848267,0.04589844,0.9981995,0.1444525,-0.02105798,0.9892876,
638524907594048503,228357,15453,-0.05091858,0.03790283,0.9979706,-0.0428772,0.021698,0.9988403,0.1444525,-0.02105798,0.9892876,
638524907594128503,228365,15454,-0.04948425,0.04214478,0.997879,-0.04429626,0.02742004,0.9986267,0.151353,-0.01949651,0.9882875,
638524907594218510,228374,15455,-0.05780029,0.04101563,0.9974823,-0.04176331,0.04574585,0.9980774,0.157524,-0.01618183,0.9873826,
638524907594298514,228382,15456,-0.06774902,0.02954102,0.9972534,-0.03578186,0.02874756,0.9989319,0.1639498,-0.01379697,0.9863722,
638524907594378629,228391,15456,-0.06048584,0.03729248,0.997467,-0.05023193,-0.003921509,0.9987183,0.1639498,-0.01379697,0.9863722,
638524907594458603,228399,15457,-0.05493164,0.03605652,0.9978333,-0.0766449,-0.09277344,0.9927216,0.1700093,-0.01193948,0.9853701,
638524907594538632,228407,15458,0,0,0,0,0,0,0.1759705,-0.01016583,0.9843429,
638524907594628617,228416,15459,0,0,0,0,0,0,0.1823534,-0.008248526,0.9831985,
638524907594698713,228423,15459,0,0,0,0,0,0,0.1823534,-0.008248526,0.9831985,
638524907594778735,228431,15460,0,0,0,0,0,0,0.1883754,-0.006788443,0.9820737,
638524907594878716,228441,15461,0,0,0,0,0,0,0.1943106,-0.006344256,0.9809195,
638524907594948714,228448,15462,0,0,0,0,0,0,0.2001869,-0.006080233,0.9797389,
638524907595058711,228459,15463,0,0,0,0,0,0,0.2061796,-0.005860342,0.9784966,
638524907595128713,228466,15463,0,0,0,0,0,0,0.2061796,-0.005860342,0.9784966,
638524907595228721,228476,15464,0,0,0,0,0,0,0.2121611,-0.006083311,0.9772158,
638524907595298722,228483,15465,0,0,0,0,0,0,0.2181718,-0.005110812,0.975897,
638524907595378816,228491,15465,0,0,0,0,0,0,0.2181718,-0.005110812,0.975897,
638524907595468803,228500,15466,0,0,0,0,0,0,0.2250805,-0.003509981,0.9743338,
638524907595548794,228508,15467,-0.04045105,0.04647827,0.9980927,0,0,0,0.2324796,-0.002096959,0.972599,
638524907595638800,228517,15468,-0.04867554,0.07052612,0.9963074,-0.02799988,0.06524658,0.997467,0.2403323,-0.00065354,0.9706904,
638524907595728810,228526,15469,-0.0561676,0.08132935,0.9951019,-0.02671814,0.07261658,0.996994,0.2481255,0.001099855,0.9687273,
638524907595798809,228533,15469,-0.06149292,0.06427002,0.9960327,-0.04608154,-0.1882172,0.9810333,0.2481255,0.001099855,0.9687273,
638524907595878834,228541,15470,-0.05761719,0.06037903,0.9965057,-0.02685547,0.05964661,0.9978485,0.2561437,0.002877863,0.9666344,
638524907595978819,228551,15471,-0.05337524,0.06178284,0.9966583,-0.02813721,0.0565033,0.9980011,0.2640969,0.004260945,0.9644868,
638524907596048808,228558,15471,-0.05410767,0.07722473,0.9955292,-0.04508972,0.06280518,0.996994,0.2640969,0.004260945,0.9644868,
638524907596128823,228566,15472,-0.08384705,0.06217957,0.9945221,-0.03741455,0.07678223,0.9963379,0.2725623,0.00603127,0.9621192,
638524907596218803,228575,15473,-0.06796265,0.04238892,0.9967804,-0.06573486,-0.1973267,0.9781189,0.2807503,0.007201076,0.9597538,
638524907596308805,228584,15474,-0.06416321,0.05014038,0.9966736,-0.05134583,0.05822754,0.9969788,0.2898563,0.008165073,0.9570354,
638524907596382656,228591,15474,-0.07356262,0.06745911,0.9949951,-0.01455688,-0.1140747,0.9933624,0.2898563,0.008165073,0.9570354,
638524907596462669,228599,15475,-0.0705719,-0.1940918,0.9784393,-0.03878784,-0.271347,0.9616852,0.2983828,0.008905077,0.9544047,
638524907596532666,228606,15476,-0.08465576,0.06315613,0.9944,0,0,0,0.306668,0.009698331,0.9517671,
638524907596617846,228614,15477,-0.08950806,0.0637207,0.9939423,0,0,0,0.3152848,0.00917375,0.9489528,
638524907596707836,228623,15477,0,0,0,0,0,0,0.3152848,0.00917375,0.9489528,
638524907596787838,228631,15478,0,0,0,0,0,0,0.323008,0.009050677,0.946353,
638524907596867850,228639,15479,0,0,0,0,0,0,0.3307644,0.008098263,0.9436786,
638524907596947847,228647,15480,0,0,0,0,0,0,0.3382041,0.006885256,0.9410476,
638524907597047836,228657,15480,0,0,0,0,0,0,0.3382041,0.006885256,0.9410476,
638524907597117837,228664,15481,-0.2236938,-0.1591644,0.9615631,0,0,0,0.3446544,0.005547711,0.9387133,
638524907597217833,228674,15482,-0.3115845,-0.02140808,0.9499664,0,0,0,0.3505128,0.004019469,0.9365493,
638524907597297839,228682,15483,-0.312027,-0.01434326,0.9499512,0,0,0,0.3557557,0.001893386,0.934577,
638524907597377948,228690,15483,-0.3102264,-0.276947,0.9094238,0,0,0,0.3557557,0.001893386,0.934577,
638524907597457972,228698,15484,-0.3260345,-0.002029419,0.945343,0,0,0,0.3593104,-0.0005695685,0.9332179,
638524907597537952,228706,15485,-0.3268738,-0.002944946,0.9450531,0,0,0,0.3619975,-0.002914556,0.9321745,
638524907597637955,228716,15486,-0.3263397,0.001373291,0.9452362,0,0,0,0.3641497,-0.004999881,0.931327,
638524907597707954,228723,15486,-0.3347015,-0.005661011,0.9422913,0,0,0,0.3641497,-0.004999881,0.931327,
638524907597797945,228732,15487,-0.3379669,-0.01593018,0.9410095,0,0,0,0.3651471,-0.006318086,0.9309284,
638524907597887945,228741,15488,-0.335495,-0.00894165,0.9419861,0,0,0,0.364467,-0.007339229,0.9311874,
638524907597957971,228748,15489,-0.3305817,-0.01063538,0.9437103,0,0,0,0.3635877,-0.009119041,0.9315153,
638524907598047951,228757,15489,-0.3401794,-0.01893616,0.940155,0,0,0,0.3635877,-0.009119041,0.9315153,
638524907598127953,228765,15490,-0.366745,-0.04362488,0.9292908,0,0,0,0.3604228,-0.01189443,0.9327132,
638524907598197980,228772,15491,0,0,0,0,0,0,0.3567559,-0.01424894,0.934089,
638524907598277960,228780,15492,0,0,0,0,0,0,0.3509433,-0.017106,0.9362404,
638524907598367980,228789,15492,0,0,0,0,0,0,0.3509433,-0.017106,0.9362404,
638524907598458043,228798,15493,0,0,0,0,0,0,0.3448663,-0.01999473,0.9384388,
638524907598538053,228806,15494,0,0,0,0,0,0,0.3365389,-0.02313238,0.9413854,
638524907598608049,228813,15494,0,0,0,0,0,0,0.3365389,-0.02313238,0.9413854,
638524907598698041,228822,15495,0,0,0,0,0,0,0.327272,-0.02641059,0.944561,
638524907598788041,228831,15496,0,0,0,0,0,0,0.3181951,-0.0303727,0.9475386,
638524907598858066,228838,15497,0,0,0,0,0,0,0.3082191,-0.03499883,0.9506714,
638524907598938054,228846,15497,0,0,0,0,0,0,0.3082191,-0.03499883,0.9506714,
638524907599018048,228854,15498,0,0,0,0,0,0,0.2980864,-0.03948822,0.9537218,
638524907599118046,228864,15499,0,0,0,0,0,0,0.2869104,-0.04384639,0.9569535,
638524907599208077,228873,15500,0,0,0,0,0,0,0.2756546,-0.04830408,0.9600424,
638524907599268051,228879,15500,0,0,0,0,0,0,0.2756546,-0.04830408,0.9600424,
638524907599358060,228888,15501,0,0,0,0,0,0,0.2634929,-0.05302982,0.9632027,
638524907599436470,228896,15502,0,0,0,0,0,0,0.2508752,-0.05828637,0.9662631,
638524907599526473,228905,15503,0,0,0,0,0,0,0.2377787,-0.06276166,0.9692895,
638524907599616820,228914,15504,0,0,0,0,0,0,0.2241001,-0.06585265,0.9723387,
638524907599686455,228921,15504,0,0,0,0,0,0,0.2241001,-0.06585265,0.9723387,
638524907599796468,228932,15505,0,0,0,0,0,0,0.2105111,-0.06943834,0.9751223,
638524907599866466,228939,15506,0,0,0,0,0,0,0.196292,-0.07260685,0.9778536,
638524907599956454,228948,15507,0,0,0,0,0,0,0.182782,-0.07566854,0.9802372,
638524907600026452,228955,15507,0,0,0,0,0,0,0.182782,-0.07566854,0.9802372,
638524907600106464,228963,15508,0,0,0,0,0,0,0.1689557,-0.07928403,0.9824296,
638524907600196477,228972,15509,0,0,0,0,0,0,0.1555376,-0.08238884,0.9843882,
638524907600276452,228980,15510,0,0,0,0,0,0,0.1423028,-0.08463959,0.9861978,
638524907600366444,228989,15510,0,0,0,0,0,0,0.1423028,-0.08463959,0.9861978,
638524907600446445,228997,15511,0,0,0,0,0,0,0.128887,-0.08764408,0.9877787,
638524907600526468,229005,15512,0,0,0,0,0,0,0.1156893,-0.09023013,0.9891787,
638524907600606454,229013,15512,0,0,0,0,0,0,0.1156893,-0.09023013,0.9891787,
638524907600686459,229021,15513,0,0,0,0,0,0,0.102519,-0.09266247,0.9904057,
638524907600766449,229029,15514,0,0,0,0,0,0,0.08942707,-0.09584101,0.9913715,
638524907600846470,229037,15515,0,0,0,0,0,0,0.07731173,-0.09883162,0.9920964,
638524907600936459,229046,15515,0,0,0,0,0,0,0.07731173,-0.09883162,0.9920964,
638524907601026474,229055,15516,0,0,0,0,0,0,0.06521423,-0.1025098,0.992592,
638524907601116455,229064,15517,0,0,0,0,0,0,0.05349373,-0.1068194,0.9928384,
638524907601206457,229073,15518,0,0,0,0,0,0,0.04211016,-0.1108934,0.9929398,
638524907601276477,229080,15519,0,0,0,0,0,0,0.03172424,-0.1146168,0.9929031,
638524907601386551,229091,15519,0,0,0,0,0,0,0.03172424,-0.1146168,0.9929031,
638524907601456574,229098,15520,0,0,0,0,0,0,0.02149589,-0.1181669,0.9927611,
638524907601536557,229106,15521,0,0,0,0,0,0,0.0115637,-0.1225028,0.9924008,
638524907601616567,229114,15522,0,0,0,0,0,0,0.00177456,-0.1261118,0.9920145,
638524907601696547,229122,15522,-0.1676788,0.02748108,0.9854431,0,0,0,0.00177456,-0.1261118,0.9920145,
638524907601776558,229130,15523,-0.165863,0.0291748,0.9857025,0,0,0,-0.007999626,-0.1294292,0.9915564,
638524907601866580,229139,15524,-0.1542358,0.02252197,0.9877625,0,0,0,-0.01801708,-0.1325388,0.9910141,
638524907601956554,229148,15525,-0.1481323,0.03381348,0.9883728,0,0,0,-0.02756098,-0.1355793,0.9903831,
638524907602026559,229155,15525,-0.150528,0.05128479,0.9872589,0,0,0,-0.02756098,-0.1355793,0.9903831,
638524907602116553,229164,15526,-0.1443634,0.06472778,0.9873962,0,0,0,-0.03750953,-0.1374579,0.9897971,
638524907602202296,229173,15527,-0.1360626,0.04069519,0.9898529,0,0,0,-0.04732411,-0.1387245,0.9891996,
638524907602292311,229182,15528,-0.1300354,0.05482483,0.9899902,0,0,0,-0.05664402,-0.1385256,0.9887376,
638524907602372293,229190,15528,-0.1171875,0.04602051,0.9920349,0,0,0,-0.05664402,-0.1385256,0.9887376,
638524907602452314,229198,15529,0,0,0,0,0,0,-0.06529843,-0.1377908,0.9883065,
638524907602532305,229206,15530,0,0,0,0,0,0,-0.07367159,-0.1370087,0.9878265,
638524907602612291,229214,15531,0,0,0,0,0,0,-0.08219203,-0.136408,0.9872372,
638524907602692402,229222,15531,0,0,0,0,0,0,-0.08219203,-0.136408,0.9872372,
638524907602782389,229231,15532,0,0,0,0,0,0,-0.0901597,-0.1344134,0.9868152,
638524907602862397,229239,15533,0,0,0,0,0,0,-0.0988588,-0.1321367,0.9862894,
638524907602942385,229247,15533,0,0,0,0,0,0,-0.0988588,-0.1321367,0.9862894,
638524907603022381,229255,15534,0,0,0,0,0,0,-0.1075675,-0.130136,0.9856439,
638524907603112378,229264,15535,0,0,0,0,0,0,-0.1163293,-0.1274168,0.9850038,
638524907603192394,229272,15536,0,0,0,0,0,0,-0.1253355,-0.1251568,0.9841884,
638524907603262390,229279,15536,0,0,0,0,0,0,-0.1253355,-0.1251568,0.9841884,
638524907603352377,229288,15537,0,0,0,0,0,0,-0.1340416,-0.123618,0.9832352,
638524907603442390,229297,15538,0,0,0,0,0,0,-0.1429258,-0.1223259,0.9821449,
638524907603532403,229306,15539,0,0,0,0,0,0,-0.1516603,-0.1214078,0.9809482,
638524907603622389,229315,15540,0,0,0,0,0,0,-0.1603364,-0.1216119,0.9795421,
638524907603712475,229324,15540,0,0,0,-0.10289,-0.03572083,0.9940491,-0.1603364,-0.1216119,0.9795421,
638524907603792477,229332,15541,0,0,0,-0.09603882,-0.02044678,0.995163,-0.16857,-0.1220923,0.978099,
638524907603882481,229341,15542,0,0,0,-0.09353638,0.01202393,0.9955292,-0.1761647,-0.1232778,0.9766108,
638524907603972485,229350,15543,0,0,0,-0.09460449,0.01045227,0.9954529,-0.1840053,-0.1244462,0.9750155,
638524907604052482,229358,15543,-0.09507751,0.01960754,0.9952698,-0.08004761,0.009979248,0.9967346,-0.1916281,-0.1262041,0.9733196,
638524907604132478,229366,15544,-0.09233093,0.0166626,0.995575,-0.08226013,0.02316284,0.9963379,-0.1916281,-0.1262041,0.9733196,
638524907604222482,229375,15545,-0.08128357,-0.005737305,0.9966736,-0.06863403,0.01403809,0.9975281,-0.1994068,-0.1289911,0.9713898,
638524907604292495,229382,15546,-0.08950806,0.003326416,0.9959717,-0.07318115,-0.001251221,0.9973145,-0.2065836,-0.1331051,0.9693329,
638524907604377667,229390,15546,-0.08430481,0.008346558,0.9963989,-0.06462097,-0.007537842,0.997879,-0.2065836,-0.1331051,0.9693329,
638524907604467654,229399,15547,-0.08586121,0.005966187,0.9962769,-0.07485962,0.005981445,0.9971619,-0.2133486,-0.1391878,0.9670104,
638524907604557650,229408,15548,-0.08491516,0.006698608,0.9963531,-0.06384277,0.001678467,0.9979553,-0.2198543,-0.1445422,0.9647651,
638524907604637650,229416,15549,-0.08322144,0.001953125,0.996521,-0.06530762,0.003326416,0.9978485,-0.2253669,-0.1481563,0.9629431,
638524907604700383,229423,15549,-0.07987976,0.007156372,0.9967651,-0.05981445,0.009933472,0.9981537,-0.2253669,-0.1481563,0.9629431,
638524907604790355,229432,15550,-0.08091736,0.02046204,0.9965057,-0.06277466,0.0125885,0.9979401,-0.2309037,-0.1507542,0.9612266,
638524907604880361,229441,15551,-0.0816803,0.0191803,0.99646,-0.0619812,0.01095581,0.9980164,-0.2361681,-0.1533039,0.9595429,
638524907604960374,229449,15552,-0.07154846,0.01565552,0.9972992,-0.06410217,0.01405334,0.9978333,-0.2422047,-0.1560621,0.9575915,
638524907605040357,229457,15552,-0.08114624,0.0001220703,0.9966888,-0.05970764,0.0148468,0.9980927,-0.2422047,-0.1560621,0.9575915,
638524907605130358,229466,15553,-0.07669067,0.009078979,0.9970093,-0.05464172,0.008773804,0.9984589,-0.2495244,-0.1582897,0.9553439,
638524907605210365,229474,15554,-0.07203674,0.02217102,0.9971466,-0.05451965,0.022995,0.9982452,-0.2571856,-0.1595493,0.9531,
638524907605300357,229483,15555,-0.07341003,0.01721191,0.9971466,-0.05096436,0.02732849,0.9983215,-0.2643569,-0.1610175,0.9508884,
638524907605380359,229491,15555,-0.06645203,0.01754761,0.9976196,-0.06282043,0.02082825,0.9978027,-0.2643569,-0.1610175,0.9508884,
638524907605460355,229499,15556,-0.07128906,0.02107239,0.9972229,-0.05725098,0.01678467,0.9982147,-0.2711983,-0.1626967,0.9486734,
638524907605540371,229507,15557,-0.07130432,0.0295105,0.9970093,-0.05899048,0.02484131,0.9979401,-0.2768877,-0.1634459,0.9468995,
638524907605630367,229516,15558,-0.06855774,0.03144836,0.9971466,-0.05793762,0.002532959,0.9983063,-0.2827116,-0.1648638,0.9449307,
638524907605720376,229525,15558,-0.06262207,0.008743286,0.9979858,-0.05854797,0.008865356,0.99823,-0.2881927,-0.1663509,0.9430124,
638524907605790355,229532,15559,-0.06182861,0.02267456,0.997818,-0.06072998,0.01679993,0.9980011,-0.2881927,-0.1663509,0.9430124,
638524907605890357,229542,15560,-0.06755066,0.01118469,0.9976501,-0.05245972,0.01994324,0.9984131,-0.2940858,-0.167786,0.9409364,
638524907605960370,229549,15561,-0.06904602,0.01872253,0.9974365,-0.05241394,0.03230286,0.9980927,-0.3005198,-0.1689712,0.9386888,
638524907606040354,229557,15561,-0.06375122,0.01065063,0.9978943,-0.05143738,0.01724243,0.9985199,-0.3005198,-0.1689712,0.9386888,
638524907606130372,229566,15562,-0.07041931,0.01805115,0.997345,-0.04960632,0.02859497,0.9983521,-0.3071917,-0.1705015,0.9362491,
638524907606220354,229575,15563,-0.07362366,0.01716614,0.9971313,-0.04338074,0.01925659,0.9988708,-0.3131981,-0.172348,0.9339182,
638524907606300378,229583,15564,-0.06672668,0.01229858,0.9976807,-0.04150391,0.01785278,0.9989777,-0.3185906,-0.1744993,0.9316921,
638524907606380359,229591,15564,-0.05912781,0.006408691,0.9982147,-0.03131104,0.01811218,0.9993439,-0.3185906,-0.1744993,0.9316921,
638524907606460371,229599,15565,-0.06439209,0.006195068,0.9978943,-0.03465271,0.01712036,0.9992523,-0.3238389,-0.1762418,0.9295521,
638524907606550362,229608,15566,-0.06477356,0.0181427,0.9977264,-0.03877258,0.02546692,0.9989166,-0.3288632,-0.1781265,0.9274265,
638524907606630362,229616,15567,-0.05664063,0.02572632,0.9980621,-0.04003906,0.01156616,0.9991302,-0.333866,-0.1798518,0.9253037,
638524907606705764,229623,15567,-0.05606079,0.03085327,0.9979401,-0.04037476,0.01916504,0.9989929,-0.333866,-0.1798518,0.9253037,
638524907606795861,229632,15568,-0.06648254,0.03314209,0.9972229,-0.03210449,0.008453369,0.9994354,-0.3391632,-0.1817123,0.9230108,
638524907606875872,229640,15569,-0.06225586,0.03042603,0.9975891,-0.03778076,0.02127075,0.999054,-0.3440953,-0.1831485,0.9208991,
638524907606955882,229648,15570,-0.05854797,0.0249939,0.9979706,-0.02760315,0.0209198,0.9993896,-0.349085,-0.1845132,0.9187462,
638524907607055866,229658,15571,-0.0579834,0.02680969,0.9979553,-0.03736877,0.02548218,0.9989624,-0.3539825,-0.1859924,0.9165714,
638524907607135861,229666,15571,-0.0556488,0.03768921,0.9977264,-0.03274536,0.03010559,0.9990082,-0.3539825,-0.1859924,0.9165714,
638524907607215876,229674,15572,-0.05180359,0.03448486,0.9980469,-0.03282166,0.02764893,0.9990692,-0.3584837,-0.1873647,0.9145402,
638524907607295867,229682,15573,-0.0561676,0.03720093,0.9977264,-0.0279541,0.03225708,0.9990845,-0.3631887,-0.1884597,0.9124566,
638524907607375874,229690,15573,-0.03523254,0.03335571,0.9988098,-0.02690125,0.02745056,0.9992523,-0.3631887,-0.1884597,0.9124566,
638524907607455867,229698,15574,-0.04997253,0.02816772,0.9983521,-0.03149414,0.03193665,0.9989929,-0.3674205,-0.1896648,0.9105105,
638524907607545890,229707,15575,-0.04341125,0.02326965,0.9987793,-0.02610779,0.03219604,0.9991302,-0.3716992,-0.1907215,0.9085511,
638524907607635874,229716,15576,-0.04774475,0.01649475,0.9987183,-0.02629089,0.03381348,0.9990692,-0.3759347,-0.1919237,0.9065531,
638524907607715971,229724,15577,-0.04516602,0.01904297,0.9987946,-0.02613831,0.03349304,0.9990845,-0.3798437,-0.1927594,0.9047444,
638524907607796079,229732,15577,-0.04011536,0.02420044,0.9988861,-0.02432251,0.03691101,0.9990082,-0.3798437,-0.1927594,0.9047444,
638524907607876080,229740,15578,-0.03781128,0.0229187,0.9990082,-0.02467346,0.04414368,0.9987183,-0.3838849,-0.1935374,0.9028708,
638524907607956074,229748,15579,-0.03773499,0.004470825,0.9992676,-0.0274353,0.05288696,0.9982147,-0.3874925,-0.1945945,0.9011008,
638524907608056076,229758,15580,-0.04362488,0.01455688,0.9989319,-0.03846741,0.04626465,0.9981842,-0.3908833,-0.1952872,0.8994849,
638524907608126078,229765,15580,-0.04786682,0.01655579,0.998703,-0.02844238,0.04594421,0.9985352,-0.3908833,-0.1952872,0.8994849,
638524907608206081,229773,15581,-0.04978943,-0.01733398,0.9985962,-0.01745605,0.0304718,0.9993744,-0.3942593,-0.1956862,0.8979235,
638524907608296071,229782,15582,0,0,0,0,0,0,-0.3980241,-0.1953286,0.896339,
638524907608366077,229789,15582,0,0,0,0,0,0,-0.3980241,-0.1953286,0.896339,
638524907608446070,229797,15583,0,0,0,0,0,0,-0.4021345,-0.1945958,0.8946621,
638524907608516079,229804,15584,0,0,0,0,0,0,-0.406471,-0.1929951,0.8930477,
638524907608596075,229812,15584,0,0,0,0,0,0,-0.406471,-0.1929951,0.8930477,
638524907608686081,229821,15585,0,0,0,0,0,0,-0.4108736,-0.1912665,0.8914034,
638524907608776312,229830,15586,0,0,0,0,0,0,-0.4152304,-0.1887794,0.8899135,
638524907608856192,229838,15587,0,0,0,0,0,0,-0.4192389,-0.1868103,0.8884484,
638524907608936178,229846,15587,0,0,0,0,0,0,-0.4192389,-0.1868103,0.8884484,
638524907609026173,229855,15588,0,0,0,0,0,0,-0.4231974,-0.1850034,0.8869485,
638524907609116190,229864,15589,0,0,0,0,0,0,-0.4271333,-0.1838547,0.8852991,
638524907609196190,229872,15590,0,0,0,0,0,0,-0.430981,-0.1819351,0.8838297,
638524907609296186,229882,15591,0,0,0,0,0,0,-0.4349901,-0.1807159,0.8821141,
638524907609366184,229889,15591,0,0,0,0,0,0,-0.4349901,-0.1807159,0.8821141,
638524907609456186,229898,15592,0,0,0,0,0,0,-0.4388747,-0.1790641,0.8805254,
638524907609536192,229906,15593,0,0,0,0,0,0,-0.443366,-0.177204,0.8786497,
638524907609626187,229915,15594,0,0,0,0,0,0,-0.4478352,-0.1755111,0.8767209,
638524907609716284,229924,15595,0,0,0,0,0,0,-0.4522826,-0.1740684,0.8747232,
638524907609796307,229932,15595,0,0,0,0,0,0,-0.4522826,-0.1740684,0.8747232,
638524907609876289,229940,15596,0,0,0,0,0,0,-0.4562219,-0.173095,0.8728687,
638524907609956298,229948,15597,0,0,0,0,0,0,-0.460227,-0.1726813,0.8708457,
638524907610046289,229957,15597,0,0,0,0,0,0,-0.460227,-0.1726813,0.8708457,
638524907610136286,229966,15598,-0.02430725,-0.02549744,0.9993744,-0.02366638,0.01397705,0.9996185,-0.4637092,-0.1730089,0.8689314,
638524907610216288,229974,15599,-0.0316925,0.003128052,0.9994812,-0.01153564,0.001281738,0.9999237,-0.4670852,-0.1740402,0.8669149,
638524907610296288,229982,15600,-0.02850342,0.01455688,0.9994812,-0.01559448,0.03031921,0.9994049,-0.4701156,-0.1760218,0.8648744,
638524907610376290,229990,15600,-0.03527832,0.01399231,0.9992676,-0.01255798,0.01730347,0.9997711,-0.4701156,-0.1760218,0.8648744,
638524907610456289,229998,15601,-0.03218079,0.0120697,0.9994049,-0.01005554,0.0284729,0.9995422,-0.4730142,-0.1782872,0.8628275,
638524907610556291,230008,15602,-0.03330994,0.01066589,0.9993744,-0.003189087,0.03556824,0.9993591,-0.4758379,-0.180305,0.8608533,
638524907610626297,230015,15603,-0.03010559,0.007247925,0.9995117,-0.01179504,0.02122498,0.9996948,-0.4789205,-0.1819092,0.8588039,
638524907610716389,230024,15603,-0.03285217,0.00831604,0.9994202,-0.003982544,-0.01397705,0.9998932,-0.4789205,-0.1819092,0.8588039,
638524907610806481,230033,15604,-0.03794861,-0.0009918213,0.9992676,-0.00932312,0.004730225,0.999939,-0.4817891,-0.1833057,0.8569004,
638524907610876497,230040,15605,-0.03907776,0.002044678,0.9992218,-0.01184082,0.009384155,0.9998779,-0.4845693,-0.1845763,0.855058,
638524907610956515,230048,15606,-0.0348053,0.01016235,0.9993286,-0.01115417,0.02227783,0.9996796,-0.4873811,-0.1861577,0.8531149,
638524907611056497,230058,15607,-0.02685547,0.009094238,0.999588,-0.002258301,0.01486206,0.9998779,-0.4905036,-0.1872321,0.8510877,
638524907611126486,230065,15607,-0.03036499,0.009048462,0.9994965,-0.003570557,0.01231384,0.9999084,-0.4905036,-0.1872321,0.8510877,
638524907611206490,230073,15608,-0.0309906,0.01091003,0.9994507,-0.002166748,0.02062988,0.9997711,-0.4939339,-0.1876047,0.8490193,
638524907611296493,230082,15609,-0.02186584,0.0050354,0.9997406,-0.005874634,0.006164551,0.9999542,-0.4970454,-0.1872663,0.8472764,
638524907611386491,230091,15610,-0.0322876,0.004898071,0.9994659,-0.002975464,0.004226685,0.9999847,-0.5002227,-0.1868355,0.8454997,
638524907611456487,230098,15610,-0.02490234,-0.006866455,0.9996643,-0.009887695,0.007156372,0.9999237,-0.5002227,-0.1868355,0.8454997,
638524907611556486,230108,15611,-0.02601624,0.01213074,0.9995728,-0.01055908,0.01582336,0.9998169,-0.5030589,-0.1863434,0.8439241,
638524907611626501,230115,15612,-0.02639771,-0.005554199,0.9996338,-0.00843811,0.01237488,0.9998779,-0.5058804,-0.1858391,0.8423473,
638524907611716584,230124,15613,-0.02680969,0.0007324219,0.9996338,-0.008392334,0.009292603,0.9999084,-0.5085344,-0.1856597,0.8407873,
638524907611796605,230132,15613,-0.02787781,-0.01049805,0.9995422,-0.01368713,0.01217651,0.9998169,-0.5085344,-0.1856597,0.8407873,
638524907611886586,230141,15614,-0.02516174,-0.003646851,0.9996643,-0.01242065,0.00920105,0.9998779,-0.5111297,-0.1857127,0.8392004,
638524907611956602,230148,15615,-0.02818298,-0.00579834,0.9995728,-0.005203247,0.006713867,0.9999542,-0.5137658,-0.1858304,0.837563,
638524907612046596,230157,15615,-0.02842712,-0.008865356,0.9995422,-0.01826477,0.01504517,0.9997101,-0.5137658,-0.1858304,0.837563,
638524907612126599,230165,15616,-0.02278137,-0.0174408,0.999588,-0.01066589,0.0111084,0.9998779,-0.5162523,-0.1860203,0.8359904,
638524907612206586,230173,15617,-0.02468872,-0.01142883,0.9996185,-0.01371765,0.02200317,0.999649,-0.5185675,-0.1862571,0.8345035,
638524907612296582,230182,15618,-0.03076172,-0.01689148,0.9993744,-0.01467896,0.02481079,0.9995728,-0.5205573,-0.1867458,0.8331543,
638524907612376581,230190,15618,-0.02638245,-0.01724243,0.9994965,-0.01853943,0.02575684,0.9994812,-0.5205573,-0.1867458,0.8331543,
638524907612456588,230198,15619,-0.02737427,-0.0138855,0.999527,-0.01109314,0.02783203,0.9995422,-0.5225765,-0.186987,0.8318352,
638524907612546587,230207,15620,-0.02072144,-0.01184082,0.9997101,-0.01573181,-0.001785278,0.9998627,-0.5243495,-0.1872312,0.8306637,
638524907612636596,230216,15621,-0.03056335,-0.01248169,0.9994507,-0.01498413,-0.005996704,0.9998627,-0.5262549,-0.1871982,0.8294653,
638524907612706718,230223,15621,-0.03695679,-0.009552002,0.9992676,-0.01797485,-0.005706787,0.9998169,-0.5262549,-0.1871982,0.8294653,
638524907612796813,230232,15622,-0.02633667,0.00819397,0.9996185,-0.01365662,-0.01237488,0.9998169,-0.528312,-0.1871169,0.8281749,
638524907612876828,230240,15623,-0.03633118,-0.001998901,0.9993286,-0.01438904,-0.01446533,0.9997864,-0.5306473,-0.1870327,0.8266996,
638524907612956820,230248,15624,-0.03286743,0.005111694,0.9994354,-0.01850891,6.103516E-05,0.9998169,-0.5328494,-0.1867596,0.8253438,
638524907613036817,230256,15624,-0.04060364,0.003952026,0.9991608,-0.02058411,-0.004501343,0.9997711,-0.5328494,-0.1867596,0.8253438,
638524907613126817,230265,15625,-0.03317261,0.001708984,0.9994354,-0.02362061,-0.01818848,0.9995422,-0.5347677,-0.1867392,0.8241068,
638524907613216816,230274,15626,-0.03915405,0.007949829,0.9991913,-0.02328491,-0.001937866,0.9997253,-0.5365136,-0.1867447,0.82297,
638524907613296824,230282,15627,-0.04048157,-0.002029419,0.999176,-0.02700806,-0.009262085,0.999588,-0.5378703,-0.1869325,0.8220412,
638524907613376825,230290,15627,-0.03565979,-0.005615234,0.9993439,-0.02754211,-0.01667786,0.9994812,-0.5378703,-0.1869325,0.8220412,
638524907613456819,230298,15628,-0.04319763,0.007354736,0.9990387,-0.02593994,-0.009094238,0.9996185,-0.5393724,-0.1869695,0.821048,
638524907613536821,230306,15629,-0.04223633,0.003356934,0.9990997,-0.02682495,-0.01512146,0.9995117,-0.5408403,-0.1871859,0.8200324,
638524907613636831,230316,15630,-0.04879761,-0.002380371,0.9987946,-0.02340698,-0.001800537,0.9997101,-0.542585,-0.187262,0.8188618,
638524907613706941,230323,15630,-0.04524231,-0.01573181,0.9988403,-0.02133179,-0.007904053,0.9997406,-0.542585,-0.187262,0.8188618,
638524907613796931,230332,15631,-0.05465698,-0.01681519,0.9983521,-0.02426147,-0.001922607,0.9996948,-0.5443995,-0.187448,0.8176139,
638524907613876944,230340,15632,-0.04438782,-0.03192139,0.9984894,-0.02403259,-0.02604675,0.9993591,-0.5463412,-0.1880165,0.8161869,
638524907613946938,230347,15633,0,0,0,0,0,0,-0.5477695,-0.1889289,0.8150181,
638524907614026940,230355,15633,0,0,0,0,0,0,-0.5477695,-0.1889289,0.8150181,
638524907614116934,230364,15634,0,0,0,0,0,0,-0.5489373,-0.1905253,0.8138599,
638524907614196954,230372,15635,0,0,0,0,0,0,-0.5497975,-0.1923507,0.8128492,
638524907614266943,230379,15635,0,0,0,0,0,0,-0.5497975,-0.1923507,0.8128492,
638524907614356933,230388,15636,0,0,0,0,0,0,-0.5505182,-0.1945571,0.8118358,
638524907614446933,230397,15637,0,0,0,0,0,0,-0.5507485,-0.1960778,0.8113135,
638524907614526952,230405,15638,0,0,0,0,0,0,-0.5509603,-0.1974344,0.8108406,
638524907614616943,230414,15639,0,0,0,0,0,0,-0.5513687,-0.1987012,0.8102533,
638524907614696942,230422,15639,0,0,0,0,0,0,-0.5513687,-0.1987012,0.8102533,
638524907614777085,230430,15640,0,0,0,0,0,0,-0.5532351,-0.1995994,0.808759,
638524907614857042,230438,15641,0,0,0,0,0,0,-0.5559966,-0.1998335,0.806805,
638524907614957033,230448,15642,0,0,0,0,0,0,-0.5588884,-0.2000078,0.8047612,
638524907615027037,230455,15642,0,0,0,0,0,0,-0.5588884,-0.2000078,0.8047612,
638524907615127036,230465,15643,0,0,0,0,0,0,-0.5608876,-0.2005101,0.8032439,
638524907615207052,230473,15644,0,0,0,0,0,0,-0.5620916,-0.2013919,0.802181,
638524907615297030,230482,15645,0,0,0,0,0,0,-0.5628738,-0.2018669,0.8015128,
638524907615377037,230490,15645,0,0,0,0,0,0,-0.5628738,-0.2018669,0.8015128,
638524907615457045,230498,15646,0,0,0,0,0,0,-0.5637848,-0.2019122,0.8008609,
638524907615557044,230508,15647,0,0,0,0,0,0,-0.5652271,-0.2017026,0.7998965,
638524907615627048,230515,15648,0,0,0,0,0,0,-0.5667536,-0.2015331,0.7988585,
638524907615717138,230524,15649,0,0,0,0,0,0,-0.5689229,-0.2012316,0.7973911,
638524907615797132,230532,15649,-0.08488464,-0.01742554,0.9962311,-0.06799316,-0.02755737,0.9972992,-0.5689229,-0.2012316,0.7973911,
638524907615887127,230541,15650,-0.09220886,-0.01655579,0.9955902,-0.06446838,-0.02983093,0.997467,-0.5713798,-0.2008857,0.7957199,
638524907615957141,230548,15651,-0.09008789,-0.04127502,0.9950714,-0.06111145,-0.03018188,0.9976654,-0.5738512,-0.2004519,0.794049,
638524907616047131,230557,15652,-0.09841919,-0.004806519,0.9951324,-0.07589722,-0.02601624,0.9967651,-0.5759238,-0.2005804,0.7925146,
638524907616137148,230566,15652,-0.09144592,-0.005279541,0.9957886,-0.07731628,-0.02142334,0.9967651,-0.5759238,-0.2005804,0.7925146,
638524907616207134,230573,15653,-0.1051025,-0.01699829,0.9943085,-0.07302856,-0.01417542,0.9972229,-0.5774343,-0.2011216,0.7912773,
638524907616297135,230582,15654,-0.09844971,-0.007232666,0.9951019,-0.06594849,-0.02882385,0.9973907,-0.5787044,-0.201656,0.7902128,
638524907616377128,230590,15654,-0.1021576,-0.005279541,0.994751,-0.07261658,-0.02316284,0.9970856,-0.5787044,-0.201656,0.7902128,
638524907616457144,230598,15655,-0.1056824,-0.001937866,0.9943848,-0.08106995,-0.03108215,0.9962158,-0.5795455,-0.2019013,0.7895334,
638524907616547142,230607,15656,-0.09849548,-0.00402832,0.9951172,-0.06858826,-0.02708435,0.9972687,-0.5805417,-0.2019599,0.7887861,
638524907616627137,230615,15657,-0.1023102,-0.01454163,0.9946442,-0.08190918,-0.02920532,0.9962006,-0.5821291,-0.2017529,0.7876683,
638524907616707261,230623,15657,-0.09950256,-0.01634216,0.9948883,-0.07920837,-0.01179504,0.9967804,-0.5821291,-0.2017529,0.7876683,
638524907616787376,230631,15658,-0.09657288,-0.009109497,0.9952698,-0.0774231,-0.03630066,0.9963226,-0.5837412,-0.2010649,0.7866506,
638524907616857376,230638,15659,0,0,0,0,0,0,-0.5854887,-0.2008296,0.7854111,
638524907616947378,230647,15660,0,0,0,0,0,0,-0.5872112,-0.2011476,0.7840425,
638524907617027375,230655,15660,0,0,0,0,0,0,-0.5872112,-0.2011476,0.7840425,
638524907617097374,230662,15661,0,0,0,0,0,0,-0.5885864,-0.2012762,0.7829775,
638524907617197382,230672,15662,0,0,0,0,0,0,-0.5897063,-0.2013002,0.7821283,
638524907617267381,230679,15663,0,0,0,0,0,0,-0.5908393,-0.2011993,0.7812987,
638524907617347389,230687,15663,0,0,0,0,0,0,-0.5908393,-0.2011993,0.7812987,
638524907617447374,230697,15664,0,0,0,0,0,0,-0.5919193,-0.2007643,0.7805929,
638524907617527392,230705,15665,0,0,0,0,0,0,-0.5931895,-0.2002908,0.7797499,
638524907617607384,230713,15666,0,0,0,0,0,0,-0.5946292,-0.2001529,0.778688,
638524907617687493,230721,15666,0,0,0,0,0,0,-0.5946292,-0.2001529,0.778688,
638524907617777537,230730,15667,0,0,0,0,0,0,-0.5958188,-0.2001406,0.7777812,
638524907617857625,230738,15668,0,0,0,0,0,0,-0.5970514,-0.2002166,0.7768159,
638524907617957606,230748,15669,0,0,0,0,0,0,-0.5983471,-0.2004513,0.7757577,
638524907618047605,230757,15670,0,0,0,0,0,0,-0.599505,-0.2005705,0.7748324,
638524907618127605,230765,15670,0,0,0,0,0,0,-0.599505,-0.2005705,0.7748324,
638524907618217611,230774,15671,0,0,0,0,0,0,-0.6007051,-0.2012284,0.7737316,
638524907618297621,230782,15672,0,0,0,0,0,0,-0.6019179,-0.2013448,0.7727582,
638524907618387607,230791,15673,0,0,0,0,0,0,-0.6031592,-0.2009833,0.7718838,
638524907618457619,230798,15673,0,0,0,0,0,0,-0.6031592,-0.2009833,0.7718838,
638524907618537619,230806,15674,0,0,0,0,0,0,-0.6048856,-0.1998304,0.7708315,
638524907618627611,230815,15675,-0.08216858,-0.03733826,0.9959106,-0.07794189,-0.02310181,0.9966888,-0.6068903,-0.1981117,0.7696986,
638524907618717722,230824,15676,-0.1022339,-0.009490967,0.9947052,-0.0769043,-0.01524353,0.9969177,-0.6092671,-0.1950479,0.7686027,
638524907618787839,230831,15676,-0.09613037,-0.004730225,0.9953461,-0.07823181,-0.020401,0.9967194,-0.6092671,-0.1950479,0.7686027,
638524907618877839,230840,15677,-0.1020813,-0.01528931,0.9946442,-0.08340454,-0.02835083,0.996109,-0.6117435,-0.1912652,0.7675856,
638524907618967832,230849,15678,-0.1016693,-0.01585388,0.9946899,-0.07521057,-0.02735901,0.9967804,-0.6140011,-0.1873472,0.7667488,
638524907619037839,230856,15678,-0.1025238,-0.02600098,0.9943848,-0.08209229,-0.03295898,0.9960785,-0.6140011,-0.1873472,0.7667488,
638524907619137837,230866,15679,-0.1045837,-0.01933289,0.9943237,-0.08140564,-0.03231812,0.9961548,-0.6162777,-0.1832769,0.7659056,
638524907619207837,230873,15680,-0.09664917,-0.0307312,0.9948425,-0.08178711,-0.03219604,0.9961243,-0.6186256,-0.1795923,0.7648849,
638524907619297833,230882,15681,-0.1013489,-0.02288818,0.9945831,-0.08581543,-0.04246521,0.9953918,-0.6209097,-0.1763097,0.7637971,
638524907619387851,230891,15682,-0.09519958,-0.03884888,0.9946899,-0.07681274,-0.03407288,0.99646,-0.6230047,-0.1734733,0.76274,
638524907619457843,230898,15682,-0.1010742,-0.06262207,0.9929047,-0.07598877,-0.06694031,0.9948425,-0.6230047,-0.1734733,0.76274,
638524907619547832,230907,15683,-0.09298706,-0.05799866,0.9939728,-0.07130432,-0.09637451,0.9927826,-0.6250888,-0.1710644,0.761578,
638524907619627838,230915,15684,0,0,0,0,0,0,-0.6272,-0.1686944,0.7603699,
638524907619697951,230922,15684,0,0,0,0,0,0,-0.6272,-0.1686944,0.7603699,
638524907619777972,230930,15685,0,0,0,0,0,0,-0.6297544,-0.1663435,0.7587749,
638524907619858050,230938,15686,0,0,0,0,0,0,-0.6322302,-0.1644072,0.7571363,
638524907619928041,230945,15686,0,0,0,0,0,0,-0.6322302,-0.1644072,0.7571363,
638524907620018040,230954,15687,0,0,0,0,0,0,-0.6347678,-0.1630697,0.7553,
638524907620108056,230963,15688,0,0,0,0,0,0,-0.6370851,-0.1617683,0.7536269,
638524907620188051,230971,15689,0,0,0,0,0,0,-0.6392241,-0.1602378,0.7521412,
638524907620288061,230981,15690,0,0,0,0,0,0,-0.6410722,-0.1588926,0.7508526,
638524907620358057,230988,15690,0,0,0,0,0,0,-0.6410722,-0.1588926,0.7508526,
638524907620438049,230996,15691,0,0,0,0,0,0,-0.642956,-0.1578368,0.7494633,
638524907620528051,231005,15692,0,0,0,0,0,0,-0.6445144,-0.1570557,0.7482879,
638524907620618059,231014,15693,0,0,0,0,0,0,-0.6459556,-0.1566019,0.7471393,
638524907620718193,231025,15693,0,0,0,0,0,0,-0.6459556,-0.1566019,0.7471393,
638524907620798284,231032,15694,0,0,0,0,0,0,-0.6472018,-0.1566508,0.7460499,
638524907620868287,231039,15695,0,0,0,0,0,0,-0.6479792,-0.1575369,0.7451879,
638524907620948288,231048,15695,0,0,0,0,0,0,-0.6479792,-0.1575369,0.7451879,
638524907621038291,231056,15696,0,0,0,0,0,0,-0.6485785,-0.158595,0.7444419,
638524907621198286,231072,15697,0,0,0,0,0,0,-0.6489143,-0.1606356,0.7437113,
638524907621258288,231078,15698,0,0,0,0,0,0,-0.6492802,-0.1628501,0.7429099,
638524907621318286,231084,15699,0,0,0,0,0,0,-0.6493793,-0.1659769,0.7421308,
638524907621388287,231091,15700,0,0,0,0,0,0,-0.6495454,-0.1689641,0.7413109,
638524907621458293,231098,15700,-0.1070251,-0.07406616,0.9914856,-0.09257507,-0.1052704,0.9901123,-0.6495454,-0.1689641,0.7413109,
638524907621548282,231108,15701,-0.1052094,-0.08486938,0.9908142,-0.09698486,-0.09448242,0.9907837,-0.648903,-0.1731552,0.7409064,
638524907621618311,231114,15702,-0.09715271,-0.08816528,0.9913483,-0.1005096,-0.08192444,0.9915466,-0.6483556,-0.1767384,0.7405394,
638524907621713174,231124,15703,-0.1076202,-0.09004211,0.990097,-0.09413147,-0.08256531,0.9921265,-0.6482731,-0.1790585,0.7400541,
638524907621794232,231132,15704,-0.1267395,-0.05368042,0.9904785,-0.09539795,-0.06033325,0.9936066,-0.6486199,-0.1802008,0.7394727,
638524907621874227,231140,15704,-0.1116486,-0.07516479,0.9908905,-0.1059875,-0.06335449,0.9923401,-0.6486199,-0.1802008,0.7394727,
638524907621964226,231149,15705,-0.1143646,-0.06288147,0.9914398,-0.1002045,-0.0640564,0.9928894,-0.6501492,-0.1803898,0.7380823,
638524907622034232,231156,15706,-0.1204224,-0.08621216,0.9889679,-0.1121368,-0.0891571,0.9896698,-0.6518318,-0.180541,0.7365598,
638524907622114223,231164,15706,0,0,0,-0.1166534,-0.1394958,0.9833221,-0.6518318,-0.180541,0.7365598,
638524907622194233,231172,15707,0,0,0,0,0,0,-0.6538358,-0.1816675,0.7345036,
638524907622274241,231180,15708,0,0,0,0,0,0,-0.6557022,-0.183058,0.7324919,
638524907622354231,231188,15709,0,0,0,0,0,0,-0.65759,-0.1843444,0.7304743,
638524907622444218,231197,15709,0,0,0,0,0,0,-0.65759,-0.1843444,0.7304743,
638524907622524247,231205,15710,0,0,0,0,0,0,-0.6592444,-0.1848083,0.728864,
638524907622604230,231213,15711,0,0,0,0,0,0,-0.6608709,-0.1855764,0.727194,
638524907622689426,231222,15712,0,0,0,0,0,0,-0.662459,-0.1865753,0.7254914,
638524907622769418,231230,15712,0,0,0,0,0,0,-0.662459,-0.1865753,0.7254914,
638524907622859418,231239,15713,0,0,0,0,0,0,-0.6640326,-0.1871093,0.7239135,
638524907622939432,231247,15714,0,0,0,0,0,0,-0.6658519,-0.1881461,0.7219712,
638524907623029427,231256,15715,0,0,0,0,0,0,-0.6673377,-0.188693,0.7204551,
638524907623109417,231264,15715,0,0,0,0,0,0,-0.6673377,-0.188693,0.7204551,
