time(100ns),time_stamp(ms),frame,gaze_direct_L.x,gaze_direct_L.y,gaze_direct_L.z,gaze_direct_R.x,gaze_direct_R.y,gaze_direct_R.z,forward.x,forward.y,forward.z,
638524907694520948,238405,16358,-0.007095337,0.1720734,0.9850464,0.001724243,0.1693115,0.9855499,-0.01141876,0.1236463,0.9922606,
638524907694610956,238414,16359,-0.007034302,0.1720428,0.9850616,-0.00579834,0.1642456,0.9863892,-0.01108878,0.1229353,0.9923527,
638524907694700970,238423,16360,-0.006988525,0.1720886,0.9850464,-0.002700806,0.1790924,0.9838257,-0.01059425,0.1224126,0.9924228,
638524907694770956,238430,16361,-0.007003784,0.1730042,0.9848938,-0.002410889,0.1720276,0.9850769,-0.009786336,0.1233058,0.9923205,
638524907694860945,238439,16361,-0.006988525,0.1721344,0.9850464,-0.00390625,0.1704407,0.9853516,-0.009786336,0.1233058,0.9923205,
638524907694940939,238447,16362,-0.00390625,0.1719971,0.9850769,-0.002258301,0.1698761,0.9854584,-0.009095131,0.1242446,0.99221,
638524907695030948,238456,16363,-0.006072998,0.1710968,0.9852295,0.0009613037,0.1702728,0.9853821,-0.008000594,0.1245771,0.9921777,
638524907695120952,238465,16364,-0.01457214,0.1814423,0.9832916,0.0001678467,0.1809082,0.98349,-0.008053402,0.1250809,0.9921139,
638524907695190961,238472,16364,-0.02073669,0.1732483,0.9846497,-0.0115509,0.1743317,0.9846039,-0.008053402,0.1250809,0.9921139,
638524907695270940,238480,16365,-0.01780701,0.1735687,0.9846497,-0.004074097,0.1810303,0.9834595,-0.008908752,0.1256458,0.9920352,
638524907695370948,238490,16366,-0.0214386,0.1838226,0.9827118,-0.006469727,0.1801147,0.9836121,-0.01024929,0.1257065,0.9920145,
638524907695440946,238497,16367,-0.02729797,0.1842957,0.9824829,-0.005950928,0.1772919,0.9841309,-0.01091095,0.1255188,0.9920312,
638524907695520941,238505,16367,-0.02326965,0.1830597,0.9828186,-0.01176453,0.1733704,0.9847717,-0.01091095,0.1255188,0.9920312,
638524907695610940,238514,16368,-0.03172302,0.1807556,0.9830017,-0.0007629395,0.1768799,0.9842224,-0.01122124,0.1252368,0.9920634,
638524907695690948,238522,16369,-0.02323914,0.1838531,0.982666,-0.007476807,0.1759338,0.9843597,-0.01108715,0.1251069,0.9920813,
638524907695770944,238530,16370,-0.02175903,0.1820374,0.9830475,-0.01565552,0.1809387,0.9833527,-0.01068457,0.1254792,0.9920387,
638524907695860958,238539,16370,-0.02122498,0.1731262,0.9846649,-0.003631592,0.1744232,0.9846497,-0.01068457,0.1254792,0.9920387,
638524907695940943,238547,16371,-0.02737427,0.1861572,0.982132,-0.005340576,0.1797028,0.9837036,-0.01059836,0.1258163,0.9919969,
638524907696030959,238556,16372,-0.02305603,0.1784668,0.9836731,-0.01168823,0.1749725,0.9844971,-0.01147158,0.1263667,0.9919173,
638524907696120944,238565,16373,-0.02326965,0.187561,0.9819641,-0.0151062,0.1662292,0.9859619,-0.01238289,0.1263153,0.9919128,
638524907696190963,238572,16373,-0.008865356,0.1823578,0.9831848,-0.003097534,0.1748505,0.9845886,-0.01238289,0.1263153,0.9919128,
638524907696270937,238580,16374,-0.0202179,0.1858521,0.9823608,0.001693726,0.1751251,0.9845276,-0.01352614,0.1256839,0.9919781,
638524907696360962,238589,16375,-0.01332092,0.168808,0.9855499,-0.003234863,0.1737671,0.9847717,-0.01324683,0.1250506,0.9920619,
638524907696440958,238597,16376,-0.02755737,0.1860199,0.9821472,-0.00050354,0.1786652,0.983902,-0.01271088,0.1249652,0.9920797,
638524907696520937,238605,16376,-0.02125549,0.1634369,0.9863129,0.001525879,0.1633148,0.986557,-0.01271088,0.1249652,0.9920797,
638524907696610938,238614,16377,-0.008102417,0.1268616,0.9918823,-0.0002746582,0.1527863,0.9882507,-0.01195405,0.125389,0.9920356,
638524907696700947,238623,16378,0,0,0,0.03027344,0.1407471,0.9895782,-0.01153743,0.1258142,0.9919868,
638524907696760952,238629,16379,0,0,0,0,0,0,-0.01134661,0.1262812,0.9919296,
638524907696850939,238638,16379,0,0,0,0,0,0,-0.01134661,0.1262812,0.9919296,
638524907696930940,238646,16380,0,0,0,0,0,0,-0.01155902,0.1263868,0.9919137,
638524907697000962,238653,16381,0,0,0,0,0,0,-0.01166791,0.1264513,0.9919042,
638524907697090940,238662,16382,0,0,0,0,0,0,-0.01150099,0.1266696,0.9918783,
638524907697180934,238671,16382,0,0,0,0,0,0,-0.01150099,0.1266696,0.9918783,
638524907697270941,238680,16383,0,0,0,0,0,0,-0.01169566,0.1267026,0.9918718,
638524907697340956,238687,16384,0,0,0,0,0,0,-0.01165217,0.1267726,0.9918634,
638524907697420942,238695,16384,0,0,0,0,0,0,-0.01165217,0.1267726,0.9918634,
638524907697500937,238703,16385,0,0,0,0,0,0,-0.0113543,0.1266194,0.9918864,
638524907697590942,238712,16386,0,0,0,0,0,0,-0.0111148,0.12619,0.9919438,
638524907697680966,238721,16387,0,0,0,0,0,0,-0.01042863,0.1258724,0.9919916,
638524907697750947,238728,16387,0,0,0,0,0,0,-0.01042863,0.1258724,0.9919916,
638524907697840936,238737,16388,0,0,0,0,0,0,-0.009818038,0.125629,0.9920287,
638524907697930941,238746,16389,0,0,0,0,0,0,-0.009132888,0.1253351,0.9920725,
638524907698010947,238754,16390,0,0,0,0,0,0,-0.00836712,0.1246143,0.99217,
638524907698100952,238763,16391,0,0,0,0,0,0,-0.007605434,0.1238691,0.9922695,
638524907698190947,238772,16391,0,0,0,0,0,0,-0.007605434,0.1238691,0.9922695,
638524907698270951,238780,16392,0,0,0,0,0,0,-0.006577433,0.1230673,0.9923765,
638524907698360942,238789,16393,0,0,0,0,0,0,-0.00534629,0.1222958,0.9924793,
638524907698440940,238797,16394,0,0,0,0,0,0,-0.003905251,0.1213081,0.9926072,
638524907698540936,238807,16394,0,0,0,0,0,0,-0.003905251,0.1213081,0.9926072,
638524907698610950,238814,16395,0,0,0,0,0,0,-0.002144091,0.1199474,0.9927779,
638524907698690966,238822,16396,0,0,0,0,0,0,-8.760297E-06,0.1184186,0.9929638,
638524907698780950,238831,16397,0.07746887,0.05732727,0.9953308,0.07641602,0.05480957,0.9955597,0.00214194,0.1168706,0.9931449,
638524907698870939,238840,16397,0.07141113,0.05838013,0.9957275,0.076828,0.06530762,0.9948883,0.00214194,0.1168706,0.9931449,
638524907698940950,238847,16398,0.07069397,0.05955505,0.9957123,0.09197998,0.07165527,0.9931641,0.004723758,0.1154439,0.9933028,
638524907699020962,238855,16399,0.06962585,0.05001831,0.9963074,0.08688354,0.0579071,0.9945221,0.007588556,0.1145128,0.9933928,
638524907699110944,238864,16400,0.06944275,0.07070923,0.9950714,0.09983826,0.05665588,0.9933777,0.01093367,0.1144253,0.9933717,
638524907699200943,238873,16400,0.07116699,0.06251526,0.9954987,0.1000214,0.05596924,0.9934082,0.01093367,0.1144253,0.9933717,
638524907699280944,238881,16401,0.07646179,0.07223511,0.9944458,0.09754944,0.05145264,0.9938965,0.01506538,0.1140562,0.99336,
638524907699370939,238890,16402,0.07496643,0.06932068,0.9947662,0.0947876,0.0473175,0.9943695,0.01955585,0.1131975,0.99338,
638524907699440951,238897,16402,0.07128906,0.06478882,0.9953461,0.09210205,0.06529236,0.9935913,0.01955585,0.1131975,0.99338,
638524907699530935,238906,16403,0.07522583,0.0660553,0.9949646,0.08865356,0.06590271,0.993866,0.02428344,0.111765,0.9934379,
638524907699610952,238914,16404,0.07958984,0.06298828,0.9948273,0.08988953,0.06254578,0.9939728,0.02990156,0.1098445,0.9934989,
638524907699700955,238923,16405,0.07429504,0.06318665,0.995224,0.09735107,0.05239868,0.993866,0.03559868,0.1077671,0.9935386,
638524907699780941,238931,16405,0.07673645,0.0589447,0.9953003,0.09661865,0.05029297,0.9940491,0.03559868,0.1077671,0.9935386,
638524907699860941,238939,16406,0.07913208,0.06063843,0.9950104,0.09965515,0.05271912,0.9936218,0.04087383,0.1061662,0.993508,
638524907699940945,238947,16407,0.08067322,0.056427,0.9951324,0.092453,0.06506348,0.993576,0.04620632,0.1042873,0.9934733,
638524907700020949,238955,16408,0.07626343,0.05252075,0.995697,0.09750366,0.06915283,0.9928131,0.0516747,0.1025045,0.9933894,
638524907700110943,238964,16408,0.06889343,0.0433197,0.9966736,0.08709717,0.05288696,0.9947815,0.0516747,0.1025045,0.9933894,
638524907700190943,238972,16409,0.07382202,0.05403137,0.9958038,0.1005096,0.04888916,0.9937286,0.0571126,0.1008198,0.9932641,
638524907700270948,238980,16410,0.06962585,0.04190063,0.9966888,0.08569336,0.04866028,0.9951172,0.06281778,0.09892787,0.9931099,
638524907700370945,238990,16411,0.06980896,0.04467773,0.9965515,0.08911133,0.05319214,0.9945984,0.0685834,0.09704231,0.9929144,
638524907700440940,238997,16411,0.06245422,0.04171753,0.9971619,0.08358765,0.05451965,0.9949951,0.0685834,0.09704231,0.9929144,
638524907700520957,239005,16412,0.0620575,0.04403687,0.9970856,0.08586121,0.03756714,0.9955902,0.0741018,0.09489246,0.9927257,
638524907700620958,239015,16413,0.06933594,0.04335022,0.9966431,0.09474182,0.03691101,0.994812,0.07970183,0.09230018,0.9925363,
638524907700700958,239023,16414,0.07301331,0.008026123,0.9972839,0.09317017,0.03746033,0.9949341,0.08498338,0.08974121,0.9923328,
638524907700770940,239030,16414,0.07165527,0.02334595,0.9971466,0.09161377,0.03683472,0.9951019,0.08498338,0.08974121,0.9923328,
638524907700860938,239039,16415,0.07002258,0.009078979,0.9974976,0.08659363,0.03689575,0.9955444,0.08969726,0.08694816,0.9921665,
638524907700940941,239047,16416,0.0697937,0.01329041,0.997467,0.08164978,0.03701782,0.9959717,0.09501046,0.08425008,0.9919047,
638524907701030948,239056,16417,0.06968689,0.00881958,0.9975281,0.08221436,0.03807068,0.9958801,0.1003163,0.08188345,0.9915804,
638524907701120940,239065,16418,0.06742859,0.01289368,0.9976349,0.08262634,0.03889465,0.9958191,0.1053905,0.07911009,0.9912792,
638524907701200950,239073,16418,0.0509491,0.0113678,0.9986267,0.07627869,0.03421021,0.9964905,0.1053905,0.07911009,0.9912792,
638524907701280951,239081,16419,0.05422974,0.01661682,0.9983826,0.07142639,0.0365448,0.9967651,0.1102008,0.07602008,0.9909979,
638524907701370956,239090,16420,0.06008911,0.02172852,0.9979553,0.06967163,0.03945923,0.9967804,0.1150727,0.0720416,0.9907413,
638524907701440944,239097,16420,0.05625916,0.02215576,0.9981689,0.07449341,0.04058838,0.9963837,0.1150727,0.0720416,0.9907413,
638524907701520942,239105,16421,0.05603027,0.02339172,0.9981537,0.06799316,0.03738403,0.9969788,0.1197565,0.06810866,0.9904643,
638524907701610941,239114,16422,0.05555725,0.02487183,0.9981384,0.07156372,0.03866577,0.9966736,0.1243488,0.06423341,0.9901573,
638524907701690953,239122,16423,0.05630493,0.01896667,0.99823,0.06976318,0.04013062,0.9967499,0.1286774,0.06010936,0.9898631,
638524907701780946,239131,16423,0.05705261,0.01319885,0.9982758,0.0696106,0.04096985,0.9967194,0.1286774,0.06010936,0.9898631,
638524907701860960,239139,16424,0.05682373,0.01473999,0.9982605,0.07296753,0.03427124,0.9967346,0.1334489,0.05625373,0.9894579,
638524907701950941,239148,16425,0.05662537,0.01512146,0.9982758,0.06130981,0.03364563,0.9975433,0.1377276,0.05248794,0.9890784,
638524907702040963,239157,16426,0.05355835,0.01554871,0.9984283,0.06088257,0.03096008,0.9976501,0.1415339,0.04889468,0.9887252,
638524907702110950,239164,16426,0.05049133,0.01593018,0.9985962,0.05880737,0.03216553,0.9977417,0.1415339,0.04889468,0.9887252,
638524907702190938,239172,16427,0.04318237,0.007293701,0.9990387,0.05900574,0.04081726,0.9974213,0.1458164,0.04486993,0.9882936,
638524907702270957,239180,16428,0.04614258,0.004882813,0.9989166,0.06018066,0.0350647,0.9975586,0.1498392,0.04076636,0.9878696,
638524907702360941,239189,16429,0.04928589,0.01148987,0.998703,0.05889893,0.03300476,0.9977112,0.1532745,0.03658093,0.9875063,
638524907702440952,239197,16429,0.04344177,0.006591797,0.9990234,0.06694031,0.02787781,0.9973602,0.1532745,0.03658093,0.9875063,
638524907702520956,239205,16430,0.04521179,0.01339722,0.9988861,0.06018066,0.0413208,0.9973297,0.156741,0.03206347,0.9871191,
638524907702610942,239214,16431,0.03289795,0.03543091,0.9988251,0.05841064,0.04216003,0.9973907,0.1600208,0.02739839,0.9867333,
638524907702690948,239222,16432,0.04057312,0.02487183,0.9988556,0.05838013,0.0393219,0.9975128,0.1630504,0.0232258,0.9863443,
638524907702770942,239230,16432,0.03656006,0.02453613,0.9990234,0.05480957,0.04455566,0.9974976,0.1630504,0.0232258,0.9863443,
638524907702860941,239239,16433,0.03253174,0.02554321,0.9991302,0.04814148,0.04203796,0.9979401,0.1656363,0.01896932,0.9860045,
638524907702950953,239248,16434,0.03271484,0.02505493,0.9991455,0.06161499,0.03190613,0.9975891,0.1676663,0.01396209,0.985745,
638524907703020964,239255,16435,0.03604126,0.02424622,0.999054,0.0559845,0.05084229,0.9971313,0.1702841,0.008469552,0.9853586,
638524907703100944,239263,16435,0.02702332,0.02597046,0.9992828,0.05241394,0.04399109,0.9976501,0.1702841,0.008469552,0.9853586,
638524907703190939,239272,16436,0.03373718,0.02482605,0.999115,0.05195618,0.0377655,0.9979248,0.1726055,0.002759082,0.9849871,
638524907703280948,239281,16437,0.03866577,0.02703857,0.9988708,0.05284119,0.03929138,0.997818,0.175,-0.002944826,0.984564,
638524907703360945,239289,16438,0.03709412,0.02760315,0.9989166,0.05825806,0.04733276,0.9971771,0.1777089,-0.007980895,0.9840508,
638524907703440938,239297,16438,0.03575134,0.02879333,0.9989319,0.05685425,0.0484314,0.9971924,0.1777089,-0.007980895,0.9840508,
638524907703520938,239305,16439,0.03756714,0.02972412,0.9988403,0.05584717,0.05291748,0.9970245,0.1799779,-0.01315022,0.9835827,
638524907703610942,239314,16440,0.03671265,0.02761841,0.9989319,0.05224609,0.04954529,0.9973907,0.1821537,-0.01801702,0.983105,
638524907703700960,239323,16441,0.03720093,0.02609253,0.9989624,0.05548096,0.05606079,0.9968719,0.1843142,-0.02302058,0.9825978,
638524907703770946,239330,16441,0.03717041,0.02761841,0.9989166,0.05374146,0.05581665,0.9969788,0.1843142,-0.02302058,0.9825978,
638524907703860940,239339,16442,0.0369873,0.02905273,0.9988861,0.05517578,0.05497742,0.9969482,0.1867132,-0.02842841,0.982003,
638524907703940943,239347,16443,0.03678894,0.02851868,0.9989014,0.05601501,0.05752563,0.9967651,0.1896605,-0.03371389,0.9812707,
638524907704020952,239355,16444,0.03663635,0.02912903,0.9989014,0.05610657,0.0567627,0.9967957,0.1922908,-0.03905256,0.9805606,
638524907704110942,239364,16444,0.03639221,0.02914429,0.9989014,0.05479431,0.05752563,0.9968262,0.1922908,-0.03905256,0.9805606,
638524907704190944,239372,16445,0.03669739,0.02903748,0.9989014,0.05265808,0.06054688,0.9967651,0.1957181,-0.04420699,0.9796633,
638524907704270940,239380,16446,0.0369873,0.02897644,0.9988861,0.06007385,0.05973816,0.9963989,0.1987312,-0.04923163,0.9788167,
638524907704360957,239389,16447,0.03723145,0.03102112,0.9988098,0.05142212,0.05758667,0.9970093,0.2015306,-0.0538434,0.9780012,
638524907704440937,239397,16447,0.03738403,0.03033447,0.9988251,0.06109619,0.05131531,0.9967957,0.2015306,-0.0538434,0.9780012,
638524907704520944,239405,16448,0.03747559,0.03102112,0.9988098,0.0642395,0.0480957,0.9967651,0.2045767,-0.05838615,0.9771077,
638524907704600941,239413,16449,0.03764343,0.0340271,0.998703,0.06291199,0.0513916,0.9966888,0.2076268,-0.06300488,0.976177,
638524907704690961,239422,16450,0.03684998,0.03240967,0.9987946,0.06149292,0.04823303,0.996933,0.2107847,-0.06725816,0.975216,
638524907704770941,239430,16450,0.03594971,0.03182983,0.9988403,0.06141663,0.05012512,0.9968414,0.2107847,-0.06725816,0.975216,
638524907704870936,239440,16451,0.03691101,0.03303528,0.998764,0.06111145,0.05282593,0.9967194,0.2140375,-0.07152875,0.9742031,
638524907704940941,239447,16452,0.04045105,0.03770447,0.9984589,0.06034851,0.05230713,0.9967957,0.2173356,-0.07558842,0.9731658,
638524907705020944,239455,16453,0.04077148,0.03297424,0.9986115,0.05947876,0.0528717,0.9968262,0.2205369,-0.07982334,0.9721068,
638524907705110938,239464,16453,0.04255676,0.0382843,0.9983521,0.04995728,0.0589447,0.9970093,0.2205369,-0.07982334,0.9721068,
638524907705190962,239472,16454,0.04032898,0.03323364,0.9986267,0.05291748,0.05621338,0.9970093,0.2238922,-0.08362025,0.97102,
638524907705270953,239480,16455,0.03869629,0.03831482,0.9985046,0.04611206,0.05177307,0.9975891,0.2270366,-0.0877386,0.9699259,
638524907705360946,239489,16456,0.03717041,0.04159546,0.9984283,0.04737854,0.05264282,0.9974823,0.2302548,-0.09177575,0.968793,
638524907705440951,239497,16456,0.03636169,0.040802,0.9985046,0.04837036,0.05297852,0.9974213,0.2302548,-0.09177575,0.968793,
638524907705520944,239505,16457,0.03553772,0.0435791,0.9984131,0.0488739,0.05174255,0.9974518,0.2335377,-0.09614662,0.9675825,
638524907705610942,239514,16458,0.03695679,0.04402161,0.9983368,0.04954529,0.05247498,0.9973907,0.2365928,-0.1005785,0.9663891,
638524907705700964,239523,16459,0.03807068,0.04589844,0.9982147,0.05020142,0.05427551,0.9972534,0.239699,-0.1053223,0.9651174,
638524907705770940,239530,16459,0.03709412,0.04598999,0.9982452,0.0506134,0.0556488,0.9971619,0.239699,-0.1053223,0.9651174,
638524907705870935,239540,16460,0.03546143,0.04283142,0.9984436,0.04698181,0.05078125,0.9975891,0.2429306,-0.110098,0.9637755,
638524907705950949,239548,16461,0.03514099,0.05517578,0.9978485,0.04515076,0.04937744,0.997757,0.2458529,-0.114276,0.9625473,
638524907706020951,239555,16462,0.0332489,0.04760742,0.9983063,0.04420471,0.04556274,0.9979706,0.2491023,-0.118081,0.9612517,
638524907706110943,239564,16462,0.0349884,0.06451416,0.9972992,0.04397583,0.05049133,0.9977417,0.2491023,-0.118081,0.9612517,
638524907706190950,239572,16463,0.01922607,0.06274414,0.9978333,0.04963684,0.06155396,0.9968567,0.251928,-0.1209126,0.9601627,
638524907706270965,239580,16464,0.01350403,0.0718689,0.9973145,0.04582214,0.05685425,0.9973145,0.2554355,-0.1242404,0.9588102,
638524907706360959,239589,16465,0.01525879,0.06503296,0.997757,0.04450989,0.05511475,0.9974823,0.2590255,-0.1292254,0.9571868,
638524907706440942,239597,16465,0.02357483,0.06987,0.9972687,0.05049133,0.05734253,0.9970703,0.2590255,-0.1292254,0.9571868,
638524907706520942,239605,16466,0.02282715,0.0667572,0.9974976,0.04519653,0.05938721,0.9972076,0.2628047,-0.1343114,0.9554549,
638524907706600951,239613,16467,0.02345276,0.08320618,0.9962463,0.0460968,0.05479431,0.9974213,0.2658698,-0.1396559,0.9538394,
638524907706690959,239622,16468,0.01945496,0.06112671,0.9979248,0.04530334,0.05519104,0.9974365,0.2690283,-0.145004,0.9521542,
638524907706770940,239630,16468,0.03926086,0.03474426,0.9986115,0.05429077,0.04641724,0.9974365,0.2690283,-0.145004,0.9521542,
638524907706850947,239638,16469,0.07818604,0.01454163,0.9968262,0.08248901,0.03387451,0.9960022,0.2713901,-0.1500456,0.9507017,
638524907706940966,239647,16470,0.07644653,-0.01390076,0.9969635,0.09141541,0.02481079,0.9954987,0.2734912,-0.1553979,0.9492387,
638524907707020952,239655,16471,0.09317017,-0.02398682,0.9953461,0.0864563,0.001373291,0.9962463,0.2757157,-0.1608851,0.9476797,
638524907707100948,239663,16471,0.08702087,-0.01263428,0.9961243,0.08229065,-0.01853943,0.9964294,0.2757157,-0.1608851,0.9476797,
638524907707190943,239672,16472,0.0866394,-0.01615906,0.9960938,0.08044434,-0.01208496,0.9966736,0.2779818,-0.166334,0.9460756,
638524907707270956,239680,16473,0.08467102,-0.03382874,0.9958191,0.08258057,-0.01174927,0.9965057,0.2806081,-0.1716051,0.9443573,
638524907707350953,239688,16474,0.08576965,-0.02009583,0.996109,0.08357239,-0.01043701,0.9964447,0.2831392,-0.1767038,0.94266,
638524907707440946,239697,16474,0.08052063,-0.01699829,0.9965973,0.08293152,-0.01000977,0.9964905,0.2831392,-0.1767038,0.94266,
638524907707520940,239705,16475,0.0871582,-0.02096558,0.9959717,0.0836792,-0.009338379,0.9964447,0.2858755,-0.1820768,0.9408099,
638524907707600947,239713,16476,0.08058167,-0.01402283,0.9966431,0.08390808,-0.008758545,0.9964294,0.2884435,-0.1877638,0.9389064,
638524907707690963,239722,16477,0.07626343,-0.01078796,0.9970245,0.0831604,-0.003753662,0.996521,0.2910803,-0.1935377,0.936918,
638524907707770943,239730,16477,0.07640076,-0.00743103,0.9970398,0.08241272,0.001327515,0.996582,0.2910803,-0.1935377,0.936918,
638524907707860947,239739,16478,0.07666016,-0.007705688,0.9970245,0.07853699,0.003158569,0.9969025,0.293579,-0.1991346,0.9349635,
638524907707940946,239747,16479,0.07640076,-0.007980347,0.9970398,0.074646,0.005004883,0.9971924,0.2959678,-0.2041139,0.9331348,
638524907708030946,239756,16480,0.07595825,-0.00402832,0.9971008,0.07785034,0.006591797,0.996933,0.2987771,-0.2086829,0.931227,
638524907708110932,239764,16480,0.0735321,0.007949829,0.9972534,0.08108521,0.008209229,0.9966583,0.2987771,-0.2086829,0.931227,
638524907708190940,239772,16481,0.07217407,0.001800537,0.9973755,0.08088684,0.01010132,0.9966583,0.3014396,-0.2130735,0.9293728,
638524907708270941,239780,16482,0.07069397,0.003051758,0.9974823,0.08256531,0.01200867,0.9965057,0.3043753,-0.2178414,0.9273083,
638524907708360963,239789,16483,0.07241821,0.002319336,0.9973602,0.08189392,0.01583862,0.9965057,0.3070219,-0.2224121,0.9253488,
638524907708440944,239797,16483,0.07106018,0.004333496,0.9974518,0.08125305,0.01956177,0.9964905,0.3070219,-0.2224121,0.9253488,
638524907708520954,239805,16484,0.06971741,0.00579834,0.9975433,0.08032227,0.02679443,0.9963989,0.309557,-0.2269024,0.923412,
638524907708610941,239814,16485,0.07084656,0.007369995,0.9974518,0.08078003,0.03677368,0.996048,0.3124654,-0.231362,0.9213235,
638524907708690943,239822,16486,0.06932068,0.008972168,0.9975433,0.08372498,0.03999329,0.9956818,0.3150691,-0.2356723,0.9193422,
638524907708770941,239830,16486,0.06915283,0.01170349,0.9975281,0.08421326,0.04249573,0.9955292,0.3150691,-0.2356723,0.9193422,
638524907708870936,239840,16487,0.06929016,0.01373291,0.9974976,0.08328247,0.04246521,0.9956055,0.3173296,-0.2397944,0.9174969,
638524907708940951,239847,16488,0.06954956,0.01560974,0.9974518,0.07154846,0.04438782,0.9964447,0.3195783,-0.2437945,0.9156604,
638524907709020950,239855,16489,0.0697937,0.01748657,0.997406,0.07022095,0.04295349,0.9965973,0.3216545,-0.2478302,0.9138482,
638524907709100938,239863,16489,0.06983948,0.01629639,0.9974213,0.07008362,0.04997253,0.9962769,0.3216545,-0.2478302,0.9138482,
638524907709190951,239872,16490,0.06990051,0.01504517,0.9974365,0.07200623,0.05505371,0.9958801,0.3235267,-0.251282,0.9122433,
638524907709280948,239881,16491,0.06958008,0.01489258,0.9974518,0.0710907,0.05786133,0.9957886,0.3254863,-0.2547491,0.9105831,
638524907709360959,239889,16492,0.06660461,0.01679993,0.9976349,0.0763092,0.04104614,0.9962311,0.327165,-0.257722,0.9091438,
638524907709440943,239897,16492,0.05943298,0.02059937,0.9980164,0.06436157,0.04820251,0.9967499,0.327165,-0.257722,0.9091438,
638524907709520943,239905,16493,0.07174683,0.02133179,0.9971924,0.07600403,0.04266357,0.9961853,0.3294162,-0.2605704,0.9075175,
638524907709610940,239914,16494,0.06858826,0.02113342,0.997406,0.08030701,0.04316711,0.9958191,0.3319224,-0.2632121,0.9058405,
638524907709700958,239923,16495,0.06417847,0.01939392,0.9977417,0.08222961,0.03552246,0.9959717,0.3342048,-0.2659021,0.9042141,
638524907709770955,239930,16495,0.07341003,0.0188446,0.9971161,0.07846069,0.03337097,0.9963531,0.3342048,-0.2659021,0.9042141,
638524907709850958,239938,16496,0.08056641,0.007827759,0.9967041,0.07957458,0.03451538,0.9962158,0.3368439,-0.2685548,0.9024492,
638524907709940947,239947,16497,0.0763855,0.005554199,0.9970551,0.07113647,0.03625488,0.9967957,0.3396342,-0.2710944,0.9006422,
638524907710020949,239955,16498,0.08206177,0.01046753,0.9965668,0.07400513,0.03646851,0.996582,0.3423486,-0.2734375,0.8989046,
638524907710100942,239963,16498,0.07652283,0.007293701,0.9970398,0.06950378,0.02484131,0.9972687,0.3423486,-0.2734375,0.8989046,
638524907710200944,239973,16499,0.07514954,0.01159668,0.9971008,0.07049561,0.0262146,0.9971619,0.3452262,-0.2755459,0.8971584,
638524907710270936,239980,16500,0.08590698,0.003662109,0.9962921,0.07644653,0.03140259,0.9965668,0.3481663,-0.2776519,0.8953713,
638524907710350958,239988,16501,0.07803345,0.004119873,0.996933,0.0783844,0.03033447,0.99646,0.3513542,-0.2792902,0.8936146,
638524907710440942,239997,16501,0.07804871,-0.008636475,0.9969025,0.07443237,0.02685547,0.9968567,0.3513542,-0.2792902,0.8936146,
638524907710520938,240005,16502,0.07778931,-0.0009002686,0.9969635,0.07342529,0.03448486,0.9966888,0.3538066,-0.2809111,0.8921378,
638524907710600951,240013,16503,0.07408142,-0.002075195,0.9972382,0.07775879,0.03353882,0.9963989,0.3570201,-0.2822348,0.8904383,
638524907710700942,240023,16504,0.06338501,0.002838135,0.9979706,0.06999207,0.03060913,0.9970703,0.3600537,-0.2836671,0.88876,
638524907710770969,240030,16504,0.05651855,0.001953125,0.9983978,0.07003784,0.03062439,0.9970703,0.3600537,-0.2836671,0.88876,
638524907710860936,240039,16505,0.05973816,0.001358032,0.9981995,0.06718445,0.02626038,0.9973907,0.3627134,-0.2849165,0.8872776,
638524907710940951,240047,16506,0.0562439,0.004882813,0.9983978,0.06689453,0.03556824,0.9971161,0.3657146,-0.2870549,0.8853544,
638524907711030949,240056,16507,0.06103516,0.003601074,0.9981232,0.0717926,0.03981018,0.9966125,0.3690616,-0.2891381,0.8832852,
638524907711100943,240063,16507,0.05465698,0.01167297,0.9984283,0.05709839,0.04043579,0.9975433,0.3690616,-0.2891381,0.8832852,
638524907711190960,240072,16508,0.05241394,0.006011963,0.9985962,0.07189941,0.026474,0.9970551,0.372699,-0.2911047,0.8811093,
638524907711280943,240081,16509,0.05264282,-0.001190186,0.9986115,0.07174683,0.02653503,0.9970551,0.3762702,-0.2931151,0.8789222,
638524907711360959,240089,16510,0.05485535,0.006713867,0.9984589,0.06542969,0.02810669,0.9974518,0.37967,-0.2947905,0.8768975,
638524907711440954,240097,16510,0.0511322,0.009521484,0.998642,0.06005859,0.02531433,0.9978638,0.37967,-0.2947905,0.8768975,
638524907711520949,240105,16511,0.04695129,0.01095581,0.9988251,0.05148315,0.02880859,0.9982452,0.3830143,-0.2965339,0.874853,
638524907711600938,240113,16512,0.05705261,0.01486206,0.9982452,0.05516052,0.02047729,0.9982605,0.3861841,-0.2982588,0.8728709,
638524907711690966,240122,16513,0.04138184,0.01802063,0.9989777,0.04779053,0.02430725,0.9985504,0.3895519,-0.299748,0.8708619,
638524907711770943,240130,16513,0.0296936,0.01831055,0.9993896,0.05221558,0.03874207,0.997879,0.3895519,-0.299748,0.8708619,
638524907711850943,240138,16514,0.04418945,0.007827759,0.9989777,0.05194092,0.02497864,0.9983368,0.3931861,-0.3012608,0.868704,
638524907711940939,240147,16515,0.03500366,0.01316833,0.9992981,0.0473175,0.02145386,0.998642,0.3969513,-0.3031058,0.8663467,
638524907712020942,240155,16516,0.03076172,0.005859375,0.9994965,0.04704285,0.008300781,0.9988556,0.400786,-0.3047993,0.8639838,
638524907712100939,240163,16516,0.04937744,-0.02163696,0.9985352,0.06051636,0.01046753,0.9981079,0.400786,-0.3047993,0.8639838,
638524907712190942,240172,16517,0.06710815,-0.03889465,0.9969788,0.07373047,-0.00604248,0.9972534,0.4045914,-0.3069442,0.861447,
638524907712270939,240180,16518,0.0496521,-0.03829956,0.9980316,0.06286621,0.002212524,0.9980164,0.4083243,-0.3091167,0.8589052,
638524907712350947,240188,16519,0.05905151,-0.0304718,0.9977875,0.07189941,-0.009506226,0.9973602,0.4119053,-0.3112333,0.8564274,
638524907712440947,240197,16519,0.05551147,-0.04325867,0.9975128,0.07128906,-0.0259552,0.9971161,0.4119053,-0.3112333,0.8564274,
638524907712520958,240205,16520,0.05429077,-0.0460968,0.9974518,0.07130432,-0.02960205,0.9970093,0.4155074,-0.3134269,0.8538836,
638524907712610938,240214,16521,0.04450989,-0.03955078,0.9982147,0.06274414,-0.02644348,0.9976654,0.4191171,-0.315992,0.8511697,
638524907712690954,240222,16522,0.04763794,-0.04942322,0.9976349,0.06243896,-0.03085327,0.9975586,0.4226024,-0.318502,0.8485067,
638524907712770942,240230,16522,0.0410614,-0.05136108,0.9978333,0.06344604,-0.04246521,0.9970703,0.4226024,-0.318502,0.8485067,
638524907712850942,240238,16523,0.04916382,-0.04208374,0.9978943,0.07376099,-0.04078674,0.9964294,0.4258626,-0.3208728,0.8459798,
638524907712950946,240248,16524,0.05136108,-0.0464325,0.9975891,0.06166077,-0.03683472,0.997406,0.428938,-0.3236609,0.8433598,
638524907713020945,240255,16525,0.04469299,-0.05569458,0.9974365,0.05943298,-0.03239441,0.9976959,0.4321374,-0.3263493,0.8406863,
638524907713110938,240264,16525,0.0378418,-0.04504395,0.9982605,0.06083679,-0.03575134,0.9974976,0.4321374,-0.3263493,0.8406863,
638524907713190949,240272,16526,0.03517151,-0.0486145,0.9981842,0.05841064,-0.0302887,0.997818,0.4349516,-0.3286143,0.8383495,
638524907713270952,240280,16527,0.04107666,-0.04853821,0.9979706,0.06269836,-0.03477478,0.9974213,0.4378164,-0.3310045,0.8359144,
638524907713350956,240288,16528,0.04325867,-0.05032349,0.9977875,0.06059265,-0.03715515,0.997467,0.4405819,-0.3334858,0.8334715,
638524907713440936,240297,16528,0.0402832,-0.05110168,0.997879,0.06202698,-0.03291321,0.9975281,0.4405819,-0.3334858,0.8334715,
638524907713520947,240305,16529,0.04180908,-0.05307007,0.9977112,0.05406189,-0.03681946,0.9978485,0.4438716,-0.3360125,0.8307067,
638524907713610936,240314,16530,0.04104614,-0.05284119,0.997757,0.05276489,-0.03843689,0.9978638,0.4470291,-0.339142,0.8277365,
638524907713700970,240323,16531,0.03936768,-0.05316162,0.9978027,0.04501343,-0.02397156,0.9986877,0.4502738,-0.3425651,0.8245621,
638524907713770943,240330,16531,0.03767395,-0.05253601,0.9978943,0.04512024,-0.04551697,0.9979401,0.4502738,-0.3425651,0.8245621,
638524907713850949,240338,16532,0.0369873,-0.05389404,0.9978485,0.04652405,-0.04595947,0.9978485,0.4537742,-0.3462069,0.821115,
638524907713940936,240347,16533,0.03266907,-0.04818726,0.998291,0.03794861,-0.03356934,0.998703,0.457229,-0.3498511,0.8176465,
638524907714030971,240356,16534,0.03300476,-0.0609436,0.9975891,0.04374695,-0.04660034,0.9979401,0.4608349,-0.3533178,0.8141239,
638524907714100948,240363,16534,0.02481079,-0.05795288,0.9980011,0.04063416,-0.03866577,0.9984131,0.4608349,-0.3533178,0.8141239,
638524907714190939,240372,16535,0.04072571,-0.0511322,0.9978485,0.03712463,-0.0308075,0.9988251,0.4645812,-0.3568058,0.8104653,
638524907714280942,240381,16536,0.01768494,-0.05940247,0.9980621,0.04090881,-0.04193115,0.9982758,0.4681471,-0.3601435,0.8069293,
638524907714350968,240388,16537,0.02528381,-0.07893372,0.9965515,0.04069519,-0.05357361,0.9977264,0.471603,-0.3635375,0.8033872,
638524907714440943,240397,16537,0.01359558,-0.07901001,0.9967651,0.02268982,-0.06776428,0.9974365,0.471603,-0.3635375,0.8033872,
638524907714510936,240404,16538,0,0,0,0,0,0,0.4751988,-0.3668908,0.7997357,
638524907714600946,240413,16539,0,0,0,0,0,0,0.4787006,-0.3702935,0.7960707,
638524907714670950,240420,16540,0,0,0,0,0,0,0.4821926,-0.3735412,0.7924376,
638524907714750945,240428,16540,0,0,0,0,0,0,0.4821926,-0.3735412,0.7924376,
638524907714830938,240436,16541,0,0,0,0,0,0,0.4854969,-0.3765477,0.7889896,
638524907714910959,240444,16542,0,0,0,0,0,0,0.4888259,-0.379479,0.7855221,
638524907715000943,240453,16543,0,0,0,0,0,0,0.4920187,-0.3821631,0.7822205,
638524907715090938,240462,16543,0,0,0,0,0,0,0.4920187,-0.3821631,0.7822205,
638524907715160955,240469,16544,0,0,0,0,0,0,0.4952916,-0.3844056,0.7790498,
638524907715260947,240479,16545,0,0,0,0,0,0,0.4983076,-0.3867341,0.775968,
638524907715340953,240487,16546,0,0,0,0,0,0,0.5012438,-0.3885604,0.7731594,
638524907715410962,240494,16546,0,0,0,0,0,0,0.5012438,-0.3885604,0.7731594,
638524907715500940,240503,16547,0,0,0,0,0,0,0.5041978,-0.3904119,0.7703006,
638524907715600940,240513,16548,0,0,0,0,0,0,0.50661,-0.3917024,0.7680597,
638524907715670946,240520,16549,0,0,0,0,0,0,0.5091256,-0.3930422,0.7657081,
638524907715760936,240529,16549,0,0,0,0,0,0,0.5091256,-0.3930422,0.7657081,
638524907715840947,240537,16550,0,0,0,0,0,0,0.5115311,-0.3939578,0.7636316,
638524907715940961,240547,16551,0,0,0,0,0,0,0.513641,-0.3952186,0.7615611,
638524907716020953,240555,16552,0,0,0,0,0,0,0.5154676,-0.3963074,0.7597589,
638524907716100948,240563,16552,0,0,0,0,0,0,0.5154676,-0.3963074,0.7597589,
638524907716200936,240573,16553,0,0,0,0,0,0,0.5170782,-0.3971762,0.7582093,
638524907716270945,240580,16554,0,0,0,0,0,0,0.5186266,-0.3980141,0.7567108,
638524907716360961,240589,16555,0,0,0,0,0,0,0.51999,-0.3987142,0.7554055,
638524907716440952,240597,16555,0,0,0,0,0,0,0.51999,-0.3987142,0.7554055,
638524907716520937,240605,16556,0,0,0,0,0,0,0.5209661,-0.3993711,0.7543853,
638524907716610950,240614,16557,-0.0597229,0.01499939,0.9980927,-0.03773499,0.01681519,0.9991455,0.5217239,-0.3999332,0.7535633,
638524907716690964,240622,16558,-0.05752563,0.009338379,0.998291,-0.03237915,0.01983643,0.9992676,0.5223001,-0.400548,0.7528372,
638524907716770939,240630,16558,-0.06268311,0.0116272,0.9979553,-0.03421021,0.00743103,0.9993744,0.5223001,-0.400548,0.7528372,
638524907716860946,240639,16559,-0.05091858,0.01371765,0.9985962,-0.0302887,0.02503967,0.9992218,0.5225198,-0.4010878,0.7523972,
638524907716940936,240647,16560,-0.06039429,0.01678467,0.9980316,-0.03477478,-0.0002746582,0.9993896,0.5228823,-0.40141,0.7519735,
638524907717030949,240656,16561,-0.05430603,0.008010864,0.9984894,-0.0344696,0.009811401,0.9993439,0.5230823,-0.4014974,0.7517877,
638524907717100940,240663,16561,-0.05342102,0.0189209,0.9983826,-0.03921509,0.01264954,0.9991455,0.5230823,-0.4014974,0.7517877,
638524907717190958,240672,16562,-0.05732727,0.004180908,0.9983368,-0.03074646,0.01205444,0.9994507,0.5236696,-0.4013444,0.7514604,
638524907717270938,240680,16563,-0.06011963,0.004165649,0.9981689,-0.03562927,0.01091003,0.9992981,0.5240405,-0.4014893,0.7511244,
638524907717350969,240688,16564,-0.0526123,0.006896973,0.9985809,-0.02786255,0.01220703,0.999527,0.5245496,-0.4015451,0.7507391,
638524907717440946,240697,16564,-0.05334473,0.004241943,0.9985657,-0.02876282,0.01803589,0.9994202,0.5245496,-0.4015451,0.7507391,
638524907717520948,240705,16565,-0.05220032,0.005157471,0.9986115,-0.03230286,0.009628296,0.9994202,0.5255477,-0.4015908,0.7500163,
638524907717600946,240713,16566,-0.0508728,0.01202393,0.9986267,-0.03263855,0.004959106,0.9994507,0.5264308,-0.4013332,0.7495347,
638524907717700973,240723,16567,-0.04789734,0.01586914,0.9987183,-0.03259277,-0.00100708,0.9994659,0.5275134,-0.4014155,0.7487291,
638524907717770950,240730,16567,-0.05128479,0.004180908,0.9986725,-0.020401,-0.003265381,0.9997711,0.5275134,-0.4014155,0.7487291,
638524907717850944,240738,16568,-0.03851318,0.01435852,0.9991455,-0.0241394,0.004760742,0.9996948,0.528555,-0.4016508,0.7478678,
638524907717940944,240747,16569,-0.05274963,0.005752563,0.9985809,-0.01828003,0.005249023,0.9998169,0.5296065,-0.4021085,0.7468773,
638524907718020955,240755,16570,-0.05014038,0.007766724,0.998703,-0.01904297,0.004241943,0.9998016,0.5308805,-0.4027376,0.7456328,
638524907718100941,240763,16570,-0.0400238,0.007263184,0.9991608,-0.01521301,0.001159668,0.9998779,0.5308805,-0.4027376,0.7456328,
638524907718190959,240772,16571,-0.04037476,0.002990723,0.999176,-0.0146637,0.003814697,0.9998779,0.5321991,-0.4033799,0.7443446,
638524907718280961,240781,16572,-0.05200195,0.002792358,0.998642,-0.01525879,0.001953125,0.9998779,0.5337898,-0.4039467,0.7428967,
638524907718360947,240789,16573,-0.04725647,0.004928589,0.9988556,-0.01849365,0.001968384,0.9998169,0.5353088,-0.4046726,0.7414072,
638524907718440940,240797,16573,-0.04902649,-0.008636475,0.9987488,-0.01617432,0.001968384,0.9998627,0.5353088,-0.4046726,0.7414072,
638524907718520941,240805,16574,-0.03779602,-0.002365112,0.9992676,-0.0186615,0.00189209,0.9998169,0.5372097,-0.4055327,0.73956,
638524907718610935,240814,16575,-0.03610229,-0.002929688,0.9993286,-0.01934814,0.003128052,0.9998016,0.5391908,-0.4064541,0.7376099,
638524907718720962,240825,16576,-0.03460693,-0.002120972,0.9993896,-0.02095032,0.004638672,0.9997559,0.5409463,-0.4076254,0.7356756,
638524907718780948,240831,16576,-0.03640747,-0.002639771,0.9993286,-0.02206421,0.006149292,0.9997253,0.5409463,-0.4076254,0.7356756,
638524907718860950,240839,16577,-0.03820801,-0.003173828,0.9992523,-0.02185059,0.007553101,0.9997253,0.542666,-0.4088679,0.7337171,
638524907718940953,240847,16578,-0.03938293,-0.01634216,0.9990845,-0.02201843,0.006713867,0.9997253,0.544479,-0.4099467,0.7317694,
638524907719100940,240863,16578,-0.05125427,-0.02563477,0.9983521,-0.02256775,0.00642395,0.9997101,0.544479,-0.4099467,0.7317694,
638524907719160939,240869,16579,-0.04866028,-0.02203369,0.9985657,-0.02235413,0.007034302,0.9997101,0.5465284,-0.411031,0.7296302,
638524907719220959,240875,16580,-0.04945374,-0.02774048,0.9983826,-0.022995,0.006134033,0.9997101,0.5487211,-0.4120951,0.7273808,
638524907719280944,240881,16581,-0.05033875,-0.02804565,0.9983368,-0.01753235,-0.01296997,0.9997559,0.5514446,-0.4126901,0.7249799,
638524907719350953,240888,16582,-0.04663086,-0.02728271,0.9985352,-0.02441406,0.001647949,0.9996948,0.5540894,-0.4134688,0.7225154,
638524907719450951,240898,16583,-0.05018616,-0.03587341,0.9980927,-0.03009033,0.005432129,0.999527,0.5567861,-0.4142254,0.7200046,
638524907719520949,240905,16584,-0.05093384,-0.03599548,0.9980469,-0.02508545,-0.004852295,0.9996643,0.5594786,-0.4154244,0.7172213,
638524907719600942,240913,16584,-0.05693054,-0.0352478,0.9977417,-0.03149414,-0.003738403,0.9994965,0.5594786,-0.4154244,0.7172213,
638524907719700944,240923,16585,-0.05152893,-0.03277588,0.9981232,-0.0317688,-0.001693726,0.9994812,0.5618848,-0.4164546,0.7147384,
638524907719770947,240930,16586,-0.05325317,-0.03393555,0.9980011,-0.03091431,-0.01823425,0.9993439,0.5643584,-0.4173301,0.7122747,
638524907719850939,240938,16587,-0.05290222,-0.03239441,0.9980621,-0.02954102,-0.02891541,0.9991302,0.5666134,-0.4184052,0.7098495,
638524907719940940,240947,16587,-0.05270386,-0.04216003,0.9977112,-0.02630615,-0.02207947,0.9994049,0.5666134,-0.4184052,0.7098495,
638524907720020948,240955,16588,-0.05078125,-0.03981018,0.9979095,-0.02603149,-0.01942444,0.9994659,0.5686982,-0.4198994,0.7072955,
638524907720100949,240963,16589,-0.05522156,-0.03713989,0.9977722,-0.03208923,-0.03848267,0.9987335,0.570506,-0.4218693,0.7046625,
638524907720190936,240972,16590,-0.05502319,-0.03337097,0.9979248,-0.03289795,-0.03607178,0.9987946,0.572569,-0.4237594,0.7018496,
638524907720270938,240980,16590,-0.0506134,-0.03742981,0.9980011,-0.04342651,-0.02259827,0.9987946,0.572569,-0.4237594,0.7018496,
638524907720350941,240988,16591,-0.0557251,-0.03009033,0.9979858,-0.03425598,-0.02314758,0.9991302,0.5743684,-0.4259075,0.6990735,
638524907720440952,240997,16592,-0.06036377,-0.03286743,0.9976196,-0.03799438,-0.02890015,0.9988556,0.5765807,-0.4278494,0.6960601,
638524907720520941,241005,16593,-0.05770874,-0.03149414,0.9978333,-0.04525757,-0.01911926,0.9987793,0.5783863,-0.4301342,0.6931478,
638524907720600960,241013,16593,-0.06077576,-0.03216553,0.9976196,-0.04656982,-0.02406311,0.9986115,0.5783863,-0.4301342,0.6931478,
638524907720700954,241023,16594,-0.0572052,-0.03303528,0.9978027,-0.04428101,-0.01113892,0.9989471,0.5802734,-0.4324804,0.690104,
638524907720770961,241030,16595,-0.06332397,-0.02670288,0.9976349,-0.04341125,-0.0078125,0.9990234,0.5819421,-0.4353862,0.6868641,
638524907720850940,241038,16596,-0.06329346,-0.02522278,0.9976654,-0.03782654,-0.01248169,0.9991913,0.5834837,-0.4379671,0.6839091,
638524907720930942,241046,16596,-0.06434631,-0.01809692,0.997757,-0.04856873,-0.001495361,0.9988098,0.5834837,-0.4379671,0.6839091,
638524907721020967,241055,16597,-0.06507874,-0.01448059,0.9977722,-0.04264832,0.0003814697,0.9990845,0.5848321,-0.439835,0.6815546,
638524907721100966,241063,16598,-0.06736755,-0.02296448,0.9974518,-0.04197693,-0.02204895,0.9988708,0.5862458,-0.4411677,0.6794755,
638524907721190941,241072,16599,-0.07269287,-0.01751709,0.9971924,-0.04364014,-0.02090454,0.9988251,0.5877161,-0.4422837,0.6774769,
638524907721270936,241080,16599,-0.07192993,-0.01928711,0.9972076,-0.04704285,-0.02375793,0.9985962,0.5877161,-0.4422837,0.6774769,
638524907721350962,241088,16600,-0.07676697,-0.007492065,0.9970093,-0.04884338,-0.02957153,0.9983673,0.589259,-0.4442427,0.6748499,
638524907721430956,241096,16601,-0.07669067,-0.009414673,0.9970093,-0.05657959,-0.03210449,0.997879,0.5905486,-0.4465667,0.6721834,
638524907721530964,241106,16602,-0.07415771,-0.01193237,0.9971619,-0.05528259,-0.032547,0.9979248,0.5919647,-0.448596,0.6695815,
638524907721600942,241113,16602,-0.0715332,-0.005706787,0.9974213,-0.04940796,-0.03511047,0.9981537,0.5919647,-0.448596,0.6695815,
638524907721680955,241121,16603,-0.0745697,-0.01118469,0.9971466,-0.04997253,-0.03962708,0.9979553,0.5932283,-0.4501025,0.6674488,
638524907721770939,241130,16604,-0.06321716,-0.008377075,0.9979553,-0.05357361,-0.03863525,0.9978027,0.5941352,-0.4516221,0.6656132,
638524907721850949,241138,16605,-0.06086731,-0.01237488,0.9980621,-0.05857849,-0.04153442,0.997406,0.5943475,-0.4529339,0.6645314,
638524907721930940,241146,16605,-0.06687927,-0.005737305,0.9977417,-0.05325317,-0.03450012,0.9979706,0.5943475,-0.4529339,0.6645314,
638524907722020956,241155,16606,-0.06973267,-0.002456665,0.9975586,-0.04997253,-0.02755737,0.9983673,0.5940843,-0.4543223,0.6638186,
638524907722100938,241163,16607,-0.06388855,-0.02409363,0.9976654,-0.04652405,-0.03016663,0.9984589,0.5939987,-0.4560674,0.6626976,
638524907722190953,241172,16608,-0.06846619,-0.02832031,0.9972382,-0.05699158,-0.03768921,0.9976501,0.5945966,-0.4575754,0.6611201,
638524907722260937,241179,16608,0,0,0,0,0,0,0.5945966,-0.4575754,0.6611201,
638524907722340948,241187,16609,0,0,0,0,0,0,0.595398,-0.4587737,0.6595665,
638524907722410943,241194,16610,0,0,0,0,0,0,0.5966172,-0.4598954,0.6576809,
638524907722490935,241202,16610,0,0,0,0,0,0,0.5966172,-0.4598954,0.6576809,
638524907722590950,241212,16611,0,0,0,0,0,0,0.5978251,-0.461383,0.6555387,
638524907722670951,241220,16612,0,0,0,0,0,0,0.5984488,-0.4631777,0.6537014,
638524907722760945,241229,16613,0,0,0,0,0,0,0.598577,-0.4652935,0.6520794,
638524907722850941,241238,16614,0,0,0,0,0,0,0.5985172,-0.4669048,0.6509816,
638524907722920941,241245,16614,0,0,0,0,0,0,0.5985172,-0.4669048,0.6509816,
638524907723000950,241253,16615,0,0,0,0,0,0,0.5987135,-0.4681852,0.6498805,
638524907723090958,241262,16616,0,0,0,0,0,0,0.5991448,-0.468839,0.6490111,
638524907723180942,241271,16616,0,0,0,0,0,0,0.5991448,-0.468839,0.6490111,
638524907723250945,241278,16617,0,0,0,0,0,0,0.5999162,-0.469604,0.6477443,
638524907723340946,241287,16618,0,0,0,0,0,0,0.6008007,-0.4706081,0.646194,
638524907723420944,241295,16619,0,0,0,0,0,0,0.6018137,-0.4717669,0.6444038,
638524907723510936,241304,16619,0,0,0,0,0,0,0.6018137,-0.4717669,0.6444038,
638524907723590948,241312,16620,0,0,0,0,0,0,0.6029432,-0.4730016,0.6424399,
638524907723680971,241321,16621,0,0,0,0,0,0,0.6039615,-0.4741189,0.6406573,
638524907723760950,241329,16622,0,0,0,0,0,0,0.604513,-0.4756959,0.638966,
638524907723850936,241338,16622,0,0,0,0,0,0,0.604513,-0.4756959,0.638966,
638524907723930948,241346,16623,0,0,0,0,0,0,0.6047683,-0.4772725,0.637547,
638524907724030956,241356,16624,0,0,0,0,0,0,0.6050981,-0.4791404,0.6358308,
638524907724100946,241363,16625,0,0,0,0,0,0,0.6052656,-0.4812265,0.6340936,
638524907724190964,241372,16625,-0.0617981,-0.05613708,0.9965057,-0.04251099,-0.08065796,0.9958191,0.6052656,-0.4812265,0.6340936,
638524907724280953,241381,16626,-0.05696106,-0.05397034,0.9969025,-0.03979492,-0.07632446,0.9962769,0.6058118,-0.4828011,0.6323727,
638524907724360963,241389,16627,-0.06129456,-0.04389954,0.9971466,-0.05166626,-0.0766449,0.9957123,0.606273,-0.4843586,0.6307375,
638524907724430960,241396,16627,-0.0647583,-0.03170776,0.9973907,-0.04415894,-0.05439758,0.9975281,0.606273,-0.4843586,0.6307375,
638524907724530939,241406,16628,-0.0716095,-0.03427124,0.9968414,-0.04885864,-0.0499115,0.9975433,0.6068476,-0.485904,0.6289939,
638524907724610937,241414,16629,-0.0730896,-0.03858948,0.9965668,-0.05328369,-0.03863525,0.997818,0.6068199,-0.4876055,0.6277026,
638524907724690958,241422,16630,-0.0710144,-0.03514099,0.9968414,-0.04393005,-0.05586243,0.997467,0.6065382,-0.4894363,0.626549,
638524907724770941,241430,16630,-0.0708313,-0.02659607,0.9971313,-0.03843689,-0.06900024,0.9968719,0.6065382,-0.4894363,0.626549,
638524907724850936,241438,16631,-0.06513977,-0.03930664,0.9971008,-0.04284668,-0.07203674,0.9964752,0.6061513,-0.4910067,0.6256941,
638524907724930946,241446,16632,-0.07223511,-0.0342865,0.9967957,-0.046875,-0.07197571,0.9962921,0.6061744,-0.4920717,0.6248344,
638524907725020951,241455,16633,-0.061203,-0.03013611,0.9976654,-0.05142212,-0.07269287,0.9960175,0.6068586,-0.4928392,0.6235642,
638524907725100939,241463,16633,-0.07290649,-0.03811646,0.9965973,-0.05253601,-0.06538391,0.9964752,0.6068586,-0.4928392,0.6235642,
638524907725190949,241472,16634,-0.07569885,-0.03483582,0.996521,-0.04936218,-0.0644989,0.9966888,0.6079541,-0.4932249,0.6221905,
638524907725270944,241480,16635,-0.07202148,-0.03822327,0.9966583,-0.04434204,-0.05697632,0.9973755,0.6095578,-0.4932783,0.620577,
638524907725350951,241488,16636,-0.06674194,-0.05403137,0.9962921,-0.04043579,-0.05169678,0.9978333,0.6115183,-0.4932891,0.6186367,
638524907725440944,241497,16636,-0.06785583,-0.06399536,0.995636,-0.04516602,-0.07795715,0.9959259,0.6115183,-0.4932891,0.6186367,
638524907725520953,241505,16637,-0.06239319,-0.06417847,0.9959717,-0.03910828,-0.0765686,0.9962921,0.6139447,-0.4930223,0.6164421,
638524907725600945,241513,16638,-0.06732178,-0.06037903,0.9958954,-0.04792786,-0.06704712,0.996582,0.6164218,-0.4927388,0.6141927,
638524907725680956,241521,16639,-0.05955505,-0.07919312,0.9950714,-0.04627991,-0.06452942,0.9968262,0.6191911,-0.4925458,0.6115563,
638524907725770938,241530,16639,-0.07144165,-0.07070923,0.9949188,-0.05245972,-0.3418884,0.9382629,0.6191911,-0.4925458,0.6115563,
638524907725850951,241538,16640,-0.06776428,-0.05865479,0.9959717,0,0,0,0.6218201,-0.4927485,0.6087189,
638524907725940941,241547,16641,-0.05886841,-0.06208801,0.9963226,0,0,0,0.6245947,-0.4933366,0.6053929,
638524907726020951,241555,16642,-0.06175232,-0.05793762,0.9963989,0,0,0,0.6271226,-0.4943255,0.6019631,
638524907726100946,241563,16642,-0.07766724,-0.05459595,0.9954681,0,0,0,0.6271226,-0.4943255,0.6019631,
638524907726180946,241571,16643,-0.07859802,-0.05813599,0.9952087,0,0,0,0.6295842,-0.4958165,0.5981554,
638524907726270936,241580,16644,-0.08459473,-0.05480957,0.9949036,0,0,0,0.6322859,-0.4973634,0.5940069,
638524907726350956,241588,16645,-0.08190918,-0.05522156,0.9951019,0,0,0,0.634822,-0.4986939,0.5901741,
638524907726430948,241596,16645,-0.07177734,-0.05241394,0.9960327,0,0,0,0.634822,-0.4986939,0.5901741,
638524907726520938,241605,16646,-0.08650208,-0.0574646,0.9945831,0,0,0,0.6371714,-0.5003127,0.5862592,
638524907726610951,241614,16647,-0.08679199,-0.05422974,0.9947357,0,0,0,0.6389843,-0.5022685,0.5826023,
638524907726690960,241622,16648,-0.07632446,-0.05799866,0.9953918,0,0,0,0.6409528,-0.5039797,0.5789508,
638524907726770941,241630,16648,-0.08189392,-0.06187439,0.9947052,0,0,0,0.6409528,-0.5039797,0.5789508,
638524907726850943,241638,16649,-0.07739258,-0.05889893,0.9952545,0,0,0,0.6420411,-0.5059739,0.575998,
638524907726940940,241647,16650,-0.0869751,-0.05644226,0.9945984,0,0,0,0.6435379,-0.5074174,0.5730503,
638524907727020948,241655,16651,-0.08647156,-0.05780029,0.9945679,0,0,0,0.6443409,-0.5091406,0.5706145,
638524907727110944,241664,16652,-0.09599304,-0.06318665,0.9933624,0,0,0,0.6448572,-0.5111434,0.5682356,
638524907727180955,241671,16652,-0.08872986,-0.06422424,0.9939728,0,0,0,0.6448572,-0.5111434,0.5682356,
638524907727260936,241679,16653,-0.09529114,-0.04907227,0.9942322,0,0,0,0.6447507,-0.5133393,0.5663738,
638524907727360945,241689,16654,-0.09008789,-0.05387878,0.9944611,0,0,0,0.6445792,-0.5154413,0.5646574,
638524907727430941,241696,16654,-0.09579468,-0.06906128,0.9929962,0.1819305,0.249939,0.951004,0.6445792,-0.5154413,0.5646574,
638524907727500936,241703,16655,-0.0917511,-0.06851196,0.9934082,0,0,0,0.6439638,-0.5174751,0.5634981,
638524907727590940,241712,16656,-0.0929718,-0.0682373,0.9933167,0,0,0,0.6432604,-0.5193297,0.5625948,
638524907727670946,241720,16657,-0.09454346,-0.07067871,0.9929962,0,0,0,0.6424037,-0.5212887,0.5617613,
638524907727760940,241729,16657,-0.0941925,-0.06893921,0.9931488,0,0,0,0.6424037,-0.5212887,0.5617613,
638524907727850949,241738,16658,-0.0947876,-0.081604,0.9921417,-0.01873779,0.4658813,0.8846283,0.6415502,-0.5234448,0.5607307,
638524907727930956,241746,16659,-0.09562683,-0.07402039,0.9926453,0.1806641,0.2090607,0.9610596,0.6405526,-0.5256779,0.5597812,
638524907728010953,241754,16660,-0.0942688,-0.08660889,0.9917603,0.161377,0.07388306,0.9841156,0.6398904,-0.5277513,0.5585865,
638524907728100940,241763,16660,-0.09310913,-0.07229614,0.9930267,-0.3578644,-0.2819366,0.8901825,0.6398904,-0.5277513,0.5585865,
638524907728180943,241771,16661,-0.09346008,-0.07601929,0.9927063,0,0,0,0.6392257,-0.5295979,0.5575989,
638524907728270947,241780,16662,-0.08526611,-0.07058716,0.9938507,0,0,0,0.6387009,-0.5315071,0.5563823,
638524907728350939,241788,16663,-0.09373474,-0.06669617,0.9933472,0,0,0,0.6380395,-0.5338306,0.5549149,
638524907728420942,241795,16663,-0.08747864,-0.06268311,0.9941864,0,0,0,0.6380395,-0.5338306,0.5549149,
638524907728500940,241803,16664,-0.08805847,-0.06217957,0.9941711,0,0,0,0.6374598,-0.5357068,0.5537719,
638524907728590956,241812,16665,-0.08877563,-0.05714417,0.9944,0,0,0,0.6369426,-0.5374194,0.5527065,
638524907728680939,241821,16666,-0.08628845,-0.05862427,0.9945374,0,0,0,0.6366549,-0.5388341,0.5516597,
638524907728760939,241829,16666,-0.08465576,-0.06416321,0.994339,0,0,0,0.6366549,-0.5388341,0.5516597,
638524907728840946,241837,16667,-0.08670044,-0.06175232,0.9943085,0,0,0,0.6365084,-0.540121,0.5505692,
638524907728920942,241845,16668,-0.07775879,-0.06513977,0.9948273,0,0,0,0.6370619,-0.5408701,0.5491919,
638524907729020943,241855,16669,-0.08898926,-0.07046509,0.9935303,0,0,0,0.6377339,-0.5410637,0.5482203,
638524907729100942,241863,16669,-0.07249451,-0.07234192,0.9947357,0,0,0,0.6377339,-0.5410637,0.5482203,
638524907729180948,241871,16670,-0.08518982,-0.06419373,0.994278,0,0,0,0.6386203,-0.5408475,0.5474012,
638524907729260940,241879,16671,-0.08755493,-0.05473328,0.9946442,0,0,0,0.6395749,-0.540611,0.5465196,
638524907729350951,241888,16672,-0.08984375,-0.05270386,0.9945526,0,0,0,0.6404594,-0.5404503,0.5456421,
638524907729430950,241896,16672,-0.08639526,-0.04853821,0.9950714,0,0,0,0.6404594,-0.5404503,0.5456421,
638524907729510937,241904,16673,-0.08746338,-0.04255676,0.9952545,0,0,0,0.6410853,-0.5405052,0.5448521,
638524907729600938,241913,16674,-0.09559631,-0.05915833,0.9936523,0,0,0,0.6419836,-0.540559,0.5437399,
638524907729680951,241921,16675,-0.09634399,-0.06483459,0.9932251,0,0,0,0.6427078,-0.5407004,0.5427428,
638524907729750948,241928,16675,-0.09091187,-0.06375122,0.9938049,0,0,0,0.6427078,-0.5407004,0.5427428,
638524907729850936,241938,16676,-0.08660889,-0.07917786,0.9930878,0,0,0,0.6433807,-0.5412648,0.5413814,
638524907729930949,241946,16677,-0.08732605,-0.0791626,0.9930267,0,0,0,0.6444195,-0.5422122,0.5391934,
638524907730020951,241955,16678,-0.09030151,-0.09292603,0.9915619,0,0,0,0.6457716,-0.5432668,0.5365076,
638524907730090937,241962,16678,-0.08374023,-0.08335876,0.992981,0,0,0,0.6457716,-0.5432668,0.5365076,
638524907730190939,241972,16679,-0.08978271,-0.09204102,0.991684,0,0,0,0.6471151,-0.5443611,0.5337725,
638524907730260958,241979,16680,-0.09257507,-0.07878113,0.992569,0,0,0,0.6485285,-0.5455976,0.5307862,
638524907730350950,241988,16681,-0.09085083,-0.08230591,0.9924469,0,0,0,0.649529,-0.546528,0.5286012,
638524907730430946,241996,16681,-0.1012726,-0.07731628,0.9918365,0,0,0,0.649529,-0.546528,0.5286012,
638524907730510945,242004,16682,-0.09645081,-0.08036804,0.9920807,0,0,0,0.6502594,-0.5472386,0.5269654,
638524907730600960,242013,16683,-0.09204102,-0.08059692,0.9924774,0,0,0,0.6506199,-0.548139,0.525583,
638524907730680946,242021,16684,-0.09402466,-0.07138062,0.9929962,0,0,0,0.6508565,-0.548827,0.5245711,
638524907730760939,242029,16684,-0.07998657,-0.06544495,0.9946289,0,0,0,0.6508565,-0.548827,0.5245711,
638524907730840939,242037,16685,-0.05679321,-0.05749512,0.9967194,0,0,0,0.6510371,-0.5491679,0.5239899,
638524907730930938,242046,16686,-0.0533905,-0.05703735,0.996933,0,0,0,0.6516057,-0.5494111,0.5230271,
638524907731010966,242054,16687,-0.05747986,-0.048172,0.9971771,0,0,0,0.6521792,-0.5495088,0.5222092,
638524907731100948,242063,16687,-0.05934143,-0.06596375,0.996048,0,0,0,0.6521792,-0.5495088,0.5222092,
638524907731170949,242070,16688,-0.05877686,-0.07275391,0.9956055,0,0,0,0.6524099,-0.5503604,0.5210229,
638524907731260946,242079,16689,-0.05743408,-0.07783508,0.9953003,0,0,0,0.6521841,-0.5516964,0.5198913,
638524907731340951,242087,16690,-0.05148315,-0.07318115,0.9959869,0,0,0,0.6514214,-0.5532877,0.5191559,
638524907731420941,242095,16690,-0.06484985,-0.0756073,0.9950104,0,0,0,0.6514214,-0.5532877,0.5191559,
638524907731500945,242103,16691,-0.05383301,-0.08448792,0.9949646,0,0,0,0.6507915,-0.5548045,0.5183265,
638524907731590948,242112,16692,-0.05436707,-0.09320068,0.9941559,0,0,0,0.6501645,-0.5558891,0.5179513,
638524907731670970,242120,16693,-0.06419373,-0.06222534,0.9959869,0,0,0,0.6500524,-0.5565286,0.5174049,
638524907731750937,242128,16693,-0.05545044,-0.08535767,0.9947968,0,0,0,0.6500524,-0.5565286,0.5174049,
638524907731840942,242137,16694,-0.06663513,-0.07252502,0.9951324,0,0,0,0.6500282,-0.5571613,0.5167539,
638524907731940943,242147,16695,-0.05628967,-0.05638123,0.9968109,0,0,0,0.6500238,-0.5578817,0.5159817,
638524907732000949,242153,16696,-0.05409241,-0.05693054,0.9969025,0,0,0,0.6499454,-0.5584733,0.5154402,
638524907732090939,242162,16696,-0.05409241,-0.06375122,0.9964905,0,0,0,0.6499454,-0.5584733,0.5154402,
638524907732170945,242170,16697,-0.05860901,-0.05351257,0.9968414,0,0,0,0.6496959,-0.5593064,0.5148511,
638524907732260942,242179,16698,-0.06166077,-0.04211426,0.9971924,0,0,0,0.6498175,-0.5596763,0.5142952,
638524907732340956,242187,16699,-0.06347656,-0.04714966,0.9968567,0,0,0,0.64938,-0.5598494,0.5146594,
638524907732430942,242196,16699,-0.05982971,-0.0521698,0.9968414,0,0,0,0.64938,-0.5598494,0.5146594,
638524907732500944,242203,16700,-0.05990601,-0.04393005,0.9972229,0,0,0,0.6489777,-0.5595274,0.5155163,
638524907732590944,242212,16701,-0.0539093,-0.05058289,0.9972534,0,0,0,0.6476639,-0.5607092,0.5158843,
638524907732670942,242220,16702,-0.0553894,-0.04074097,0.9976196,0,0,0,0.6462583,-0.5616268,0.5166484,
638524907732750937,242228,16702,-0.04998779,-0.05511475,0.9972229,0,0,0,0.6462583,-0.5616268,0.5166484,
638524907732850937,242238,16703,-0.05789185,-0.05238342,0.996933,-0.4407501,-0.2431488,0.8640594,0.6450657,-0.5623072,0.5173982,
638524907732930940,242246,16704,-0.05661011,-0.05322266,0.9969635,-0.453125,-0.1877136,0.8714447,0.6436015,-0.5631834,0.5182679,
638524907733010957,242254,16705,-0.05534363,-0.04737854,0.9973297,-0.4446411,-0.2024078,0.8725281,0.641864,-0.5637763,0.5197758,
638524907733100935,242263,16705,-0.05560303,-0.0680542,0.9961243,-0.4153137,-0.1790466,0.8918762,0.641864,-0.5637763,0.5197758,
638524907733180949,242271,16706,-0.05194092,-0.0614624,0.9967499,0,0,0,0.6404521,-0.5643837,0.5208572,
638524907733260946,242279,16707,-0.05810547,-0.07107544,0.9957733,0,0,0,0.6391667,-0.5646082,0.5221912,
638524907733340947,242287,16708,-0.04902649,-0.06629944,0.996582,0,0,0,0.6376405,-0.5650556,0.5235711,
638524907733420938,242295,16708,-0.04707336,-0.08589172,0.9951782,0,0,0,0.6376405,-0.5650556,0.5235711,
638524907733510942,242304,16709,-0.04251099,-0.06852722,0.9967346,0,0,0,0.6366953,-0.5645699,0.5252428,
638524907733600941,242313,16710,-0.04914856,-0.0796051,0.9956055,0,0,0,0.6349558,-0.5642098,0.5277295,
638524907733670949,242320,16711,-0.03207397,-0.06762695,0.9971924,0,0,0,0.6331655,-0.5644816,0.5295866,
638524907733760938,242329,16711,-0.03820801,-0.07469177,0.99646,0,0,0,0.6331655,-0.5644816,0.5295866,
638524907733850936,242338,16712,-0.03955078,-0.06759644,0.9969177,0,0,0,0.6308192,-0.5655041,0.5312931,
638524907733930954,242346,16713,-0.03474426,-0.07325745,0.9967041,0,0,0,0.6282646,-0.566193,0.5335814,
638524907734020941,242355,16714,-0.03184509,-0.06581116,0.9973145,0,0,0,0.6257569,-0.5668985,0.5357747,
638524907734100940,242363,16714,-0.02853394,-0.06011963,0.9977722,0,0,0,0.6257569,-0.5668985,0.5357747,
638524907734180945,242371,16715,-0.02935791,-0.05859375,0.9978485,0,0,0,0.6235593,-0.5672672,0.5379421,
638524907734280953,242381,16716,-0.02613831,-0.06312561,0.9976501,0,0,0,0.6212459,-0.5678476,0.5400025,
638524907734360945,242389,16717,-0.0226593,-0.06008911,0.9979248,0,0,0,0.619386,-0.5679048,0.5420747,
638524907734430949,242396,16717,-0.009155273,-0.07148743,0.9973907,0,0,0,0.619386,-0.5679048,0.5420747,
638524907734510959,242404,16718,-0.01448059,-0.06645203,0.9976807,0,0,0,0.6177117,-0.5681139,0.5437636,
638524907734600958,242413,16719,-0.02029419,-0.05355835,0.9983521,0,0,0,0.6164392,-0.5676625,0.5456758,
638524907734690948,242422,16720,-0.01609802,-0.05223083,0.9984894,0,0,0,0.6156702,-0.5672151,0.5470074,
638524907734770944,242430,16721,-0.0202179,-0.05754089,0.9981232,0,0,0,0.6142505,-0.5673306,0.5484818,
638524907734850950,242438,16721,-0.001068115,-0.05523682,0.9984589,0,0,0,0.6142505,-0.5673306,0.5484818,
638524907734940945,242447,16722,-0.004241943,-0.05488586,0.9984741,0,0,0,0.6129586,-0.5677837,0.5494575,
638524907735010956,242454,16723,-0.009643555,-0.05839539,0.9982452,0,0,0,0.6115028,-0.5687922,0.5500361,
638524907735090947,242462,16723,-0.006362915,-0.05508423,0.9984589,0,0,0,0.6115028,-0.5687922,0.5500361,
638524907735190944,242472,16724,-0.01104736,-0.05407715,0.9984741,0,0,0,0.609956,-0.569501,0.5510193,
638524907735270963,242480,16725,0.007568359,-0.05657959,0.9983673,0,0,0,0.6086446,-0.5701559,0.5517917,
638524907735350951,242488,16726,0.003814697,-0.06315613,0.9979858,0,0,0,0.6073472,-0.5708383,0.5525151,
638524907735430941,242496,16726,0.004455566,-0.05792236,0.9983063,0,0,0,0.6073472,-0.5708383,0.5525151,
638524907735520938,242505,16727,0.00994873,-0.06665039,0.9977112,0,0,0,0.6057423,-0.5717482,0.5533356,
638524907735600934,242513,16728,0.009796143,-0.07002258,0.9974823,0,0,0,0.6039241,-0.5724125,0.5546346,
638524907735680949,242521,16729,0.0267334,-0.06448364,0.9975586,0,0,0,0.6020427,-0.5729877,0.5560843,
638524907735760948,242529,16729,0.009521484,-0.06632996,0.9977417,0,0,0,0.6020427,-0.5729877,0.5560843,
638524907735840950,242537,16730,0.005187988,-0.05627441,0.9983978,0,0,0,0.6001438,-0.5734534,0.5576545,
638524907735920964,242545,16731,0.0146637,-0.05609131,0.9983063,0,0,0,0.5984654,-0.5736877,0.5592151,
638524907736020947,242555,16732,0.02229309,-0.04626465,0.9986725,0,0,0,0.5969443,-0.5735884,0.5609401,
638524907736100940,242563,16732,0.01991272,-0.05349731,0.9983673,0,0,0,0.5969443,-0.5735884,0.5609401,
638524907736190935,242572,16733,0.01982117,-0.04544067,0.998764,0,0,0,0.5955446,-0.5735233,0.5624924,
638524907736270935,242580,16734,0.0123291,-0.05158997,0.9985809,0,0,0,0.5932028,-0.573925,0.5645535,
638524907736340958,242587,16735,0.01809692,-0.04483032,0.9988251,0,0,0,0.5911404,-0.5744406,0.5661899,
638524907736420943,242595,16735,0.02127075,-0.04476929,0.998764,0,0,0,0.5911404,-0.5744406,0.5661899,
638524907736510938,242604,16736,0.01501465,-0.03309631,0.9993286,0,0,0,0.5892066,-0.5748073,0.5678312,
638524907736600963,242613,16737,0.02459717,-0.03152466,0.9991913,0,0,0,0.5871475,-0.5751416,0.5696226,
638524907736680944,242621,16738,0.0352478,-0.03106689,0.9988861,0,0,0,0.5858416,-0.5747135,0.5713966,
638524907736780957,242631,16739,0.02323914,-0.02316284,0.9994507,0,0,0,0.5846558,-0.5744685,0.5728557,
638524907736860962,242639,16739,0.02912903,-0.02442932,0.9992676,0,0,0,0.5846558,-0.5744685,0.5728557,
638524907736940944,242647,16740,0.02972412,-0.02947998,0.999115,0,0,0,0.5841208,-0.573781,0.5740892,
638524907737020950,242655,16741,0.03053284,-0.02384949,0.9992371,0,0,0,0.5840901,-0.5727287,0.5751701,
638524907737100948,242663,16741,0.03384399,-0.04464722,0.9984283,0,0,0,0.5840901,-0.5727287,0.5751701,
638524907737180957,242671,16742,0.04075623,-0.0478363,0.9980164,0,0,0,0.5842943,-0.572001,0.5756865,
638524907737270940,242680,16743,0.05741882,-0.05728149,0.9967041,0,0,0,0.5846317,-0.5712729,0.5760667,
638524907737360971,242689,16744,0.04550171,-0.05377197,0.9975128,0,0,0,0.5843056,-0.5705265,0.5771365,
638524907737430940,242696,16744,0.04432678,-0.06222534,0.9970703,0,0,0,0.5843056,-0.5705265,0.5771365,
638524907737510960,242704,16745,0.0450592,-0.05557251,0.9974365,0,0,0,0.5841218,-0.5701649,0.5776795,
638524907737600951,242713,16746,0.03883362,-0.05055237,0.9979553,0,0,0,0.5836869,-0.570473,0.5778151,
638524907737700953,242723,16747,0.0393219,-0.04576111,0.9981689,0,0,0,0.584319,-0.57048,0.5771688,
638524907737770948,242730,16748,0.0480957,-0.05020142,0.9975739,0,0,0,0.5837997,-0.5705963,0.5775793,
638524907737860938,242739,16748,0.04460144,-0.05223083,0.9976349,0,0,0,0.5837997,-0.5705963,0.5775793,
638524907737930942,242746,16749,0.04980469,-0.05763245,0.9970856,0,0,0,0.5837972,-0.5708781,0.5773032,
638524907738010952,242754,16750,0.04872131,-0.05427551,0.9973297,0,0,0,0.583259,-0.5712691,0.5774605,
638524907738090939,242762,16750,0.05357361,-0.06834412,0.9962158,0,0,0,0.583259,-0.5712691,0.5774605,
638524907738170944,242770,16751,0.05404663,-0.0627594,0.9965515,0,0,0,0.5820352,-0.5716689,0.578299,
638524907738250957,242778,16752,0.05908203,-0.07839966,0.995163,0,0,0,0.5800061,-0.5723864,0.5796264,
638524907738340951,242787,16753,0.06620789,-0.07608032,0.9948883,0,0,0,0.5774505,-0.5739179,0.5806627,
638524907738420947,242795,16753,0.06651306,-0.08099365,0.9944763,0,0,0,0.5774505,-0.5739179,0.5806627,
638524907738500943,242803,16754,0.06669617,-0.07966614,0.9945831,0,0,0,0.5782404,-0.5731532,0.580632,
638524907738590932,242812,16755,0.07717896,-0.07820129,0.9939423,0,0,0,0.5766817,-0.5723198,0.5829994,
638524907738670947,242820,16756,0.07449341,-0.07667542,0.9942627,0,0,0,0.5766152,-0.5718164,0.5835589,
638524907738750937,242828,16756,0.07048035,-0.08106995,0.9942017,0,0,0,0.5766152,-0.5718164,0.5835589,
638524907738860942,242839,16757,0.0680542,-0.07368469,0.9949493,0,0,0,0.5761119,-0.5712423,0.5846173,
638524907738930963,242846,16758,0.07830811,-0.07284546,0.9942474,0,0,0,0.5758669,-0.5704405,0.5856407,
638524907739000955,242853,16759,0.07725525,-0.06999207,0.9945374,0,0,0,0.5771315,-0.5685546,0.5862294,
638524907739090940,242862,16759,0.06674194,-0.07014465,0.9953003,0,0,0,0.5771315,-0.5685546,0.5862294,
638524907739170936,242870,16760,0.06637573,-0.06620789,0.9955902,0,0,0,0.5792087,-0.5665795,0.5860929,
638524907739250947,242878,16761,0.06306458,-0.05401611,0.9965363,0,0,0,0.5804426,-0.5650375,0.5863608,
638524907739350948,242888,16762,0.05131531,-0.0735321,0.9959564,0,0,0,0.5812978,-0.5636927,0.5868078,
638524907739420946,242895,16762,0.04948425,-0.09263611,0.9944611,0,0,0,0.5812978,-0.5636927,0.5868078,
638524907739500943,242903,16763,0.05792236,-0.06420898,0.9962463,0,0,0,0.581279,-0.5635748,0.5869398,
638524907739590953,242912,16764,0.06469727,-0.08103943,0.9945984,0,0,0,0.58043,-0.5633892,0.5879571,
638524907739670942,242920,16765,0.07542419,-0.0846405,0.9935455,0,0,0,0.5798707,-0.5626987,0.5891691,
638524907739750938,242928,16765,0.07368469,-0.09109497,0.993103,0,0,0,0.5798707,-0.5626987,0.5891691,
638524907739840944,242937,16766,0.08206177,-0.09606934,0.9919739,0,0,0,0.5791727,-0.562511,0.5900342,
638524907739920947,242945,16767,0.07374573,-0.08985901,0.9932098,0,0,0,0.5775917,-0.5634093,0.5907266,
638524907740000940,242953,16768,0.07991028,-0.08776855,0.9929199,0,0,0,0.5749283,-0.565296,0.5915217,
638524907740090942,242962,16768,0.07444763,-0.0927887,0.9928894,0,0,0,0.5749283,-0.565296,0.5915217,
638524907740170945,242970,16769,0.07571411,-0.08259583,0.9936981,0,0,0,0.5714545,-0.5666392,0.593599,
638524907740250945,242978,16770,0.07217407,-0.09049988,0.9932709,0,0,0,0.5681134,-0.5680861,0.5954204,
638524907740340967,242987,16771,0.08404541,-0.07833862,0.9933624,0,0,0,0.5635428,-0.5687429,0.5991253,
638524907740420940,242995,16771,0.08108521,-0.07342529,0.993988,0,0,0,0.5635428,-0.5687429,0.5991253,
638524907740500942,243003,16772,0.08830261,-0.06105042,0.9942169,0,0,0,0.56049,-0.5691417,0.6016052,
638524907740590954,243012,16773,0.08358765,-0.07501221,0.9936676,0,0,0,0.5575006,-0.5703116,0.6032726,
638524907740670962,243020,16774,0.08932495,-0.07565308,0.9931183,0,0,0,0.5559302,-0.5703506,0.6046832,
638524907740760940,243029,16774,0.09664917,-0.07788086,0.9922638,0,0,0,0.5559302,-0.5703506,0.6046832,
638524907740840937,243037,16775,0.07165527,-0.07073975,0.9949036,0,0,0,0.552195,-0.5709351,0.6075474,
638524907740920965,243045,16776,0.05978394,-0.06420898,0.9961395,0,0,0,0.5499002,-0.5728852,0.607793,
638524907741010949,243054,16777,0,0,0,0,0,0,0.5449022,-0.5730361,0.6121366,
638524907741080944,243061,16777,0,0,0,0,0,0,0.5449022,-0.5730361,0.6121366,
638524907741160937,243069,16778,0,0,0,0,0,0,0.5363608,-0.575736,0.6171265,
638524907741240944,243077,16779,0,0,0,0,0,0,0.5295194,-0.5853227,0.6140085,
638524907741320949,243085,16779,0,0,0,0,0,0,0.5295194,-0.5853227,0.6140085,
638524907741410937,243094,16780,0,0,0,0,0,0,0.5241563,-0.5870899,0.6169162,
638524907741490947,243102,16781,0,0,0,0,0,0,0.5220107,-0.5874685,0.6183733,
638524907741580944,243111,16782,0,0,0,0,0,0,0.5178896,-0.5881113,0.6212209,
638524907741660948,243119,16783,0,0,0,0,0,0,0.5151241,-0.5892677,0.6224234,
638524907741740938,243127,16783,0,0,0,0,0,0,0.5151241,-0.5892677,0.6224234,
638524907741820953,243135,16784,0,0,0,0,0,0,0.513337,-0.5892063,0.6239559,
638524907741910945,243144,16785,0,0,0,0,0,0,0.5123321,-0.5888056,0.6251591,
638524907741980944,243151,16785,0,0,0,0,0,0,0.5123321,-0.5888056,0.6251591,
638524907742070941,243160,16786,0,0,0,0,0,0,0.5126487,-0.5872723,0.6263407,
638524907742160950,243169,16787,0,0,0,0,0,0,0.5147182,-0.584846,0.6269133,
638524907742250950,243178,16788,0,0,0,0,0,0,0.5164583,-0.5817595,0.6283524,
638524907742330953,243186,16789,0,0,0,0,0,0,0.5181596,-0.5779849,0.6304317,
638524907742430946,243196,16789,0,0,0,0,0,0,0.5181596,-0.5779849,0.6304317,
638524907742500961,243203,16790,0,0,0,0,0,0,0.5185657,-0.5759984,0.6319142,
638524907742590941,243212,16791,0,0,0,0,0,0,0.5179446,-0.5746255,0.633671,
638524907742680952,243221,16792,0,0,0,0,0,0,0.5174782,-0.572701,0.6357908,
638524907742760947,243229,16792,0,0,0,0,0,0,0.5174782,-0.572701,0.6357908,
638524907742840948,243237,16793,0,0,0,0,0,0,0.5173151,-0.5697147,0.6386003,
638524907742930951,243246,16794,0,0,0,0,0,0,0.5173455,-0.5672312,0.6407827,
638524907743020955,243255,16795,0,0,0,0,0,0,0.5173535,-0.5648796,0.6428502,
638524907743100941,243263,16796,0,0,0,0,0,0,0.5174814,-0.5621663,0.6451217,
638524907743180952,243271,16796,0.1305389,-0.02058411,0.9912262,0,0,0,0.5174814,-0.5621663,0.6451217,
638524907743270943,243280,16797,0.1150208,-0.0005493164,0.9933472,0,0,0,0.5176606,-0.559669,0.6471461,
638524907743360944,243289,16798,0.1205902,-0.005966187,0.9926758,0,0,0,0.5183145,-0.5567799,0.649112,
638524907743440940,243297,16799,0.1225739,-0.01037598,0.9924011,0,0,0,0.5191629,-0.5535081,0.6512285,
638524907743520940,243305,16799,0.1224976,-0.02182007,0.992218,0.09138489,0.03930664,0.9950256,0.5191629,-0.5535081,0.6512285,
638524907743610943,243314,16800,0.1227264,-0.0100708,0.9923859,0.1354675,-0.04096985,0.9899292,0.5203014,-0.5502832,0.6530504,
638524907743680955,243321,16801,0.1282349,-0.003356934,0.9917297,0.1422577,-0.02177429,0.9895782,0.5210484,-0.5473495,0.6549177,
638524907743760939,243329,16801,0.1164398,1.525879E-05,0.9931946,0.1542511,-0.02259827,0.9877625,0.5210484,-0.5473495,0.6549177,
638524907743850960,243338,16802,0.122467,-0.008728027,0.9924316,0.155426,-0.0282135,0.987442,0.5217874,-0.5446405,0.6565856,
638524907743940951,243347,16803,0.1113739,-0.01625061,0.9936371,0,0,0,0.5225987,-0.5417548,0.6583254,
638524907744010946,243354,16804,0,0,0,0,0,0,0.5233874,-0.5391269,0.6598544,
638524907744090941,243362,16804,0,0,0,0,0,0,0.5233874,-0.5391269,0.6598544,
638524907744180943,243371,16805,0,0,0,0,0,0,0.5241829,-0.5362873,0.6615348,
638524907744260959,243379,16806,0,0,0,0,0,0,0.5247431,-0.5335455,0.6633053,
638524907744340947,243387,16807,0,0,0,0,0,0,0.5252352,-0.5314444,0.6646013,
638524907744420940,243395,16807,0,0,0,0,0,0,0.5252352,-0.5314444,0.6646013,
638524907744480954,243401,16808,0,0,0,0,0,0,0.5260565,-0.5296676,0.6653697,
638524907744560951,243409,16809,0,0,0,0,0,0,0.5260718,-0.528066,0.6666294,
638524907744650949,243418,16809,0,0,0,0,0,0,0.5260718,-0.528066,0.6666294,
638524907744730960,243426,16810,0,0,0,0,0,0,0.5299672,-0.5245318,0.6663341,
638524907744820942,243435,16811,0,0,0,0,0,0,0.5298567,-0.5223319,0.6681477,
638524907744910949,243444,16812,0,0,0,0,0,0,0.5322347,-0.5191917,0.6687049,
638524907744990940,243452,16813,0,0,0,0,0,0,0.530551,-0.517391,0.6714329,
638524907745090940,243462,16813,0,0,0,0,0,0,0.530551,-0.517391,0.6714329,
638524907745170939,243470,16814,0,0,0,0,0,0,0.53256,-0.5139377,0.6724938,
638524907745260938,243479,16815,0,0,0,0,0,0,0.532941,-0.5108104,0.6745715,
638524907745340945,243487,16816,0,0,0,0,0,0,0.5353583,-0.507506,0.6751512,
638524907745420945,243495,16816,0,0,0,0,0,0,0.5353583,-0.507506,0.6751512,
638524907745520936,243505,16817,0,0,0,0,0,0,0.5383825,-0.5039052,0.6754435,
638524907745600954,243513,16818,0,0,0,0,0,0,0.5417058,-0.5009408,0.6749912,
638524907745680958,243521,16819,0,0,0,0,0,0,0.5441449,-0.4985176,0.6748234,
638524907745770942,243530,16820,0,0,0,0,0,0,0.545885,-0.496555,0.674865,
638524907745850937,243538,16820,0,0,0,0,0,0,0.545885,-0.496555,0.674865,
638524907745940940,243547,16821,0.1003418,-0.02041626,0.9947357,0.1329193,-0.01939392,0.9909363,0.5464494,-0.4950913,0.6754833,
638524907746020940,243555,16822,0.1096344,-0.003143311,0.9939575,0.1352081,-0.04084778,0.9899597,0.5469342,-0.4940603,0.6758457,
638524907746100942,243563,16823,0.1127777,-0.008453369,0.993576,0.1260681,-0.03459167,0.9914093,0.5467306,-0.493517,0.6764071,
638524907746180947,243571,16823,0.1191711,-0.01014709,0.9928131,0.1260834,-0.03601074,0.9913635,0.5467306,-0.493517,0.6764071,
638524907746260954,243579,16824,0.1129761,-0.002426147,0.9935913,0.1216431,-0.03700256,0.9918823,0.5469216,-0.4931647,0.6765097,
638524907746350950,243588,16825,0.1161499,-0.01049805,0.9931641,0.1288757,-0.04335022,0.9907074,0.5478222,-0.4926901,0.6761267,
638524907746430940,243596,16825,0.1115723,-0.01721191,0.9936066,0.1220398,-0.03413391,0.9919281,0.5478222,-0.4926901,0.6761267,
638524907746510941,243604,16826,0.1092834,-0.01678467,0.993866,0.1257019,-0.01454163,0.9919586,0.5491877,-0.49157,0.6758342,
638524907746600963,243613,16827,0.1078644,-0.01034546,0.9941101,0.1233978,-0.02487183,0.9920349,0.5508295,-0.4901351,0.6755401,
638524907746680942,243621,16828,0.09869385,-0.02157593,0.994873,0.1235199,-0.02558899,0.9920044,0.5528451,-0.4881135,0.6753573,
638524907746760940,243629,16828,0.1063843,-0.02320862,0.9940491,0.125946,-0.02687073,0.9916687,0.5528451,-0.4881135,0.6753573,
638524907746850937,243638,16829,0.09718323,-0.02381897,0.9949799,0.1201324,-0.01635742,0.9926147,0.5540445,-0.4863029,0.6756805,
638524907746930952,243646,16830,0.1068726,-0.01791382,0.9941101,0.1102142,-0.02407837,0.9936066,0.5551623,-0.4841264,0.6763257,
638524907747020960,243655,16831,0.09487915,-0.02406311,0.9951935,0.1230011,-0.02478027,0.9920959,0.5560818,-0.4817955,0.6772342,
638524907747110943,243664,16832,0.1054077,-0.01951599,0.9942322,0.11763,-0.02096558,0.9928284,0.5570694,-0.4791083,0.6783281,
638524907747180962,243671,16832,0.09109497,-0.02333069,0.9955597,0.1234283,-0.02313232,0.9920807,0.5570694,-0.4791083,0.6783281,
638524907747270938,243680,16833,0.09532166,-0.07299805,0.9927521,0.1426392,-0.08009338,0.9865265,0.5577421,-0.4763963,0.679684,
638524907747340948,243687,16834,0,0,0,-0.0688324,-0.2744446,0.9591217,0.5581065,-0.4735101,0.6813995,
638524907747420940,243695,16834,0,0,0,0,0,0,0.5581065,-0.4735101,0.6813995,
638524907747500946,243703,16835,0,0,0,0,0,0,0.5587089,-0.470336,0.6831021,
638524907747580956,243711,16836,0,0,0,0,0,0,0.5588226,-0.4670516,0.6852592,
638524907747670951,243720,16837,0,0,0,0,0,0,0.5585123,-0.4638875,0.6876572,
638524907747740938,243727,16837,0,0,0,0,0,0,0.5585123,-0.4638875,0.6876572,
638524907747830944,243736,16838,0,0,0,0,0,0,0.557538,-0.4605311,0.6906971,
638524907747910943,243744,16839,0,0,0,0,0,0,0.5560705,-0.4565422,0.6945177,
638524907748000954,243753,16840,0,0,0,0,0,0,0.5553769,-0.4510623,0.6986411,
638524907748090936,243762,16840,0,0,0,0,0,0,0.5553769,-0.4510623,0.6986411,
638524907748160969,243769,16841,0,0,0,0,0,0,0.5549207,-0.4450216,0.7028648,
638524907748250960,243778,16842,0,0,0,0,0,0,0.5544962,-0.4385257,0.7072688,
638524907748350947,243788,16843,0,0,0,0.08293152,0.02171326,0.9963074,0.5532714,-0.4310375,0.7128096,
638524907748430942,243796,16844,0,0,0,0.1904449,-0.1277466,0.9733429,0.5520095,-0.4244483,0.717725,
638524907748520936,243805,16844,0,0,0,0.1546326,-0.1038208,0.9824982,0.5520095,-0.4244483,0.717725,
638524907748600950,243813,16845,0,0,0,0.1628571,-0.05947876,0.984848,0.5499805,-0.4181612,0.7229541,
638524907748680942,243821,16846,0.1274261,-0.03991699,0.9910431,0.1646271,-0.05570984,0.9847717,0.547811,-0.4119477,0.7281499,
638524907748780952,243831,16847,0.1470184,-0.05340576,0.9876862,0.1664886,-0.05477905,0.9845123,0.5458031,-0.405811,0.7330869,
638524907748850946,243838,16847,0.1362457,-0.05415344,0.9891815,0.1604004,-0.04283142,0.9861145,0.5458031,-0.405811,0.7330869,
638524907748940945,243847,16848,0.1481171,-0.05493164,0.987442,0.1540833,-0.04473877,0.98703,0.5437782,-0.3999709,0.7377862,
638524907749010941,243854,16849,0.1524506,-0.06532288,0.986145,0.1609497,-0.04707336,0.9858246,0.542326,-0.3936856,0.7422225,
638524907749090932,243862,16849,0.1564636,-0.07592773,0.9847565,0.1675568,-0.05473328,0.9843292,0.542326,-0.3936856,0.7422225,
638524907749180943,243871,16850,0.1467896,-0.0625,0.9871826,0.1616364,-0.05114746,0.9855194,0.5409435,-0.3872241,0.7466175,
638524907749260951,243879,16851,0.1589813,-0.06919861,0.984848,0.1627808,-0.0763855,0.9836884,0.5397903,-0.3808295,0.7507299,
638524907749350955,243888,16852,0.1622009,-0.07780457,0.9836731,0.170105,-0.04301453,0.9844818,0.5390788,-0.3741448,0.7545925,
638524907749440947,243897,16853,0.1670074,-0.07597351,0.983017,0.1641235,-0.07026672,0.9839172,0.5388095,-0.3674591,0.7580621,
638524907749510936,243904,16853,0.1631012,-0.07574463,0.9836884,0.1755676,-0.06445313,0.9823456,0.5388095,-0.3674591,0.7580621,
638524907749600942,243913,16854,0.1673584,-0.07545471,0.9829865,0.1772156,-0.05444336,0.9826508,0.5387945,-0.3608119,0.761259,
638524907749680941,243921,16855,0.1713409,-0.07905579,0.9820251,0.1826172,-0.07524109,0.9802856,0.5392375,-0.353981,0.7641468,
638524907749760935,243929,16855,0.1749878,-0.08522034,0.9808655,0.1854248,-0.0749054,0.9797974,0.5392375,-0.353981,0.7641468,
638524907749850935,243938,16856,0.168457,-0.09843445,0.9807739,0.174408,-0.07089233,0.9821167,0.5394478,-0.3474974,0.7669691,
638524907749930954,243946,16857,0.1720276,-0.08551025,0.981369,0.1795197,-0.08616638,0.9799652,0.5399999,-0.3409654,0.7695081,
638524907750010947,243954,16858,0.1822205,-0.09063721,0.9790649,0.1708221,-0.08500671,0.9816132,0.5406748,-0.3342432,0.7719795,
638524907750100946,243963,16859,0.1803131,-0.09184265,0.9793091,0.1799164,-0.07962036,0.9804382,0.5417091,-0.327298,0.7742268,
638524907750180950,243971,16859,0.1759949,-0.09104919,0.9801636,0.1809998,-0.08467102,0.9798279,0.5417091,-0.327298,0.7742268,
638524907750260938,243979,16860,0.1694946,-0.09617615,0.9808197,0.1830597,-0.09405518,0.9785767,0.5430605,-0.3201057,0.7762846,
638524907750350958,243988,16861,0.1753998,-0.09660339,0.9797363,0.1786499,-0.09710693,0.9790955,0.5449356,-0.3129611,0.7778821,
638524907750430942,243996,16861,0.174942,-0.1040649,0.9790497,0.181015,-0.09642029,0.9787292,0.5449356,-0.3129611,0.7778821,
638524907750510937,244004,16862,0.1758423,-0.105957,0.9786835,0.1837616,-0.09545898,0.9783173,0.5464061,-0.3063267,0.7794898,
638524907750600943,244013,16863,0.168045,-0.112915,0.9792786,0.1907349,-0.1001282,0.9765167,0.5483849,-0.3000821,0.7805285,
638524907750680953,244021,16864,0.1772156,-0.1120911,0.9777527,0.1903839,-0.1069489,0.9758606,0.5498894,-0.294469,0.7816071,
638524907750760947,244029,16864,0.1769257,-0.1135712,0.9776459,0.1974945,-0.1061859,0.9745331,0.5498894,-0.294469,0.7816071,
638524907750850940,244038,16865,0.1755829,-0.1131287,0.9779358,0.1916656,-0.1137238,0.9748383,0.5511114,-0.2888868,0.7828287,
638524907750930949,244046,16866,0.1803741,-0.1165466,0.9766541,0.1897888,-0.1119385,0.9754181,0.5523511,-0.2841295,0.7836956,
638524907751010950,244054,16867,0.1772461,-0.1127777,0.9776764,0.1919708,-0.1121826,0.9749603,0.5537598,-0.2796291,0.7843199,
638524907751100944,244063,16868,0.1748962,-0.1143036,0.9779205,0.1980133,-0.1153412,0.9733734,0.5555919,-0.2757353,0.7844027,
638524907751190938,244072,16868,0.1725616,-0.1158142,0.9781647,0.1970673,-0.1134491,0.9738007,0.5555919,-0.2757353,0.7844027,
638524907751260972,244079,16869,0.1744843,-0.1157074,0.977829,0.1960297,-0.1144867,0.973877,0.5573597,-0.2720344,0.7844409,
638524907751340950,244087,16870,0.174057,-0.114975,0.9779968,0.1873932,-0.1091309,0.9761963,0.5591135,-0.2689738,0.7842482,
638524907751430946,244096,16871,0.172821,-0.1154938,0.9781494,0.1895905,-0.118103,0.9747162,0.5607464,-0.2660139,0.7840919,
638524907751510937,244104,16871,0.1724701,-0.1180267,0.9779053,0.1915436,-0.1240234,0.9736023,0.5607464,-0.2660139,0.7840919,
638524907751590940,244112,16872,0.1672516,-0.1199951,0.9785767,0.181778,-0.1264496,0.975174,0.5620805,-0.2638468,0.7838688,
638524907751690947,244122,16873,0.1743927,-0.1216125,0.9771271,0.186142,-0.1182861,0.9753723,0.5632843,-0.2613576,0.7838386,
638524907751760955,244129,16873,0.1674805,-0.1343536,0.9766693,0.1847839,-0.1243439,0.9748688,0.5632843,-0.2613576,0.7838386,
638524907751840941,244137,16874,0.1690063,-0.1299286,0.977005,0.1859283,-0.1247559,0.9745941,0.5642776,-0.2594403,0.7837611,
638524907751940942,244147,16875,0.1655579,-0.1376648,0.976532,0.1869659,-0.1247559,0.9743958,0.5656516,-0.2569043,0.7836061,
638524907752010945,244154,16876,0.1671143,-0.1304321,0.9772644,0.1838837,-0.1260071,0.974823,0.5673369,-0.2543099,0.7832338,
638524907752090941,244162,16876,0.1682434,-0.1302643,0.9770966,0.1769409,-0.1257172,0.9761505,0.5673369,-0.2543099,0.7832338,
638524907752180943,244171,16877,0.1665192,-0.1309662,0.9772949,0.1761627,-0.1235657,0.9765625,0.5693972,-0.2516107,0.7826103,
638524907752270939,244180,16878,0.1647797,-0.1287384,0.9778748,0.1765442,-0.1212921,0.9767761,0.5719578,-0.2486737,0.7816813,
638524907752350943,244188,16879,0.1665192,-0.1265869,0.9778748,0.1765747,-0.1259613,0.976181,0.5753775,-0.2456744,0.7801185,
638524907752430951,244196,16879,0.1589966,-0.1336365,0.9781799,0.1767426,-0.1211395,0.9767609,0.5753775,-0.2456744,0.7801185,
638524907752520943,244205,16880,0.160614,-0.1284943,0.9786072,0.1717682,-0.1208954,0.9776764,0.5789271,-0.2416009,0.7787634,
638524907752590965,244212,16881,0.1575775,-0.1312256,0.9787445,0.1729431,-0.1255798,0.9768829,0.5827296,-0.2372072,0.7772767,
638524907752680949,244221,16882,0.1539459,-0.1367645,0.9785614,0.1674805,-0.1263123,0.9777374,0.5860705,-0.2332769,0.7759532,
638524907752760951,244229,16882,0.150238,-0.1346588,0.9794312,0.1686554,-0.1307678,0.9769592,0.5860705,-0.2332769,0.7759532,
638524907752840949,244237,16883,0.1551361,-0.1352844,0.9785767,0.1695404,-0.1233521,0.9777679,0.5887272,-0.2292374,0.7751455,
638524907752940940,244247,16884,0.1457825,-0.1265106,0.9811859,0.1681366,-0.1281586,0.9773865,0.5907349,-0.2252147,0.7747971,
638524907753010960,244254,16885,0.138031,-0.1365509,0.980957,0.1719055,-0.1330872,0.9760742,0.5924891,-0.2211794,0.7746201,
638524907753090950,244262,16885,0.1372986,-0.1428528,0.9801636,0.1628418,-0.1447906,0.9759674,0.5924891,-0.2211794,0.7746201,
638524907753180943,244271,16886,0.1556396,-0.1401825,0.9777985,0.1609192,-0.1373749,0.977356,0.5944431,-0.2170419,0.7742933,
638524907753260944,244279,16887,0.1561127,-0.1481781,0.9765472,0.1613464,-0.1410828,0.9767456,0.5968392,-0.2132282,0.7735094,
638524907753350949,244288,16888,0.1498566,-0.1446381,0.9780579,0.1537628,-0.1468048,0.9771271,0.5994606,-0.2092384,0.7725713,
638524907753430944,244296,16889,0.1488953,-0.1474152,0.9777985,0.1551056,-0.1346436,0.9786682,0.6023021,-0.2048392,0.7715394,
638524907753510942,244304,16889,0.1481628,-0.1511841,0.9773254,0.1548004,-0.1338501,0.9788208,0.6023021,-0.2048392,0.7715394,
638524907753590939,244312,16890,0.1442261,-0.1520233,0.9777832,0.1629639,-0.1462097,0.9757233,0.605171,-0.2001776,0.7705173,
638524907753690959,244322,16891,0.1376343,-0.1533661,0.9785309,0.1557465,-0.1398773,0.977829,0.6079232,-0.195601,0.7695256,
638524907753760947,244329,16891,0.1399078,-0.1542206,0.9780731,0.1477509,-0.1407928,0.9789429,0.6079232,-0.195601,0.7695256,
638524907753840949,244337,16892,0.1378784,-0.1521454,0.9786835,0.1502228,-0.1412964,0.9785004,0.6112447,-0.1910093,0.7680465,
638524907753930953,244346,16893,0.1373138,-0.1557465,0.9781952,0.1530304,-0.1502991,0.9767151,0.6145221,-0.1863946,0.7665635,
638524907754020943,244355,16894,0.1204681,-0.1513672,0.9810944,0.1418915,-0.1391754,0.9800415,0.6179473,-0.1820809,0.7648449,
638524907754090942,244362,16894,0.1174927,-0.1531067,0.9811859,0.1380463,-0.1430511,0.9800262,0.6179473,-0.1820809,0.7648449,
638524907754180941,244371,16895,0.1148071,-0.1595459,0.980484,0.1365051,-0.1453552,0.9799042,0.6211609,-0.178286,0.7631339,
638524907754260952,244379,16896,0.1193542,-0.1611633,0.9796753,0.1354065,-0.1505432,0.9792786,0.6239259,-0.1743391,0.761789,
638524907754340949,244387,16897,0.1130371,-0.161438,0.9803772,0.1393127,-0.1436462,0.9797668,0.6260246,-0.1711701,0.7607851,
638524907754440947,244397,16898,0.1113129,-0.1680145,0.9794769,0.1264954,-0.1434784,0.9815216,0.6277592,-0.1679482,0.7600735,
638524907754510937,244404,16898,0.09725952,-0.161438,0.9820709,0.1372223,-0.1387939,0.9807587,0.6277592,-0.1679482,0.7600735,
638524907754600937,244413,16899,0.1044617,-0.1668854,0.980423,0.1354218,-0.1360474,0.9813995,0.6287692,-0.1650343,0.759877,
638524907754690942,244422,16900,0.1004486,-0.169754,0.9803467,0.1335602,-0.1368256,0.9815369,0.6301258,-0.1626574,0.7592654,
638524907754760946,244429,16900,0.1038666,-0.1723328,0.979538,0.1333466,-0.1382904,0.981369,0.6301258,-0.1626574,0.7592654,
638524907754840945,244437,16901,0.1022339,-0.1703949,0.9800415,0.1175385,-0.1458282,0.9822998,0.6311094,-0.1598668,0.7590412,
638524907754930941,244446,16902,0.1006012,-0.170929,0.9801178,0.1258698,-0.1354523,0.9827423,0.6318708,-0.1569306,0.7590204,
638524907755010953,244454,16903,0.09378052,-0.1792297,0.9793243,0.1190643,-0.1357117,0.983551,0.63288,-0.1538905,0.7588021,
638524907755090941,244462,16903,0.09828186,-0.1772461,0.9792328,0.1112366,-0.1476898,0.9827423,0.63288,-0.1538905,0.7588021,
638524907755180943,244471,16904,0.0973053,-0.1755676,0.9796448,0.1148224,-0.1509705,0.981842,0.6340725,-0.1509873,0.7583897,
638524907755260952,244479,16905,0.09963989,-0.1728821,0.9798737,0.117157,-0.1584015,0.9803925,0.6350121,-0.1475534,0.7582794,
638524907755340952,244487,16906,0.1068573,-0.166626,0.9802094,0.1056976,-0.1633911,0.9808655,0.6356382,-0.1434063,0.7585505,
638524907755430949,244496,16907,0.1036987,-0.1669769,0.980484,0.1149902,-0.1577759,0.9807434,0.6359971,-0.1395005,0.7589778,
638524907755520936,244505,16907,0.1022339,-0.1664581,0.9807281,0.1094513,-0.1668091,0.9798889,0.6359971,-0.1395005,0.7589778,
638524907755590963,244512,16908,0.1021271,-0.1699066,0.9801483,0.1063385,-0.1456757,0.9835968,0.6354348,-0.1356458,0.7601466,
638524907755680954,244521,16909,0.1018066,-0.1733551,0.9795685,0.1083832,-0.1396332,0.9842377,0.6345667,-0.1316871,0.7615666,
638524907755760949,244529,16909,0.1008301,-0.170929,0.9801025,0.1104584,-0.1459045,0.9831085,0.6345667,-0.1316871,0.7615666,
638524907755840940,244537,16910,0.09890747,-0.186203,0.9775085,0.1147461,-0.1414795,0.9832611,0.6330557,-0.127641,0.7635105,
638524907755930940,244546,16911,0.09608459,-0.1759949,0.9796753,0.1107025,-0.1453094,0.9831696,0.631485,-0.1235532,0.7654811,
638524907756010951,244554,16912,0.09442139,-0.1753845,0.97995,0.1158905,-0.1525116,0.9814758,0.6300434,-0.1194293,0.7673213,
638524907756090946,244562,16912,0.09367371,-0.1751251,0.980072,0.116272,-0.1584167,0.9804993,0.6300434,-0.1194293,0.7673213,
638524907756180949,244571,16913,0.0947876,-0.1734772,0.9802551,0.1130981,-0.1596985,0.9806519,0.6283857,-0.1152957,0.7693104,
638524907756260937,244579,16914,0.08647156,-0.1806946,0.9797211,0.1103973,-0.1538849,0.9818878,0.6269167,-0.1117067,0.7710363,
638524907756350945,244588,16915,0.08717346,-0.1842194,0.9790039,0.1097717,-0.1614532,0.9807434,0.625604,-0.1080023,0.7726287,
638524907756440950,244597,16916,0.09468079,-0.1889343,0.9774017,0.1101837,-0.1611633,0.9807434,0.6246853,-0.1040845,0.7739087,
638524907756510941,244604,16916,0.09677124,-0.1758575,0.9796448,0.1155548,-0.1609039,0.9801788,0.6246853,-0.1040845,0.7739087,
638524907756590956,244612,16917,0.09991455,-0.1754303,0.9794006,0.1148834,-0.1638336,0.9797668,0.623571,-0.1000297,0.7753407,
638524907756680951,244621,16918,0.09977722,-0.1809235,0.9784088,0.1191254,-0.1620483,0.9795532,0.6228604,-0.09607184,0.7764117,
638524907756760951,244629,16919,0.1014709,-0.1783752,0.978714,0.1174622,-0.168045,0.9787445,0.6221714,-0.09216374,0.7774372,
638524907756850936,244638,16919,0.1015778,-0.1783752,0.9786987,0.1159515,-0.1653137,0.9793854,0.6221714,-0.09216374,0.7774372,
638524907756930958,244646,16920,0.1005859,-0.1750946,0.9793854,0.118103,-0.1669769,0.9788513,0.621803,-0.08824696,0.7781861,
638524907757020944,244655,16921,0.1011505,-0.1787872,0.9786682,0.1215363,-0.1724701,0.977478,0.62135,-0.08403803,0.7790133,
638524907757090957,244662,16921,0.105072,-0.1838226,0.9773254,0.1213989,-0.1769867,0.9766846,0.62135,-0.08403803,0.7790133,
638524907757180950,244671,16922,0.1009979,-0.1863098,0.9772797,0.1135712,-0.1835632,0.9764099,0.6206993,-0.07819734,0.7801394,
638524907757260937,244679,16923,0.09828186,-0.1838684,0.9780121,0.1104889,-0.1654053,0.980011,0.6200377,-0.07176866,0.7812826,
638524907757340955,244687,16924,0.09973145,-0.1802826,0.9785309,0.1166687,-0.1772461,0.9772186,0.6196228,-0.0651812,0.7821887,
638524907757430946,244696,16925,0.09396362,-0.1749725,0.980072,0.119873,-0.170166,0.9780884,0.618791,-0.05883479,0.7833494,
638524907757510939,244704,16925,0.0993042,-0.1782379,0.9789581,0.1309814,-0.1637726,0.9777527,0.618791,-0.05883479,0.7833494,
638524907757600952,244713,16926,0.09744263,-0.1841583,0.9780426,0.1235199,-0.1745148,0.9768677,0.6176186,-0.05297267,0.7846918,
638524907757680956,244721,16927,0.1029663,-0.1841736,0.977478,0.1277618,-0.1888275,0.9736481,0.6167644,-0.04768694,0.785702,
638524907757760947,244729,16928,0.1031189,-0.1768494,0.9788055,0.127243,-0.1886292,0.9737549,0.6155627,-0.04320087,0.786903,
638524907757840936,244737,16928,0.1065979,-0.1895294,0.976059,0.1251221,-0.1873169,0.9742889,0.6155627,-0.04320087,0.786903,
638524907757940945,244747,16929,0.1015167,-0.1962891,0.9752655,0.1292419,-0.1873779,0.9737396,0.6147282,-0.03967073,0.7877407,
638524907758010941,244754,16930,0.1066284,-0.1952362,0.9749298,0.1250305,-0.1849976,0.9747467,0.6138927,-0.03756566,0.7884951,
638524907758090943,244762,16930,0.09605408,-0.1879425,0.9774628,0.1255188,-0.1834869,0.9749603,0.6138927,-0.03756566,0.7884951,
638524907758180943,244771,16931,0.1108551,-0.1967621,0.9741516,0.1290894,-0.1850891,0.9741974,0.6129698,-0.03598225,0.7892866,
638524907758270949,244780,16932,0.1028748,-0.1937561,0.9756317,0.1200104,-0.1881409,0.9747772,0.6120861,-0.03314811,0.7900962,
638524907758350944,244788,16933,0.1096954,-0.1795654,0.9776001,0.1257477,-0.1929321,0.973114,0.6107689,-0.02949492,0.7912594,
638524907758430947,244796,16934,0.1135712,-0.1770782,0.9776154,0.1272125,-0.1969147,0.9721222,0.6096585,-0.02563431,0.7922496,
638524907758510937,244804,16934,0.1117401,-0.1699371,0.9790955,0.1338959,-0.1881866,0.9729462,0.6096585,-0.02563431,0.7922496,
638524907758600937,244813,16935,0.1147156,-0.1741333,0.9780121,0.1260834,-0.1875305,0.9741211,0.6080241,-0.02195068,0.793615,
638524907758680956,244821,16936,0.1094666,-0.166153,0.9799957,0.1274414,-0.1764679,0.9760132,0.6065254,-0.01856427,0.7948474,
638524907758770945,244830,16937,0.116333,-0.1689453,0.9787292,0.1311035,-0.1829071,0.9743347,0.605203,-0.01659378,0.7958983,
638524907758840940,244837,16937,0.1136017,-0.1768646,0.9776459,0.1294098,-0.1900635,0.9731903,0.605203,-0.01659378,0.7958983,
638524907758940938,244847,16938,0.1136322,-0.1723633,0.9784546,0.1330261,-0.1934357,0.9720459,0.6038737,-0.01545138,0.7969303,
638524907759010948,244854,16939,0.1112213,-0.182251,0.9769287,0.1423645,-0.1878357,0.971817,0.6031617,-0.01513034,0.7974754,
638524907759090944,244862,16939,0.1065521,-0.1823425,0.9774323,0.140976,-0.1870728,0.972168,0.6031617,-0.01513034,0.7974754,
638524907759190948,244872,16940,0.1126709,-0.1821594,0.9767914,0.130722,-0.1894836,0.9731293,0.6029424,-0.01496471,0.7976444,
638524907759260955,244879,16941,0.1174011,-0.1805115,0.976532,0.1290741,-0.1875305,0.9737244,0.6026014,-0.01384915,0.7979221,
638524907759340948,244887,16942,0.1177673,-0.1683502,0.978653,0.1320343,-0.1791992,0.9748993,0.6022832,-0.01198464,0.7981925,
638524907759440960,244897,16943,0.1118622,-0.1703796,0.9790039,0.1244965,-0.1682739,0.9778442,0.6019214,-0.009710928,0.7984962,
638524907759510937,244904,16943,0.112915,-0.1721802,0.9785614,0.131424,-0.158905,0.9785004,0.6019214,-0.009710928,0.7984962,
638524907759590941,244912,16944,0.1223907,-0.170166,0.9777832,0.1354523,-0.1638489,0.9771271,0.6017593,-0.006977553,0.798647,
638524907759670957,244920,16945,0.1170349,-0.1677246,0.9788513,0.1396484,-0.1677246,0.9758759,0.6018785,-0.004697604,0.7985739,
638524907759760947,244929,16946,0.1153259,-0.1673126,0.979126,0.1603088,-0.1751404,0.9713898,0.6026495,-0.0028664,0.7980009,
638524907759840954,244937,16946,0.1051941,-0.219162,0.969986,0.1911316,-0.2362823,0.9526825,0.6026495,-0.0028664,0.7980009,
638524907759910941,244944,16947,0,0,0,0.185257,-0.4880981,0.85289,0.6032769,-0.001373036,0.7975307,
638524907759990953,244952,16948,0,0,0,0,0,0,0.6032652,0.0006512143,0.7975404,
638524907760060936,244959,16948,0,0,0,0,0,0,0.6032652,0.0006512143,0.7975404,
638524907760140944,244967,16949,0,0,0,0,0,0,0.6028723,0.003412358,0.7978305,
638524907760230941,244976,16950,0,0,0,0,0,0,0.6021761,0.006487027,0.7983369,
638524907760320954,244985,16951,0,0,0,0,0,0,0.6008303,0.01004654,0.7993134,
638524907760400942,244993,16951,0,0,0,0,0,0,0.6008303,0.01004654,0.7993134,
638524907760490955,245002,16952,0,0,0,0,0,0,0.600077,0.01343734,0.7998294,
638524907760570955,245010,16953,0,0,0,0,0,0,0.5996604,0.01648245,0.8000849,
638524907760670946,245020,16954,0,0,0,0,0,0,0.5990875,0.01954287,0.800445,
638524907760740940,245027,16954,0,0,0,0,0,0,0.5990875,0.01954287,0.800445,
638524907760820958,245035,16955,0,0,0,0,0,0,0.5987665,0.023189,0.8005879,
638524907760900940,245043,16956,0,0,0,0,0,0,0.5984614,0.02696744,0.8006977,
638524907760980952,245051,16956,0,0,0,0,0,0,0.5984614,0.02696744,0.8006977,
638524907761060951,245059,16957,0,0,0,0,0,0,0.5975447,0.03079312,0.8012441,
638524907761140955,245067,16958,0,0,0,0,0,0,0.5966238,0.03478668,0.8017668,
638524907761240952,245077,16959,0,0,0,0,0,0,0.5956942,0.03873116,0.802277,
638524907761330947,245086,16960,0,0,0,0,0,0,0.5946437,0.04270026,0.8028547,
638524907761420934,245095,16960,0,0,0,0,0,0,0.5946437,0.04270026,0.8028547,
638524907761500937,245103,16961,0,0,0,0,0,0,0.5938163,0.04642776,0.80326,
638524907761580957,245111,16962,0,0,0,0,0,0,0.5939355,0.04923469,0.8030047,
638524907761670946,245120,16963,0,0,0,0,0,0,0.5942662,0.052224,0.8025711,
638524907761750945,245128,16963,0,0,0,0,0,0,0.5942662,0.052224,0.8025711,
638524907761840938,245137,16964,0.1120453,-0.1595001,0.9808044,0.1442719,-0.1837006,0.9723206,0.5950263,0.05552401,0.8017861,
638524907761930937,245146,16965,0.1256866,-0.1472778,0.9810638,0.151886,-0.1724548,0.9732208,0.5955808,0.05915416,0.8011144,
638524907762000952,245153,16966,0.1264801,-0.1493225,0.9806519,0.1460876,-0.1815796,0.9724579,0.5960328,0.06290121,0.8004926,
638524907762090938,245162,16966,0.1200409,-0.1490936,0.9815063,0.1508636,-0.1938324,0.9693604,0.5963898,0.06720865,0.7998763,
638524907762170938,245170,16967,0.1171112,-0.1517334,0.9814453,0.1406555,-0.1683044,0.975647,0.5963898,0.06720865,0.7998763,
638524907762260953,245179,16968,0.1239777,-0.1490479,0.9810181,0.1488495,-0.1611481,0.9756317,0.5967642,0.07174321,0.799203,
638524907762340959,245187,16969,0.1392212,-0.1593933,0.9773407,0.1449738,-0.1618958,0.9760895,0.5972256,0.07608538,0.7984564,
638524907762420958,245195,16969,0.11026,-0.1437531,0.9834442,0.1434021,-0.1612396,0.9764252,0.5972256,0.07608538,0.7984564,
638524907762510936,245204,16970,0.1100616,-0.1591949,0.9810791,0.1532745,-0.1687622,0.9736633,0.5978077,0.08053543,0.7975838,
638524907762600937,245213,16971,0.1131744,-0.1582642,0.9808807,0.1459045,-0.1704712,0.9744873,0.5983053,0.08500512,0.7967464,
638524907762670954,245220,16972,0.1151886,-0.1589966,0.9805298,0.1455078,-0.169632,0.9747009,0.5990027,0.08960009,0.7957183,
638524907762760947,245229,16973,0.1245117,-0.1672211,0.9780121,0.1447296,-0.1712494,0.9745331,0.599766,0.09442723,0.7945843,
638524907762840936,245237,16973,0.1174622,-0.1683197,0.9786987,0.1397552,-0.1631317,0.9766541,0.599766,0.09442723,0.7945843,
638524907762930943,245246,16974,0.1110535,-0.1654816,0.9799347,0.1300507,-0.1768951,0.9755859,0.6004812,0.09937935,0.7934394,
638524907763010956,245254,16975,0.1133881,-0.1572418,0.9810181,0.1329193,-0.18573,0.9735565,0.6011915,0.1046397,0.7922243,
638524907763100945,245263,16976,0.1149292,-0.1611633,0.9802094,0.1326294,-0.1788025,0.9748993,0.6020678,0.1101943,0.7908044,
638524907763180940,245271,16976,0.115448,-0.164917,0.9795227,0.1378326,-0.1830444,0.9733887,0.6020678,0.1101943,0.7908044,
638524907763260943,245279,16977,0.1130981,-0.1661835,0.9795837,0.1322021,-0.1749268,0.9756622,0.6029692,0.1157112,0.7893282,
638524907763340950,245287,16978,0.1107483,-0.16716,0.9796753,0.1288605,-0.1779175,0.9755554,0.6037785,0.1212872,0.7878711,
638524907763420943,245295,16978,0.1083221,-0.1670685,0.9799652,0.1291962,-0.1899719,0.9732361,0.6037785,0.1212872,0.7878711,
638524907763520942,245305,16979,0.105896,-0.1669769,0.9802399,0.1278687,-0.1890717,0.973587,0.6045598,0.1272272,0.7863337,
638524907763590962,245312,16980,0.1072693,-0.1681519,0.9799042,0.1286163,-0.1870422,0.9738922,0.6052944,0.1331516,0.7847862,
638524907763680969,245321,16981,0.1086578,-0.1694031,0.9795227,0.1303711,-0.1847382,0.9740906,0.6058969,0.1392507,0.7832612,
638524907763760949,245329,16982,0.1100769,-0.1694946,0.9793549,0.126358,-0.1907196,0.973465,0.6065888,0.145387,0.781609,
638524907763840937,245337,16982,0.1115265,-0.1695557,0.979187,0.1252289,-0.1888885,0.9739685,0.6065888,0.145387,0.781609,
638524907763930938,245346,16983,0.1118927,-0.1898956,0.9754028,0.1240387,-0.1883392,0.9742279,0.6072786,0.1514544,0.7799194,
638524907764020941,245355,16984,0.09942627,-0.1736603,0.9797668,0.1174011,-0.1932831,0.9740906,0.6080451,0.1590686,0.7778036,
638524907764100960,245363,16985,0.09910583,-0.1849518,0.9777222,0.1173706,-0.1992798,0.9728699,0.6081668,0.1679213,0.7758452,
638524907764180941,245371,16985,0.09759521,-0.1918945,0.9765472,0.1191406,-0.2055817,0.971344,0.6081668,0.1679213,0.7758452,
638524907764270936,245380,16986,0.1065521,-0.1934967,0.9752808,0.1220398,-0.2082214,0.9704285,0.6077172,0.1769028,0.7741998,
638524907764340956,245387,16987,0.108017,-0.1928101,0.9752655,0.1238556,-0.2111053,0.969574,0.6074243,0.1844338,0.7726707,
